298.633874 28.597365
297.777001 25.611424
296.919991 22.652703
296.062842 19.721202
295.205555 16.816921
294.348129 13.939861
293.490566 11.090020
292.632864 8.267399
291.775024 5.471998
290.917046 2.703818
290.058930 -0.037143
289.200675 -2.750883
288.342282 -5.437404
287.483752 -8.096704
286.625082 -10.728785
285.766275 -13.333645
284.907330 -15.911285
284.048246 -18.461705
283.189024 -20.984906
282.329664 -23.480886
281.470166 -25.949646
280.610530 -28.391186
279.750755 -30.805506
278.890842 -33.192605
278.030791 -35.552485
277.170602 -37.885145
276.310275 -40.190585
275.449809 -42.468804
274.589205 -44.719804
273.728463 -46.943584
272.867583 -49.140143
272.006565 -51.309482
271.145408 -53.451602
270.284113 -55.566501
269.422680 -57.654180
268.561109 -59.714640
267.699400 -61.747879
266.837552 -63.753898
265.975567 -65.732697
265.113443 -67.684276
264.251181 -69.608635
263.388781 -71.505774
262.526242 -73.375693
261.663565 -75.218391
260.800750 -77.033870
259.937797 -78.822129
259.074706 -80.583167
258.211477 -82.316986
257.348109 -84.023584
256.484603 -85.702963
255.620959 -87.355121
254.757177 -88.980060
253.893257 -90.577778
253.029198 -92.148276
252.165001 -93.691554
251.300666 -95.207613
250.436193 -96.696451
249.571582 -98.158069
248.706832 -99.592467
247.841944 -100.999644
246.976918 -102.379602
246.111754 -103.732340
245.246452 -105.057858
244.381011 -106.356156
243.515433 -107.627233
242.649716 -108.871091
241.783861 -110.087728
240.917867 -111.277146
240.051736 -112.439343
239.185466 -113.574321
238.319058 -114.682078
237.452512 -115.762615
236.585828 -116.815932
235.719006 -117.842029
234.852045 -118.840907
233.984946 -119.812564
233.117709 -120.757001
232.250334 -121.674217
231.382820 -122.564214
230.515169 -123.426991
229.647379 -124.262548
228.779451 -125.070885
227.911385 -125.852001
227.043180 -126.605898
226.174838 -127.332574
225.306357 -128.032031
224.437738 -128.704267
223.568981 -129.349284
222.700086 -129.967080
221.831052 -130.557656
220.961880 -131.121013
220.092570 -131.657149
219.223122 -132.166065
218.353536 -132.647761
217.483811 -133.102237
216.613949 -133.529493
215.743948 -133.929529
214.873809 -134.302345
214.003531 -134.647940
213.133116 -134.966316
212.262562 -135.257472
211.391870 -135.521407
210.521040 -135.758123
209.650072 -135.967618
208.778966 -136.149894
207.907721 -136.304949
207.036338 -136.432785
206.164817 -136.533400
205.293158 -136.606795
204.421361 -136.652970
203.549425 -136.671925
202.677351 -136.663661
201.805139 -136.628176
200.932789 -136.565470
200.060301 -136.475545
199.187674 -136.358400
198.314909 -136.214035
197.442007 -136.042450
196.568965 -135.843644
195.695786 -135.617619
194.822469 -135.364374
193.949013 -135.083908
193.075419 -134.776223
192.201687 -134.441317
191.327817 -134.079191
190.453919 -133.690700
189.582427 -133.294635
188.714337 -132.898683
187.849649 -132.502845
186.988362 -132.107121
186.130478 -131.711510
185.275995 -131.316014
184.424914 -130.920631
183.577235 -130.525361
182.732957 -130.130206
181.892081 -129.735164
181.054607 -129.340236
180.220535 -128.945422
179.389865 -128.550721
178.562596 -128.156135
177.738729 -127.761662
176.918264 -127.367302
176.101200 -126.973057
175.287539 -126.578925
174.477279 -126.184907
173.670421 -125.791003
172.866965 -125.397212
172.066910 -125.003535
171.270257 -124.609972
170.477006 -124.216523
169.687157 -123.823187
168.900710 -123.429965
168.117664 -123.036857
167.338020 -122.643862
166.561778 -122.250982
165.788938 -121.858215
165.019499 -121.465562
164.253462 -121.073022
163.490827 -120.680596
162.731594 -120.288284
161.975762 -119.896086
161.223333 -119.504002
160.474305 -119.112031
159.728678 -118.720174
158.986454 -118.328431
158.247631 -117.936801
157.512210 -117.545285
156.780191 -117.153883
156.051574 -116.762595
155.326358 -116.371420
154.604545 -115.980359
153.886133 -115.589412
153.171122 -115.198579
152.459514 -114.807859
151.751307 -114.417253
151.046502 -114.026761
150.345099 -113.636383
149.647098 -113.246118
148.952498 -112.855967
148.261300 -112.465930
147.573504 -112.076007
146.889110 -111.686197
146.208117 -111.296501
145.530526 -110.906919
144.856337 -110.517450
144.185550 -110.128095
143.518165 -109.738854
142.854181 -109.349727
142.193599 -108.960714
141.536419 -108.571814
140.882640 -108.183028
140.232264 -107.794355
139.585289 -107.405797
138.941716 -107.017352
138.301544 -106.629021
137.664775 -106.240803
137.031407 -105.852700
136.401441 -105.464710
135.774877 -105.076834
135.151714 -104.689071
134.531954 -104.301423
133.915595 -103.913888
133.302638 -103.526467
132.693082 -103.139159
132.086929 -102.751966
131.484177 -102.364886
130.884827 -101.977919
130.288878 -101.591067
129.696332 -101.204328
129.107187 -100.817703
128.521444 -100.431192
127.939103 -100.044794
127.360163 -99.658511
126.784626 -99.272341
126.212490 -98.886284
125.643756 -98.500342
125.078423 -98.114513
124.516493 -97.728798
123.957964 -97.343196
123.402837 -96.957709
122.851112 -96.572335
122.302788 -96.187075
121.757866 -95.801929
121.216346 -95.416896
120.678228 -95.031977
120.143512 -94.647172
119.612197 -94.262480
119.084284 -93.877903
118.559773 -93.493439
118.038664 -93.109089
117.520956 -92.724852
117.006650 -92.340729
116.495746 -91.956720
115.988244 -91.572825
115.484144 -91.189044
114.983445 -90.805376
114.486148 -90.421822
113.992253 -90.038382
113.501759 -89.655055
113.014668 -89.271842
112.530978 -88.888743
112.050690 -88.505758
111.573803 -88.122886
111.100319 -87.740128
110.630236 -87.357484
110.163555 -86.974954
109.700276 -86.592537
109.240398 -86.210234
108.783922 -85.828045
108.330849 -85.445970
107.880985 -85.063452
107.433183 -84.677156
106.987253 -84.286527
106.543193 -83.891562
106.101003 -83.492264
105.660685 -83.088632
105.222237 -82.680666
104.785659 -82.268365
104.350953 -81.851730
103.918117 -81.430762
103.487152 -81.005459
103.058057 -80.575822
102.630833 -80.141851
102.205480 -79.703545
101.781998 -79.260906
101.360386 -78.813932
100.940645 -78.362625
100.522775 -77.906983
100.106775 -77.447007
99.692646 -76.982697
99.280388 -76.514053
98.870000 -76.041075
98.461483 -75.563762
98.054837 -75.082116
97.650062 -74.596135
97.247157 -74.105820
96.846123 -73.611171
96.446959 -73.112188
96.049667 -72.608871
95.654245 -72.101220
95.260693 -71.589235
94.869013 -71.072915
94.479203 -70.552262
94.091264 -70.027274
93.705195 -69.497952
93.320997 -68.964296
92.938670 -68.426306
92.558214 -67.883982
92.179628 -67.337323
91.802913 -66.786331
91.428069 -66.231004
91.055095 -65.671343
90.683992 -65.107348
90.314760 -64.539019
89.947398 -63.966356
89.581907 -63.389359
89.218287 -62.808028
88.856538 -62.222362
88.496659 -61.632363
88.138651 -61.038029
87.782513 -60.439361
87.428247 -59.836359
87.075851 -59.229023
86.725325 -58.617353
86.376671 -58.001348
86.029887 -57.381010
85.684974 -56.756337
85.341931 -56.127331
85.000759 -55.493990
84.661458 -54.856315
84.324028 -54.214306
83.988468 -53.567963
83.654779 -52.917285
83.322961 -52.262274
82.993013 -51.602928
82.664936 -50.939248
82.338730 -50.271235
82.014394 -49.598887
81.691929 -48.922205
81.371335 -48.241188
81.052612 -47.555838
80.735759 -46.866154
80.420777 -46.172135
80.107666 -45.473782
79.796425 -44.771095
79.487055 -44.064075
79.179556 -43.352719
78.873927 -42.637030
78.570169 -41.917007
78.268282 -41.192649
77.968265 -40.463958
77.670120 -39.730932
77.373844 -38.993572
77.079440 -38.251878
76.786906 -37.505850
76.496243 -36.755488
76.207451 -36.000792
75.920529 -35.241761
75.635478 -34.478397
75.352298 -33.710698
75.070989 -32.938665
74.791550 -32.162299
74.513982 -31.381597
74.238284 -30.596562
73.964457 -29.807193
73.692501 -29.013490
73.422416 -28.215452
73.154201 -27.413080
72.887857 -26.606375
72.623384 -25.795335
72.360781 -24.979961
72.100049 -24.160252
71.841188 -23.336210
71.584198 -22.507834
71.329078 -21.675123
71.075829 -20.838079
70.824450 -19.996700
70.574943 -19.150987
70.327305 -18.300940
70.081539 -17.446559
69.837643 -16.587843
69.595619 -15.724794
69.355464 -14.857410
69.117181 -13.985693
68.880768 -13.109641
68.646226 -12.229255
68.413554 -11.344535
68.182753 -10.455481
67.953823 -9.562093
67.726764 -8.664370
67.501575 -7.762314
67.278257 -6.855923
67.056810 -5.945198
66.837233 -5.030140
66.619528 -4.110747
66.402404 -3.191405
66.182714 -2.282833
65.960313 -1.385519
65.735203 -0.499463
65.507383 0.375336
65.276853 1.238877
65.043612 2.091161
64.807662 2.932187
64.569002 3.761955
64.327632 4.580466
64.083552 5.387719
63.836762 6.183715
63.587262 6.968453
63.335052 7.741933
63.080132 8.504156
62.822502 9.255121
62.562162 9.994828
62.299113 10.723278
62.033353 11.440470
61.764883 12.146405
61.493703 12.841082
61.219814 13.524502
60.943214 14.196664
60.663904 14.857568
60.381885 15.507214
60.097155 16.145603
59.809716 16.772735
59.519566 17.388609
59.226707 17.993225
58.931137 18.586584
58.632858 19.168685
58.331869 19.739528
58.028169 20.299114
57.721760 20.847442
57.412641 21.384513
57.100811 21.910326
56.786272 22.424881
56.469023 22.928179
56.149064 23.420219
55.826395 23.901001
55.501016 24.370526
55.172927 24.828794
54.842128 25.275803
54.508619 25.711556
54.172400 26.136050
53.833471 26.549287
53.491832 26.951266
53.147483 27.341988
52.800424 27.721452
52.450656 28.089659
52.098177 28.446608
51.742988 28.792299
51.385090 29.126733
51.024481 29.449909
50.661162 29.761827
50.295134 30.062488
49.926395 30.351891
49.554947 30.630037
49.180788 30.896925
48.803920 31.152555
48.424341 31.396928
48.042053 31.630043
47.657055 31.851901
47.269346 32.062501
46.878928 32.261843
46.485800 32.449928
46.089961 32.626755
45.691413 32.792325
45.290155 32.946637
44.886187 33.089691
44.479509 33.221488
44.070121 33.342027
43.658023 33.451309
43.243215 33.549333
42.825697 33.636099
42.405469 33.711608
41.982531 33.775859
41.556883 33.828852
41.128525 33.870588
40.697457 33.901067
40.263680 33.920287
39.827192 33.928250
39.387994 33.924956
38.946087 33.910404
38.501469 33.884594
38.054141 33.847527
37.604104 33.799202
37.151356 33.739619
36.695899 33.668779
36.237731 33.586681
35.776854 33.493326
35.313266 33.388713
34.846969 33.272842
34.377962 33.145714
33.906244 33.007329
33.431817 32.857685
32.954680 32.696784
32.474833 32.524626
31.992275 32.341209
31.507008 32.146536
31.019031 31.940604
30.528344 31.723415
30.034947 31.494968
29.538840 31.255264
29.040023 31.004302
28.538496 30.742083
28.034259 30.468606
27.527312 30.183871
27.017655 29.887879
26.505289 29.580629
25.990212 29.262122
25.472425 28.932356
24.951928 28.591334
24.428722 28.239053
23.902805 27.875516
23.374178 27.500720
22.842842 27.114667
22.308795 26.717356
21.772039 26.308788
21.232572 25.888962
20.690396 25.457878
20.145509 25.015537
19.597913 24.561938
19.047607 24.097082
18.494590 23.620968
