282.984185 -99.598951
282.444455 -95.818055
281.907307 -92.075059
281.372742 -88.369966
280.840760 -84.702773
280.311361 -81.073482
279.784545 -77.482092
279.260311 -73.928604
278.738660 -70.413017
278.219592 -66.935332
277.703107 -63.495547
277.189205 -60.093665
276.677886 -56.729683
276.169149 -53.403603
275.662996 -50.115424
275.159425 -46.865147
274.658437 -43.652771
274.160032 -40.478296
273.664209 -37.341723
273.170970 -34.243051
272.680313 -31.182281
272.192239 -28.159411
271.706748 -25.174444
271.223840 -22.227377
270.743514 -19.318212
270.265772 -16.446948
269.790612 -13.613586
269.318035 -10.818125
268.848041 -8.060565
268.380629 -5.340907
267.915801 -2.659150
267.453555 -0.015295
266.993893 2.590659
266.536813 5.158712
266.082316 7.688864
265.630401 10.181114
265.181070 12.635462
264.734321 15.051910
264.290155 17.430456
263.848572 19.771100
263.409572 22.073843
262.973155 24.338685
262.539320 26.565626
262.108069 28.754665
261.679400 30.905803
261.253314 33.019039
260.829811 35.094374
260.408890 37.131808
259.990553 39.131340
259.574798 41.092971
259.161626 43.016700
258.751037 44.902529
258.343031 46.750455
257.937607 48.560481
257.534767 50.332605
257.134509 52.066828
256.736834 53.763149
256.341742 55.421569
255.949233 57.042088
255.559306 58.624705
255.171963 60.169421
254.787202 61.676235
254.405024 63.145149
254.025429 64.576160
253.648417 65.969271
253.273987 67.324480
252.902141 68.641788
252.532877 69.921194
252.166196 71.162699
251.802098 72.366302
251.440583 73.532005
251.081650 74.659806
250.725300 75.749705
250.371534 76.801703
250.020350 77.815800
249.671748 78.791995
249.325730 79.730289
248.982295 80.630682
248.641442 81.493173
248.303172 82.317763
247.967485 83.104452
247.634381 83.853239
247.303860 84.564125
246.975921 85.237109
246.650565 85.872192
246.327792 86.469374
246.007602 87.028655
245.689995 87.550034
245.374971 88.033511
245.062529 88.479087
244.752670 88.886762
244.445395 89.256536
244.140702 89.588408
243.838591 89.882379
243.539064 90.138448
243.242119 90.356616
242.947758 90.536883
242.655979 90.679248
242.366782 90.783712
242.080169 90.850275
241.796139 90.878936
241.514691 90.869696
241.235826 90.822555
240.959544 90.737512
240.685845 90.614568
240.414729 90.453722
240.146195 90.254975
239.880245 90.018327
239.616877 89.743777
239.356092 89.431326
239.097890 89.080973
238.842271 88.692720
238.589234 88.266565
238.338780 87.802508
238.090910 87.300550
237.845622 86.760691
237.602916 86.182930
237.362794 85.567268
237.125254 84.913705
236.890298 84.222240
236.657924 83.492874
236.428133 82.725607
236.200925 81.920438
235.976299 81.077368
235.754257 80.196396
235.534611 79.278961
235.313279 78.356693
235.088589 77.442532
234.860541 76.536477
234.629135 75.638530
234.394371 74.748690
234.156250 73.866956
233.914771 72.993330
233.669934 72.127810
233.421739 71.270397
233.170186 70.421091
232.915276 69.579892
232.657007 68.746800
232.395381 67.921815
232.130397 67.104937
231.862055 66.296165
231.590356 65.495501
231.315299 64.702943
231.036883 63.918493
230.755110 63.142149
230.469980 62.373912
230.181491 61.613782
229.889645 60.861759
229.594440 60.117843
229.295878 59.382034
228.993958 58.654332
228.688681 57.934737
228.380045 57.223248
228.068052 56.519867
227.752701 55.824592
227.433992 55.137424
227.111925 54.458364
226.786501 53.787410
226.457718 53.124563
226.125578 52.469823
225.790080 51.823189
225.451225 51.184663
225.109011 50.554244
224.763440 49.931931
224.414510 49.317726
224.062223 48.711627
223.706579 48.113636
223.347576 47.523751
222.985215 46.941973
222.619497 46.368302
222.250421 45.802738
221.877987 45.245281
221.502196 44.695931
221.123046 44.154687
220.740539 43.621551
220.354674 43.096521
219.965451 42.579599
219.572870 42.070783
219.176931 41.570074
218.777635 41.077472
218.374981 40.592977
217.968969 40.116589
217.559599 39.648308
217.146871 39.188134
216.730786 38.736067
216.311343 38.292106
215.888542 37.856253
215.462383 37.428506
215.032866 37.008866
214.599992 36.597334
214.163759 36.193908
213.724169 35.798589
213.281221 35.411377
212.834916 35.032272
212.385252 34.661273
211.932231 34.298382
211.475851 33.943598
211.016114 33.596920
210.553020 33.258350
210.086567 32.927886
209.616757 32.605529
209.143588 32.291279
208.667062 31.985136
208.187179 31.687100
207.703937 31.397171
207.217337 31.115349
206.727380 30.841633
206.234065 30.576025
205.737392 30.318524
205.237361 30.069129
204.733973 29.827841
204.227227 29.594661
203.717122 29.369587
203.203660 29.152620
202.686841 28.943760
202.166663 28.743007
201.643128 28.550360
201.116235 28.365821
200.585984 28.189389
200.052375 28.021063
199.515408 27.860845
198.975084 27.708733
198.431401 27.564728
197.884361 27.428830
197.333963 27.301039
196.780208 27.181355
196.223094 27.069778
195.662623 26.966308
195.098794 26.870945
194.531607 26.783688
193.961062 26.704539
193.387160 26.633496
192.809899 26.570560
192.229281 26.515732
191.645305 26.469010
191.057971 26.430395
190.467280 26.399887
189.873230 26.377486
189.275823 26.363191
188.675058 26.357004
188.070935 26.358924
187.463454 26.368950
186.852616 26.387084
186.238420 26.413324
185.620865 26.447671
184.999954 26.490125
184.375684 26.540686
183.748056 26.599354
183.117071 26.666129
182.482728 26.741011
181.845483 26.822101
181.208076 26.898006
180.570963 26.966827
179.934144 27.028565
179.297619 27.083219
178.661388 27.130789
178.025451 27.171276
177.389808 27.204679
176.754459 27.230998
176.119404 27.250234
175.484643 27.262386
174.850176 27.267454
174.216003 27.265438
173.582124 27.256339
172.948539 27.240156
172.315248 27.216890
171.682251 27.186540
171.049548 27.149106
170.417139 27.104588
169.785023 27.052987
169.153202 26.994302
168.521675 26.928534
167.890442 26.855681
167.259503 26.775745
166.628858 26.688726
165.998507 26.594623
165.368449 26.493436
164.738686 26.385165
164.109217 26.269811
163.480042 26.147373
162.851161 26.017851
162.222574 25.881246
161.594280 25.737556
160.966281 25.586784
160.338576 25.428927
159.711165 25.263987
159.084048 25.091963
158.457224 24.912856
157.830695 24.726665
157.204460 24.533390
156.578519 24.333032
155.952871 24.125589
155.327518 23.911064
154.702459 23.689454
154.077693 23.460761
153.453222 23.224984
152.829045 22.982123
152.205162 22.732179
151.581572 22.475151
150.958277 22.211040
150.335276 21.939844
149.712568 21.661565
149.090155 21.376203
148.468036 21.083756
147.846210 20.784226
147.224679 20.477613
146.603441 20.163915
145.982498 19.843134
145.361849 19.515270
144.741493 19.180321
144.121432 18.838289
143.501665 18.489173
142.882191 18.132974
142.263012 17.769691
141.644126 17.399324
141.025535 17.021874
140.407237 16.637339
139.789234 16.245722
139.171525 15.847020
138.554109 15.441235
137.936988 15.028366
137.320160 14.608413
136.703627 14.181377
136.087387 13.747257
135.471442 13.306054
134.855790 12.857766
134.240433 12.402396
133.625369 11.939941
133.010600 11.470403
132.396124 10.993781
131.781943 10.510075
131.168055 10.019286
130.554461 9.521413
129.941162 9.016456
129.328156 8.504415
128.715445 7.985291
128.103027 7.459084
127.490904 6.925792
126.879074 6.385417
126.267538 5.837958
125.656297 5.283416
125.045349 4.721790
124.434696 4.153080
123.824336 3.577286
123.214270 2.994409
122.604499 2.404448
121.995021 1.807404
121.385837 1.203276
120.776948 0.592064
120.168352 -0.026232
119.560050 -0.651611
118.952043 -1.284074
118.344329 -1.923621
117.736909 -2.570251
117.129784 -3.223965
116.522952 -3.884763
115.916414 -4.552644
115.310170 -5.227609
114.704221 -5.909658
114.098565 -6.598790
113.493203 -7.295006
112.888135 -7.998306
112.283362 -8.708689
111.678882 -9.426156
111.074696 -10.150707
110.470804 -10.882342
109.867207 -11.621060
109.263903 -12.366862
108.660893 -13.119747
108.058177 -13.879716
107.455755 -14.646769
106.853627 -15.420906
106.251794 -16.202126
105.650254 -16.990430
105.049008 -17.785817
104.447964 -18.581874
103.846898 -19.362922
103.245799 -20.128248
102.644667 -20.877851
102.043502 -21.611732
101.442305 -22.329891
100.841075 -23.032328
100.239812 -23.719043
99.638516 -24.390035
99.037188 -25.045306
98.435826 -25.684854
97.834432 -26.308680
97.233005 -26.916784
96.631546 -27.509166
96.030053 -28.085826
95.428528 -28.646763
94.826970 -29.191978
94.225380 -29.721472
93.623756 -30.235243
93.022100 -30.733292
92.420411 -31.215618
91.818689 -31.682223
91.216935 -32.133105
90.615147 -32.568266
90.013327 -32.987704
89.411474 -33.391420
88.809589 -33.779414
88.207670 -34.151685
87.605719 -34.508235
87.003735 -34.849062
86.401719 -35.174167
85.799669 -35.483550
85.197587 -35.777211
84.595472 -36.055150
83.993324 -36.317367
83.391143 -36.563861
82.788930 -36.794634
82.186684 -37.009684
81.584405 -37.209012
80.982093 -37.392618
80.379749 -37.560501
79.777372 -37.712663
79.174962 -37.849102
78.572519 -37.969819
77.970043 -38.074815
77.367535 -38.164088
76.764994 -38.237638
76.162420 -38.295467
75.559813 -38.337573
74.957174 -38.363958
74.354502 -38.374620
73.751797 -38.369560
73.149059 -38.348778
72.546289 -38.312274
71.943485 -38.260047
71.340649 -38.192099
70.737780 -38.108428
70.134879 -38.009035
69.531944 -37.893920
68.928977 -37.763083
68.325977 -37.616523
67.722945 -37.454242
67.119879 -37.276238
66.516781 -37.082513
65.913650 -36.873065
65.310486 -36.647894
64.707290 -36.407002
64.104060 -36.150388
63.500798 -35.878051
62.897504 -35.589993
62.294176 -35.286212
61.690815 -34.966709
61.087422 -34.631483
60.483996 -34.280536
59.880538 -33.913867
59.277046 -33.531475
58.673522 -33.133361
58.069965 -32.719525
57.466375 -32.289967
56.862752 -31.844687
56.259097 -31.383685
55.655409 -30.906960
55.051688 -30.414513
54.447934 -29.906345
53.844148 -29.382454
53.240329 -28.842841
52.636477 -28.287505
52.032592 -27.716448
51.428674 -27.129668
50.824724 -26.527166
50.220741 -25.908943
49.616725 -25.274996
49.012676 -24.625328
48.408595 -23.959938
47.804481 -23.278825
47.200334 -22.581991
46.596154 -21.869434
45.991942 -21.141155
45.387696 -20.397154
44.783418 -19.637431
44.179107 -18.861985
43.574764 -18.070818
42.970388 -17.263928
42.365978 -16.441316
41.761536 -15.602982
41.157062 -14.748926
40.552554 -13.879147
39.948014 -12.993647
39.343441 -12.092424
38.738835 -11.175479
38.134197 -10.242812
37.529526 -9.294423
36.924821 -8.330312
36.320085 -7.350479
35.715315 -6.354923
35.110513 -5.343645
34.505677 -4.316646
33.900809 -3.273924
33.295909 -2.215479
32.690975 -1.141313
32.086009 -0.051425
31.481010 1.054186
30.875978 2.175519
30.270913 3.312574
29.665816 4.465351
