297.343847 39.832611
295.309823 42.234585
293.290295 44.599042
291.285262 46.925982
289.294724 49.215406
287.318681 51.467312
285.357133 53.681702
283.410080 55.858574
281.477522 57.997930
279.559460 60.099769
277.655892 62.164091
275.766820 64.190897
273.892242 66.180185
272.032160 68.131956
270.186573 70.046211
268.355481 71.922949
266.538884 73.762170
264.736782 75.563874
262.949175 77.328061
261.176064 79.054732
259.417447 80.743885
257.673325 82.395522
255.943699 84.009642
254.228568 85.586245
252.527931 87.125331
250.841790 88.626900
249.170144 90.090953
247.512993 91.517488
245.870337 92.906507
244.242177 94.258009
242.628511 95.571994
241.029340 96.848462
239.444665 98.087413
237.874485 99.288848
236.318799 100.452765
234.777609 101.579166
233.250914 102.668050
231.738714 103.719417
230.241009 104.733267
228.757799 105.709600
227.289084 106.648417
225.834865 107.549716
224.395140 108.413499
222.969911 109.239765
221.559176 110.028514
220.162937 110.779746
218.781193 111.493461
217.413944 112.169660
216.061190 112.808341
214.722931 113.409506
213.399167 113.973154
212.089898 114.499285
210.795125 114.987899
209.514846 115.438996
208.249063 115.852577
206.997774 116.228640
205.760981 116.567187
204.538683 116.868217
203.330880 117.131730
202.137572 117.357726
200.958759 117.546205
199.794441 117.697168
198.644618 117.810613
197.509291 117.886542
196.388458 117.924954
195.282121 117.925849
194.190278 117.889227
193.112931 117.815088
192.050079 117.703433
191.001722 117.554260
189.967860 117.367571
188.948493 117.143365
187.943621 116.881642
186.953244 116.582402
185.977363 116.245645
185.015976 115.871372
184.069085 115.459581
183.136688 115.010274
182.218787 114.523450
181.315381 113.999109
180.426470 113.437251
179.552054 112.837876
178.692133 112.200985
177.846707 111.526576
177.015777 110.814651
176.199341 110.065209
175.397401 109.278250
174.609955 108.453774
173.837005 107.591781
173.078550 106.692272
172.334589 105.755245
171.605124 104.780702
170.890154 103.768642
170.189680 102.719065
169.503700 101.631971
168.832215 100.507360
168.175226 99.345233
167.532731 98.145589
166.904732 96.908427
166.291227 95.633749
165.692218 94.321554
165.107704 92.971842
164.537685 91.584614
163.982161 90.159868
163.441132 88.697606
162.914599 87.197826
162.402560 85.660530
161.905016 84.085717
161.421968 82.473387
160.953414 80.823541
160.499356 79.136177
160.059793 77.411297
159.634725 75.648899
159.224152 73.848985
158.828074 72.011554
158.446491 70.136607
158.079403 68.224142
157.726811 66.274160
157.388713 64.286662
157.065111 62.261647
156.756003 60.199114
156.461391 58.099066
156.181274 55.961500
155.915652 53.786417
155.664525 51.573817
155.427430 49.325423
155.194171 47.079111
154.960578 44.850379
154.726652 42.639225
154.492391 40.445649
154.257796 38.269653
154.022868 36.111236
153.787605 33.970397
153.552008 31.847137
153.316078 29.741456
153.079813 27.653353
152.843214 25.582830
152.606282 23.529885
152.369015 21.494519
152.131415 19.476732
151.893480 17.476523
151.655211 15.493894
151.416609 13.528843
151.177672 11.581371
150.938401 9.651478
150.698797 7.739163
150.458858 5.844428
150.218585 3.967271
149.977979 2.107693
149.737038 0.265694
149.495763 -1.558727
149.254155 -3.365568
149.012212 -5.154831
148.769935 -6.926515
148.527325 -8.680620
148.284380 -10.417147
148.041101 -12.136094
147.797489 -13.837463
147.553542 -15.521253
147.309261 -17.187465
147.064647 -18.836097
146.819698 -20.467151
146.574415 -22.080626
146.328798 -23.676522
146.082848 -25.254839
145.836563 -26.815578
145.589944 -28.358737
145.342992 -29.884318
145.095705 -31.392320
144.848084 -32.882744
144.600130 -34.355588
144.351841 -35.810854
144.103218 -37.248541
143.854262 -38.668649
143.604971 -40.071178
143.355346 -41.456129
143.105387 -42.823500
142.855095 -44.173293
142.604468 -45.505508
142.353507 -46.820143
142.102213 -48.117199
141.850584 -49.396677
141.598621 -50.658576
141.346324 -51.902896
141.093694 -53.129638
140.840729 -54.338800
140.587430 -55.530384
140.333798 -56.704389
140.079831 -57.860815
139.825530 -58.999663
139.570895 -60.120931
139.315927 -61.224621
139.060624 -62.310732
138.804987 -63.379264
138.549016 -64.430218
138.292712 -65.463592
138.036073 -66.479388
137.779100 -67.477605
137.521793 -68.458243
137.264153 -69.421303
137.006178 -70.366783
136.747869 -71.294685
136.489226 -72.205008
136.230250 -73.097753
135.970939 -73.972918
135.711294 -74.830505
135.451315 -75.670513
135.191003 -76.492942
134.930356 -77.297792
134.669375 -78.085063
134.408060 -78.854756
134.146412 -79.606870
133.884429 -80.341405
133.622112 -81.058361
133.359461 -81.757739
133.096477 -82.439538
132.833158 -83.103758
132.569505 -83.750399
132.305518 -84.379461
132.041198 -84.990945
131.776543 -85.584849
131.511554 -86.161175
131.246231 -86.719922
130.980574 -87.261091
130.714584 -87.784680
130.448259 -88.290691
130.181600 -88.779123
129.914607 -89.249976
129.647281 -89.703250
129.379620 -90.138946
129.111625 -90.557063
128.843296 -90.957601
128.574633 -91.340560
128.305637 -91.705940
128.036306 -92.053742
127.766641 -92.383965
127.496642 -92.696609
127.226309 -92.991674
126.955643 -93.269160
126.684642 -93.529068
126.413307 -93.771397
126.141638 -93.996147
125.869635 -94.203318
125.597299 -94.392910
125.324628 -94.564924
125.051623 -94.719359
124.778284 -94.856215
124.504611 -94.975492
124.230604 -95.077191
123.956264 -95.161310
123.681553 -95.229772
123.406253 -95.294104
123.130330 -95.356225
122.853782 -95.416137
122.576609 -95.473839
122.298812 -95.529332
122.020391 -95.582615
121.741345 -95.633688
121.461675 -95.682552
121.181381 -95.729206
120.900462 -95.773650
120.618918 -95.815884
120.336751 -95.855909
120.053959 -95.893725
119.770542 -95.929330
119.486501 -95.962726
119.201836 -95.993913
118.916546 -96.022890
118.630632 -96.049657
118.344093 -96.074214
118.056930 -96.096562
117.769143 -96.116700
117.480731 -96.134628
117.191695 -96.150347
116.902034 -96.163856
116.611749 -96.175156
116.320839 -96.184245
116.029306 -96.191125
115.737147 -96.195796
115.444365 -96.198257
115.150957 -96.198508
114.856926 -96.196550
114.562270 -96.192381
114.266990 -96.186004
113.971085 -96.177416
113.674556 -96.166619
113.377402 -96.153612
113.079624 -96.138396
112.781222 -96.120970
112.482195 -96.101334
112.182544 -96.079489
111.882268 -96.055434
111.581368 -96.029169
111.279844 -96.000695
110.977695 -95.970011
110.674922 -95.937117
110.371524 -95.902014
110.067502 -95.864701
109.762855 -95.825178
109.457584 -95.783446
109.151689 -95.739504
108.845169 -95.693352
108.538025 -95.644991
108.230257 -95.594420
107.921864 -95.541639
107.612847 -95.486649
107.303205 -95.429449
106.992939 -95.370040
106.682048 -95.308421
106.370533 -95.244592
106.058394 -95.178553
105.745630 -95.110305
105.432242 -95.039847
105.118229 -94.967180
104.803592 -94.892303
104.488330 -94.815216
104.172445 -94.735919
103.855934 -94.654413
103.538800 -94.570697
103.221041 -94.484772
102.902657 -94.396637
102.583649 -94.306292
102.264017 -94.213738
101.943760 -94.118974
101.622879 -94.022000
101.301373 -93.922817
100.979243 -93.821424
100.656489 -93.717821
100.333110 -93.612009
100.009107 -93.503987
99.684480 -93.393755
99.359228 -93.281314
99.033351 -93.166663
98.706850 -93.049802
98.379725 -92.930732
98.051975 -92.809452
97.723601 -92.685963
97.394603 -92.560263
97.064980 -92.432355
96.734733 -92.302236
96.403861 -92.169908
96.072365 -92.035370
95.740244 -91.898622
95.407500 -91.759665
95.074130 -91.618499
94.740137 -91.475122
94.405518 -91.329536
94.070276 -91.181740
93.734409 -91.031735
93.397917 -90.879520
93.060802 -90.725095
92.723061 -90.568460
92.384697 -90.409616
92.045708 -90.248563
91.706094 -90.085299
91.365857 -89.919826
91.024994 -89.752144
90.683508 -89.582251
90.341397 -89.410149
89.998661 -89.235838
89.655301 -89.059316
89.311317 -88.880585
88.966708 -88.699645
88.621475 -88.516494
88.275618 -88.331134
87.929136 -88.143565
87.582029 -87.953786
87.234299 -87.761797
86.885943 -87.567598
86.536964 -87.371190
86.187360 -87.172572
85.837131 -86.971744
85.486279 -86.768707
85.134801 -86.563460
84.782700 -86.356004
84.429267 -86.143873
84.072777 -85.921041
83.713151 -85.687234
83.350389 -85.442452
82.984490 -85.186696
82.615456 -84.919966
82.243285 -84.642260
81.867978 -84.353580
81.489535 -84.053926
81.107956 -83.743296
80.723241 -83.421692
80.335390 -83.089114
79.944402 -82.745560
79.550279 -82.391032
79.153019 -82.025530
78.752623 -81.649052
78.349091 -81.261600
77.942423 -80.863174
77.532619 -80.453772
77.119679 -80.033397
76.703602 -79.602046
76.284390 -79.159721
75.862041 -78.706421
75.436556 -78.242146
75.007935 -77.766897
74.576178 -77.280673
74.141285 -76.783474
73.703256 -76.275301
73.262090 -75.756153
72.817789 -75.226031
72.370351 -74.684934
71.919777 -74.132862
71.466068 -73.569815
71.009222 -72.995794
70.549239 -72.410798
70.086121 -71.814828
69.619867 -71.207883
69.150476 -70.589963
68.677950 -69.961068
68.202287 -69.321199
67.723488 -68.670355
67.241553 -68.008537
66.756482 -67.335744
66.268274 -66.651976
65.776931 -65.957233
65.282452 -65.251516
64.784836 -64.534825
64.284084 -63.807158
63.780196 -63.068517
63.273172 -62.318901
62.763012 -61.558311
62.249716 -60.786746
61.733284 -60.004206
61.213715 -59.210692
60.691010 -58.406203
60.165170 -57.590739
59.636193 -56.764301
59.104080 -55.926888
58.568831 -55.078500
58.030445 -54.219138
57.488924 -53.348801
56.944267 -52.467489
56.396473 -51.575203
55.845543 -50.671942
55.291477 -49.757706
54.734275 -48.832496
54.173937 -47.896311
53.610463 -46.949151
53.043853 -45.991017
52.474106 -45.021908
51.901224 -44.041824
51.325205 -43.050766
50.746050 -42.048733
50.163759 -41.035725
49.578332 -40.011743
48.989769 -38.976786
48.398069 -37.930855
47.803234 -36.873949
47.205262 -35.806068
46.604155 -34.727212
45.999911 -33.637382
45.392531 -32.536577
44.782015 -31.424798
44.168363 -30.302043
43.551574 -29.168315
42.931650 -28.023611
42.308589 -26.867933
41.682393 -25.701280
41.053060 -24.523653
40.420591 -23.335050
39.784986 -22.135474
39.146245 -20.924922
38.504367 -19.703396
37.859354 -18.470895
37.211204 -17.227420
36.559919 -15.972970
35.905497 -14.707545
35.247939 -13.431146
34.587245 -12.143771
33.923415 -10.845423
33.256448 -9.536099
32.586346 -8.215801
31.913107 -6.884529
31.236733 -5.542281
30.557222 -4.189059
29.874575 -2.824862
29.188792 -1.449691
28.499873 -0.063545
27.807817 1.333576
27.112626 2.741671
26.414298 4.160741
25.712835 5.590786
25.008235 7.031805
24.300499 8.483799
23.589627 9.946768
22.875619 11.420711
22.158475 12.905629
21.438194 14.401521
20.714778 15.908389
19.988225 17.426231
19.258536 18.955047
18.525711 20.494839
17.789750 22.045604
17.050653 23.607345
16.308420 25.180060
