285.397747 -92.456077
285.016774 -88.655099
284.634153 -84.886910
284.249882 -81.151510
283.863962 -77.448901
283.476392 -73.779081
283.087174 -70.142051
282.696305 -66.537810
282.303788 -62.966359
281.909621 -59.427697
281.513805 -55.921826
281.116340 -52.448744
280.717225 -49.008451
280.316461 -45.600948
279.914047 -42.226235
279.509984 -38.884311
279.104272 -35.575177
278.696911 -32.298833
278.287900 -29.055278
277.877240 -25.844513
277.464931 -22.666538
277.050972 -19.521352
276.635364 -16.408956
276.218107 -13.329349
275.799200 -10.282532
275.378644 -7.268505
274.956439 -4.287268
274.532584 -1.338820
274.107080 1.576839
273.679927 4.459708
273.251124 7.309787
272.820672 10.127076
272.388571 12.911576
271.954821 15.663286
271.519421 18.382207
271.082371 21.068337
270.643673 23.721679
270.203325 26.342230
269.761328 28.929992
269.317681 31.484965
268.872385 34.007148
268.425440 36.496541
267.976846 38.953144
267.526602 41.376958
267.074709 43.767982
266.621166 46.126217
266.165975 48.451662
265.709133 50.744317
265.250643 53.004183
264.790503 55.231259
264.328714 57.425545
263.865276 59.587042
263.400188 61.715749
262.933451 63.811666
262.465065 65.874794
261.995029 67.905132
261.523344 69.902681
261.050009 71.867440
260.575026 73.799409
260.098393 75.698589
259.620110 77.564979
259.140179 79.398579
258.658598 81.199390
258.175368 82.967411
257.690488 84.702643
257.203959 86.405085
256.715781 88.074737
256.225953 89.711599
255.734476 91.315672
255.241350 92.886956
254.746574 94.425449
254.250149 95.931153
253.752075 97.404068
253.252352 98.844193
252.750979 100.251528
252.247957 101.626073
251.743285 102.967829
251.236964 104.276796
250.728994 105.552972
250.219375 106.796359
249.708106 108.006956
249.195188 109.184764
248.680620 110.329782
248.164404 111.442011
247.646537 112.521449
247.127022 113.568099
246.605857 114.581958
246.083043 115.563028
245.558580 116.511308
245.032467 117.426799
244.504705 118.309500
243.975294 119.159411
243.444233 119.976533
242.911523 120.760865
242.377164 121.512408
241.841155 122.231160
241.303497 122.917124
240.764190 123.570297
240.223233 124.190681
239.680627 124.778275
239.136372 125.333080
238.590467 125.855095
238.042913 126.344320
237.493710 126.800756
236.942857 127.224402
236.390355 127.615259
235.836204 127.973326
235.280404 128.298603
234.722954 128.591090
234.163855 128.850788
233.603106 129.077697
233.040708 129.271815
232.476661 129.433144
231.910965 129.561684
231.343619 129.657434
230.774624 129.720394
230.203979 129.750564
229.631685 129.747945
229.057742 129.712536
228.482150 129.644338
227.904908 129.543350
227.326017 129.409572
226.745477 129.243005
226.163287 129.043648
225.579448 128.811501
224.993937 128.547655
224.406265 128.276089
223.816231 128.006613
223.223835 127.739228
222.629078 127.473932
222.031958 127.210727
221.432477 126.949612
220.830634 126.690587
220.226429 126.433652
219.619863 126.178808
219.010934 125.926054
218.399644 125.675389
217.785992 125.426816
217.169978 125.180332
216.551602 124.935938
215.930865 124.693635
215.307765 124.453422
214.682304 124.215299
214.054481 123.979266
213.424296 123.745323
212.791750 123.513471
212.156841 123.283709
211.519571 123.056037
210.879939 122.830455
210.237945 122.606963
209.593589 122.385561
208.946872 122.166250
208.297792 121.949029
207.646351 121.733898
206.992548 121.520857
206.336383 121.309907
205.677857 121.101046
205.016968 120.894276
204.353718 120.689596
203.688106 120.487006
203.020132 120.286507
202.349796 120.088097
201.677099 119.891778
201.002039 119.697549
200.324618 119.505410
199.644835 119.315361
198.962690 119.127403
198.278183 118.941535
197.591315 118.757757
196.902085 118.576069
196.210493 118.396471
195.516539 118.218963
194.820223 118.043546
194.121545 117.870219
193.420506 117.698982
192.717105 117.529835
192.011342 117.362778
191.303217 117.197812
190.592730 117.034936
189.879882 116.874149
189.164671 116.715454
188.447099 116.558848
187.727165 116.404332
187.004869 116.251907
186.280212 116.101572
185.553192 115.953327
184.823811 115.807172
184.092068 115.663108
183.357963 115.521133
182.621496 115.381249
181.882668 115.243455
181.141478 115.107751
180.397926 114.974137
179.652012 114.842614
178.903736 114.713181
178.153098 114.585838
177.400099 114.460585
176.644737 114.337422
175.887014 114.216350
175.126930 114.097367
174.364483 113.980475
173.599674 113.865673
172.832504 113.752961
172.062972 113.642340
171.291078 113.533808
170.516822 113.427367
169.740204 113.323016
168.961225 113.220755
168.179884 113.120585
167.396181 113.022504
166.610116 112.926514
165.821689 112.832614
165.030901 112.740804
164.237750 112.651084
163.442238 112.563455
162.644364 112.477915
161.844128 112.394466
161.041531 112.313107
160.236571 112.233838
159.429250 112.156660
158.619567 112.081571
157.807522 112.008573
156.993115 111.937665
156.176347 111.868847
155.357216 111.802120
154.535724 111.737482
153.711870 111.674935
152.885654 111.614478
152.057077 111.556111
151.226137 111.499834
150.392836 111.445648
149.557173 111.393551
148.719148 111.343545
147.878761 111.295629
147.036013 111.249803
146.190902 111.206068
145.343430 111.164422
144.493596 111.124867
143.641400 111.087402
142.786843 111.052027
141.929923 111.018743
141.070642 110.987548
140.208999 110.958444
139.344994 110.931430
138.478627 110.906506
137.609898 110.883672
136.738808 110.862929
135.865356 110.844275
134.989542 110.827712
134.111366 110.813239
133.231725 110.799152
132.356001 110.775224
131.485090 110.739751
130.618992 110.692734
129.757707 110.634171
128.901235 110.564063
128.049577 110.482411
127.202732 110.389213
126.360701 110.284471
125.523482 110.168183
124.691077 110.040351
123.863485 109.900973
123.040706 109.750051
122.222741 109.587583
121.409588 109.413571
120.601249 109.228013
119.797724 109.030911
118.999011 108.822264
118.205112 108.602071
117.416026 108.370334
116.631753 108.127052
115.852293 107.872225
115.077647 107.605853
114.307814 107.327935
113.542794 107.038473
112.782587 106.737466
112.027194 106.424914
111.276614 106.100817
110.530847 105.765175
109.789893 105.417988
109.053753 105.059256
108.322426 104.688979
107.595912 104.307157
106.874211 103.913790
106.157324 103.508879
105.445250 103.092422
104.737989 102.664420
104.035541 102.224873
103.337907 101.773782
102.645085 101.311145
101.957077 100.836963
101.273883 100.351237
100.595501 99.853965
99.921933 99.345148
99.253178 98.824787
98.589236 98.292880
97.930108 97.749429
97.275792 97.194432
96.626290 96.627891
95.981601 96.049804
95.341726 95.460173
94.706664 94.858997
94.076415 94.246275
93.450979 93.622009
92.830356 92.986198
92.214547 92.338841
91.603551 91.679940
90.997368 91.009494
90.395998 90.327503
89.799442 89.633967
89.207699 88.928886
88.620769 88.212259
88.038652 87.484088
87.461349 86.744372
86.888859 85.993111
86.321182 85.230305
85.758318 84.455954
85.200268 83.670059
84.647030 82.872618
84.098607 82.063632
83.554996 81.243101
83.016198 80.411025
82.482214 79.567404
81.953043 78.712239
81.428685 77.845528
80.909141 76.967272
80.394410 76.077472
79.884492 75.176126
79.379387 74.263235
78.879095 73.338800
78.383617 72.402819
77.892952 71.455294
77.407100 70.496223
76.926062 69.525608
76.449836 68.543447
75.978424 67.549742
75.511826 66.544491
75.050040 65.527696
74.593068 64.499356
74.140909 63.459470
73.693563 62.408040
73.251030 61.345065
72.813311 60.270545
72.380405 59.184479
71.952312 58.086869
71.529032 56.977714
71.110566 55.857014
70.696912 54.724769
70.288073 53.580979
69.884046 52.425644
69.484832 51.258764
69.090432 50.080339
68.700845 48.890369
68.316072 47.688854
67.936111 46.475794
67.560964 45.251189
67.190630 44.015040
66.825109 42.767345
66.464402 41.508105
66.108507 40.237320
65.757426 38.954990
65.411159 37.661116
65.069704 36.355696
64.733063 35.038731
64.401235 33.710222
64.074220 32.370167
63.752018 31.018568
63.434630 29.655423
63.122055 28.280734
62.814293 26.894499
62.511345 25.496720
62.213209 24.087395
61.919887 22.666526
61.631378 21.234112
61.347683 19.790152
61.067110 18.344635
60.785530 16.921974
60.502755 15.523278
60.218784 14.148547
59.933618 12.797782
59.647257 11.470981
59.359700 10.168147
59.070948 8.889277
58.781001 7.634373
58.489858 6.403434
58.197520 5.196460
57.903986 4.013452
57.609257 2.854409
57.313333 1.719331
57.016213 0.608219
56.717898 -0.478928
56.418388 -1.542110
56.117682 -2.581326
55.815780 -3.596577
55.512684 -4.587863
55.208392 -5.555184
54.902905 -6.498539
54.596222 -7.417929
54.288344 -8.313353
53.979271 -9.184812
53.669002 -10.032306
53.357538 -10.855835
53.044878 -11.655398
52.731023 -12.430996
52.415973 -13.182629
52.099727 -13.910296
51.782286 -14.613998
51.463650 -15.293735
51.143818 -15.949506
50.822791 -16.581313
50.500569 -17.189153
50.177151 -17.773029
49.852538 -18.332939
49.526729 -18.868884
49.199725 -19.380863
48.871526 -19.868878
48.542131 -20.332927
48.211541 -20.773010
47.879756 -21.189128
47.546775 -21.581281
47.212599 -21.949469
46.877227 -22.293692
46.540660 -22.613949
46.202898 -22.910240
45.863940 -23.182567
45.523787 -23.430928
45.182439 -23.655324
44.839895 -23.855754
44.496156 -24.032219
44.151221 -24.184719
43.805092 -24.313254
43.457766 -24.417823
43.109246 -24.498427
42.759530 -24.555066
42.408618 -24.587739
42.056512 -24.596447
41.703210 -24.581190
41.348712 -24.541967
40.993019 -24.478779
40.636131 -24.391626
40.278047 -24.280507
39.918769 -24.145423
39.558294 -23.986374
39.196625 -23.803360
38.833760 -23.596380
38.469699 -23.365435
38.104443 -23.110524
37.737992 -22.831648
37.370346 -22.528807
37.001504 -22.202001
36.631466 -21.851229
36.260234 -21.476492
35.887806 -21.077790
35.514182 -20.655122
35.139364 -20.208489
34.763350 -19.737891
34.386140 -19.243328
34.007735 -18.724799
33.628135 -18.182304
33.247339 -17.615845
32.865348 -17.025420
32.482162 -16.411030
32.097780 -15.772675
31.712203 -15.110354
31.325431 -14.424068
30.937463 -13.713816
30.548300 -12.979600
30.157941 -12.221418
29.766387 -11.439270
29.373638 -10.633158
28.979693 -9.803080
28.584553 -8.949037
28.188218 -8.071028
27.790687 -7.169054
27.391961 -6.243115
26.992040 -5.293211
26.590923 -4.319341
26.188610 -3.321506
25.785103 -2.299705
25.380400 -1.253939
24.974501 -0.184208
24.567408 0.909488
24.159119 2.027150
23.749634 3.168777
23.338954 4.334369
22.927079 5.523927
22.514009 6.737450
22.099743 7.974938
21.684281 9.236391
21.267625 10.521810
20.849773 11.831194
20.430725 13.164544
20.010482 14.521859
19.589044 15.903139
19.166411 17.308384
18.742582 18.737595
18.317557 20.190771
17.891338 21.667912
17.463923 23.169019
17.035312 24.694091
