298.746265 27.398345
296.241227 30.594606
293.761141 33.755950
291.306008 36.882379
288.875826 39.973891
286.470597 43.030487
284.090320 46.052166
281.734995 49.038930
279.404622 51.990777
277.099202 54.907709
274.818733 57.789724
272.563217 60.636823
270.332653 63.449005
268.127041 66.226272
265.946381 68.968622
263.790673 71.676056
261.659918 74.348574
259.554115 76.986176
257.473263 79.588861
255.417364 82.156631
253.386418 84.689484
251.380423 87.187421
249.399380 89.650442
247.443290 92.078547
245.512152 94.471735
243.605966 96.830007
241.724732 99.153363
239.868450 101.441803
238.037121 103.695327
236.230743 105.913935
234.449318 108.097626
232.692845 110.246401
230.961324 112.360260
229.254755 114.439203
227.573139 116.483230
225.916474 118.492340
224.284762 120.466534
222.678002 122.405812
221.096194 124.310174
219.539338 126.179620
218.007435 128.014149
216.500483 129.813763
215.018484 131.578460
213.561437 133.308241
212.129342 135.003106
210.722199 136.663054
209.340008 138.288087
207.982770 139.878203
206.650483 141.433403
205.343149 142.953687
204.060767 144.439054
202.803337 145.889506
201.570860 147.305041
200.363334 148.685660
199.180761 150.031363
198.023140 151.342150
196.890471 152.618021
195.782754 153.858975
194.699989 155.065013
193.642176 156.236135
192.609316 157.372341
191.601408 158.473631
190.618452 159.540004
189.660448 160.571461
188.727396 161.568002
187.819296 162.529627
186.936149 163.456336
186.077954 164.348129
185.244711 165.205005
184.436420 166.026965
183.653081 166.814009
182.894694 167.566137
182.161260 168.283349
181.452778 168.965644
180.769247 169.613023
180.110669 170.225486
179.477044 170.803033
178.868370 171.345664
178.284648 171.853378
177.725879 172.326177
177.192062 172.764059
176.683197 173.167025
176.199284 173.535075
175.740323 173.868208
175.306315 174.166426
174.897258 174.429727
174.513154 174.658112
174.154002 174.851581
173.819802 175.010133
173.510554 175.133770
173.226259 175.222490
172.966915 175.276294
172.732524 175.295182
172.523085 175.279154
172.338598 175.228209
172.179063 175.142349
172.044481 175.021572
171.934850 174.865879
171.850172 174.675270
171.790446 174.449744
171.755672 174.189303
171.745850 173.893945
171.760981 173.563671
171.801063 173.198481
171.866098 172.798375
171.956085 172.363352
172.071024 171.893414
172.210915 171.388559
172.375758 170.848788
172.565553 170.274101
172.780301 169.664497
173.020001 169.019978
173.284653 168.340542
173.574257 167.626190
173.888813 166.876922
174.228322 166.092737
174.592782 165.273637
174.982195 164.419620
175.396560 163.530687
175.835877 162.606838
176.300146 161.648073
176.789368 160.654392
177.303541 159.625794
177.842667 158.562280
178.406745 157.463850
178.994682 156.331640
179.582426 155.190649
180.160137 154.051102
180.727816 152.913001
181.285463 151.776344
181.833077 150.641132
182.370659 149.507365
182.898209 148.375043
183.415727 147.244165
183.923212 146.114733
184.420664 144.986745
184.908084 143.860203
185.385472 142.735105
185.852828 141.611452
186.310151 140.489245
186.757442 139.368482
187.194701 138.249163
187.621927 137.131290
188.039121 136.014862
188.446282 134.899879
188.843411 133.786340
189.230508 132.674246
189.607572 131.563598
189.974604 130.454394
190.331604 129.346635
190.678571 128.240321
191.015506 127.135452
191.342409 126.032028
191.659279 124.930048
191.966117 123.829514
192.262923 122.730424
192.549696 121.632780
192.826437 120.536580
193.093145 119.441825
193.349821 118.348515
193.596465 117.256650
193.833077 116.166230
194.059656 115.077255
194.276203 113.989724
194.482717 112.903639
194.679199 111.818998
194.865649 110.735803
195.042066 109.654052
195.208451 108.573746
195.364804 107.494885
195.511124 106.417469
195.647412 105.341498
195.773667 104.266971
195.889890 103.193890
195.996081 102.122253
196.092240 101.052062
196.178366 99.983315
196.254460 98.916013
196.320521 97.850156
196.376550 96.785744
196.422547 95.722777
196.458511 94.661255
196.484443 93.601178
196.500343 92.542545
196.506210 91.485358
196.502045 90.429615
196.487848 89.375317
196.463618 88.322465
196.429356 87.271057
196.385062 86.221094
196.330735 85.172575
196.266376 84.125502
196.191984 83.079874
196.107560 82.035690
196.013104 80.992952
195.908615 79.951658
195.794094 78.911809
195.669541 77.873405
195.534955 76.836446
195.390337 75.800932
195.235687 74.766863
195.071004 73.734239
194.896289 72.703059
194.711542 71.673325
194.516762 70.645035
194.311950 69.618191
194.097106 68.592791
193.872229 67.568836
193.637320 66.546326
193.392378 65.525261
193.137404 64.505640
192.872398 63.487465
192.597359 62.470735
192.312288 61.455449
192.017185 60.441608
191.712049 59.429213
191.396881 58.418262
191.071681 57.408756
190.736448 56.400695
190.391183 55.394079
190.035886 54.388907
189.670556 53.385181
189.295194 52.382900
188.909799 51.382063
188.514372 50.382671
188.108913 49.384725
187.693422 48.388223
187.267898 47.393166
186.832342 46.399554
186.386753 45.407386
185.931132 44.416664
185.465479 43.427387
184.989793 42.439554
184.504075 41.453167
184.008325 40.468224
183.502542 39.484726
182.986727 38.502673
182.460879 37.522065
181.924999 36.542902
181.379087 35.565184
180.823143 34.588910
180.257166 33.614082
179.681157 32.640698
179.095115 31.668760
178.499041 30.698266
177.892935 29.729217
177.276796 28.761613
176.650625 27.795454
176.014422 26.830740
175.368186 25.867471
174.713210 24.906982
174.057244 23.957291
173.401580 23.019732
172.746217 22.094307
172.091157 21.181014
171.436398 20.279854
170.781942 19.390827
170.127787 18.513933
169.473934 17.649172
168.820384 16.796543
168.167135 15.956048
167.514188 15.127685
166.861543 14.311456
166.209199 13.507359
165.557158 12.715395
164.905419 11.935564
164.253981 11.167866
163.602846 10.412301
162.952012 9.668869
162.301480 8.937569
161.651250 8.218403
161.001322 7.511369
160.351696 6.816468
159.702372 6.133701
159.053350 5.463066
158.404630 4.804564
157.756211 4.158195
157.108095 3.523958
156.460280 2.901855
155.812768 2.291885
155.165557 1.694047
154.518648 1.108342
153.872041 0.534771
153.225736 -0.026668
152.579733 -0.575974
151.934032 -1.113147
151.288633 -1.638187
150.643536 -2.151095
149.998740 -2.651869
149.354247 -3.140511
148.710055 -3.617019
148.066165 -4.081395
147.422577 -4.533638
146.779292 -4.973748
146.136308 -5.401725
145.493625 -5.817569
144.851245 -6.221280
144.209167 -6.612858
143.567391 -6.992304
142.925916 -7.359616
142.284744 -7.714796
141.643873 -8.057843
141.003305 -8.388757
140.363038 -8.707538
139.723073 -9.014186
139.083410 -9.308701
138.444049 -9.591083
137.804990 -9.861333
137.166232 -10.119449
136.527777 -10.365433
135.889624 -10.599284
135.251772 -10.821001
134.614223 -11.030586
133.976975 -11.228038
133.340029 -11.413357
132.703385 -11.586544
132.067043 -11.747597
131.431003 -11.896518
130.795265 -12.033305
130.159829 -12.157960
129.524695 -12.270482
128.889862 -12.370870
128.255332 -12.459126
127.621103 -12.535250
126.987177 -12.599240
126.353552 -12.651097
125.720229 -12.690821
125.087208 -12.718413
124.454489 -12.733872
123.822072 -12.737197
123.189957 -12.728390
122.558144 -12.707450
121.926632 -12.674377
121.295423 -12.629171
120.664515 -12.571833
120.033910 -12.502361
119.403606 -12.420756
118.773604 -12.327019
118.143904 -12.221149
117.514506 -12.103145
116.885410 -11.973009
116.256616 -11.830740
115.628124 -11.676338
114.999933 -11.509804
114.372045 -11.331136
113.744458 -11.140335
113.117174 -10.937402
112.490191 -10.722335
111.863510 -10.495136
111.237131 -10.255804
110.611054 -10.004339
109.985279 -9.740741
109.359806 -9.465010
108.734635 -9.177146
108.109765 -8.877150
107.485198 -8.565020
106.860932 -8.240758
106.236969 -7.904363
105.613307 -7.555834
104.989947 -7.195173
104.366889 -6.822379
103.744133 -6.437452
103.121679 -6.040393
102.499527 -5.631200
101.877677 -5.209874
101.256129 -4.776416
100.634882 -4.330825
100.013938 -3.873100
99.393295 -3.403243
98.772955 -2.921253
98.152916 -2.427130
97.533179 -1.920874
96.913744 -1.402486
96.294611 -0.871964
95.675780 -0.329310
95.057422 0.219011
94.439959 0.757187
93.823408 1.284502
93.207769 1.800955
92.593044 2.306547
91.979231 2.801276
91.366331 3.285143
90.754344 3.758149
90.143269 4.220292
89.533108 4.671574
88.923858 5.111994
88.315522 5.541552
87.708099 5.960248
87.101588 6.368082
86.495990 6.765054
85.891305 7.151165
85.287532 7.526413
84.684672 7.890800
84.082725 8.244325
83.481691 8.586988
82.881569 8.918789
82.282361 9.239728
81.684065 9.549805
81.086681 9.849020
80.490211 10.137374
79.894653 10.414865
79.300008 10.681495
78.706276 10.937263
78.113456 11.182168
77.521549 11.416212
76.930555 11.639395
76.340474 11.851715
75.751305 12.053173
75.163050 12.243770
74.575706 12.423504
73.989276 12.592377
73.403759 12.750388
72.819154 12.897536
72.235462 13.033823
71.652682 13.159249
71.070816 13.273812
70.489862 13.377513
69.909821 13.470353
69.330693 13.552330
68.752477 13.623446
68.175174 13.683700
67.598784 13.733092
67.023307 13.771622
66.448742 13.799290
65.875090 13.816096
65.302351 13.822040
64.730525 13.817123
64.159611 13.801343
63.589610 13.774702
63.020522 13.737199
62.452347 13.688834
61.885084 13.629607
61.318735 13.559518
60.753297 13.478567
60.188773 13.386755
59.625161 13.284080
59.062463 13.170544
58.500677 13.046146
57.939803 12.910885
57.379843 12.764763
56.820795 12.607779
56.262660 12.439934
55.705437 12.261226
55.149128 12.071656
54.593731 11.871225
54.039247 11.659931
53.485675 11.437776
52.933017 11.204759
52.381271 10.960880
51.830438 10.706139
51.280517 10.440536
50.731510 10.164072
50.183415 9.876745
49.636233 9.578557
49.089963 9.269506
48.544607 8.949594
48.000163 8.618820
47.456631 8.277184
46.914013 7.924686
46.372307 7.561326
45.831515 7.187104
45.291634 6.802021
44.752667 6.406075
44.214612 5.999268
43.677470 5.581599
43.141241 5.153068
42.605925 4.713675
42.071521 4.263420
41.538030 3.802303
41.005452 3.330324
40.473787 2.847484
39.943034 2.353782
39.413194 1.849217
38.884267 1.333791
38.356253 0.807503
37.829151 0.270353
37.302962 -0.277659
36.777686 -0.836533
36.253322 -1.406268
35.729872 -1.986866
35.207334 -2.578325
34.685709 -3.180647
34.164996 -3.793830
33.645196 -4.417875
33.126310 -5.052782
32.608335 -5.698551
32.091274 -6.355181
31.575125 -7.022674
31.059889 -7.701028
30.545566 -8.390245
30.032156 -9.090323
29.519658 -9.801263
29.008073 -10.523065
28.497401 -11.255729
27.987641 -11.999255
27.478795 -12.753643
26.970861 -13.518892
26.463839 -14.295004
25.957731 -15.081977
25.452535 -15.879813
