253.718347 -160.084355
253.520942 -157.491154
253.321485 -154.917490
253.119975 -152.363364
252.916412 -149.828775
252.710796 -147.313723
252.503127 -144.818208
252.293405 -142.342230
252.081630 -139.885790
251.867802 -137.448887
251.651921 -135.031521
251.433988 -132.633692
251.214001 -130.255400
250.991962 -127.896646
250.767870 -125.557429
250.541724 -123.237749
250.313526 -120.937606
250.083275 -118.657000
249.850971 -116.395932
249.616614 -114.154401
249.380204 -111.932407
249.141741 -109.729950
248.901226 -107.547031
248.658657 -105.383648
248.414035 -103.239803
248.167361 -101.115495
247.918634 -99.010724
247.667853 -96.925491
247.415020 -94.859794
247.160134 -92.813635
246.903195 -90.787013
246.644203 -88.779928
246.383158 -86.792381
246.120060 -84.824370
245.854909 -82.875897
245.587705 -80.946961
245.318449 -79.037562
245.047139 -77.147701
244.773777 -75.277377
244.498361 -73.426589
244.220893 -71.595339
243.941372 -69.783627
243.659798 -67.991451
243.376171 -66.218813
243.090491 -64.465712
242.802758 -62.732148
242.512972 -61.018121
242.221133 -59.323631
241.927241 -57.648679
241.631297 -55.993264
241.333299 -54.357386
241.033249 -52.741045
240.731145 -51.144241
240.426989 -49.566975
240.120780 -48.009246
239.812518 -46.471054
239.502203 -44.952399
239.189835 -43.453282
238.875414 -41.973701
238.558940 -40.513658
238.240413 -39.073152
237.919834 -37.652183
237.597201 -36.250752
237.272515 -34.868858
236.945777 -33.506500
236.616986 -32.163680
236.286141 -30.840398
235.953244 -29.536652
235.618294 -28.252444
235.281291 -26.987773
234.942235 -25.742639
234.601126 -24.517042
234.257964 -23.310982
233.912750 -22.124460
233.565482 -20.957475
233.216161 -19.810027
232.864788 -18.682116
232.511361 -17.573743
232.155882 -16.484906
231.798350 -15.415607
231.438765 -14.365845
231.077127 -13.335621
230.713436 -12.324933
230.347692 -11.333783
229.979895 -10.362170
229.610045 -9.410094
229.238142 -8.477555
228.864187 -7.564553
228.488178 -6.671089
228.110116 -5.797162
227.730002 -4.942772
227.347835 -4.107919
226.963614 -3.292604
226.577341 -2.496826
226.189015 -1.720584
225.798636 -0.963880
225.406204 -0.226714
225.011719 0.490916
224.615182 1.189008
224.216591 1.867563
223.815947 2.526581
223.413251 3.166062
223.008501 3.786005
222.601699 4.386412
222.192844 4.967281
221.781935 5.528613
221.368974 6.070407
220.953960 6.592665
220.536893 7.095385
220.117773 7.578568
219.696600 8.042214
219.273375 8.486323
218.848096 8.910894
218.420764 9.315929
217.991380 9.701426
217.559942 10.067386
217.126452 10.413808
216.690909 10.740694
216.253312 11.048042
215.813663 11.335853
215.371961 11.604127
214.928206 11.852864
214.482398 12.082063
214.034537 12.291726
213.584624 12.481851
213.132717 12.653055
212.680142 12.818894
212.227441 12.984914
211.774613 13.151114
211.321658 13.317495
210.868576 13.484057
210.415368 13.650800
209.962033 13.817723
209.508572 13.984827
209.054984 14.152112
208.601269 14.319577
208.147427 14.487223
207.693459 14.655050
207.239365 14.823057
206.785143 14.991245
206.330795 15.159614
205.876320 15.328163
205.421719 15.496894
204.966991 15.665804
204.512136 15.834896
204.057155 16.004168
203.602047 16.173621
203.146812 16.343255
202.691451 16.513069
202.235963 16.683064
201.780349 16.853240
201.324607 17.023596
200.868739 17.194133
200.412745 17.364851
199.956624 17.535749
199.500376 17.706828
199.044001 17.878088
198.587500 18.049529
198.130872 18.221150
197.674118 18.392952
197.217237 18.564934
196.760229 18.737098
196.303094 18.909442
195.845833 19.081966
195.388446 19.254671
194.930931 19.427558
194.473290 19.600624
194.015522 19.773872
193.557628 19.947300
193.099607 20.120908
192.641459 20.294698
192.183185 20.468668
191.724784 20.642819
191.266256 20.817151
190.807602 20.991663
190.348821 21.166356
189.889914 21.341229
189.430879 21.516284
188.971718 21.691519
188.512431 21.866934
188.053017 22.042531
187.593476 22.218308
187.133808 22.394265
186.674014 22.570404
186.214093 22.746723
185.754046 22.923223
185.293871 23.099903
184.833571 23.276765
184.373143 23.453806
183.912589 23.631029
183.451908 23.808432
182.991101 23.986016
182.530167 24.163781
182.069106 24.341726
181.607919 24.519852
181.146605 24.698159
180.685164 24.876646
180.223597 25.055315
179.761903 25.234163
179.300082 25.413193
178.838135 25.592403
178.376061 25.771794
177.913860 25.951365
177.451533 26.131118
176.989079 26.311051
176.526498 26.491164
176.063791 26.671458
175.600957 26.851933
175.137997 27.032589
174.674910 27.213426
174.211696 27.394443
173.748355 27.575640
173.284888 27.757019
172.821294 27.938578
172.357574 28.120318
171.893727 28.302238
171.429753 28.484340
170.965653 28.666621
170.501425 28.849084
170.037072 29.031727
169.572591 29.214551
169.107984 29.397556
168.643251 29.580741
168.178390 29.764107
167.713403 29.947654
167.248290 30.131381
166.783049 30.315290
166.317682 30.499378
165.852189 30.683648
165.386568 30.868098
164.920822 31.052729
164.454948 31.237541
163.988948 31.422533
163.522821 31.607706
163.056567 31.793059
162.590187 31.978594
162.123680 32.164309
161.657047 32.350204
161.190287 32.536281
160.723400 32.722538
160.256386 32.908976
159.789246 33.095594
159.321979 33.282393
158.854586 33.469373
158.387066 33.656534
157.919419 33.843875
157.451646 34.031397
156.983746 34.219099
156.515719 34.406983
156.047566 34.595047
155.579337 34.782756
155.111338 34.966895
154.643622 35.146930
154.176187 35.322860
153.709033 35.494684
153.242162 35.662404
152.775571 35.826019
152.309263 35.985528
151.843236 36.140933
151.377491 36.292233
150.912028 36.439427
150.446846 36.582517
149.981946 36.721502
149.517328 36.856381
149.052991 36.987156
148.588936 37.113825
148.125162 37.236390
147.661671 37.354850
147.198460 37.469204
146.735532 37.579454
146.272885 37.685599
145.810520 37.787638
145.348437 37.885573
144.886635 37.979403
144.425115 38.069127
143.963876 38.154747
143.502919 38.236262
143.042244 38.313671
142.581850 38.386976
142.121739 38.456176
141.661908 38.521270
141.202360 38.582260
140.743093 38.639144
140.284108 38.691924
139.825404 38.740599
139.366982 38.785168
138.908842 38.825633
138.450983 38.861993
137.993407 38.894247
137.536111 38.922397
137.079098 38.946441
136.622366 38.966381
136.165915 38.982216
135.709747 38.993945
135.253860 39.001570
134.798255 39.005090
134.342931 39.004504
133.887889 38.999814
133.433129 38.991018
132.978650 38.978118
132.524453 38.961113
132.070538 38.940002
131.616904 38.914787
131.163552 38.885467
130.710482 38.852041
130.257693 38.814511
129.805186 38.772875
129.352961 38.727135
128.901017 38.677290
128.449355 38.623339
127.997974 38.565284
127.546876 38.503123
127.096059 38.436858
126.645523 38.366488
126.195269 38.292012
125.745297 38.213432
125.295607 38.130746
124.846198 38.043956
124.397071 37.953061
123.948226 37.858060
123.499662 37.758955
123.051380 37.655744
122.603379 37.548429
122.155660 37.437008
121.708223 37.321483
121.261068 37.201853
120.814194 37.078117
120.367602 36.950277
119.921291 36.818331
119.475262 36.682281
119.029515 36.542126
118.584050 36.397865
118.138866 36.249500
117.693963 36.097029
117.249343 35.940454
116.805004 35.779773
116.360947 35.614988
115.917171 35.446098
115.473677 35.273102
115.030465 35.096002
114.587535 34.914796
114.144886 34.729486
113.702518 34.540070
113.260433 34.346550
112.818629 34.148925
112.377106 33.947194
111.935866 33.741359
111.494907 33.531418
111.054230 33.317373
110.613834 33.099222
110.173720 32.876967
109.733888 32.650606
109.294337 32.420141
108.855068 32.185571
108.416081 31.946895
107.977375 31.704115
107.538951 31.457229
107.100809 31.206239
106.662948 30.951143
106.225369 30.691943
105.788071 30.428637
105.351056 30.161227
104.914322 29.889712
104.477869 29.614091
104.041699 29.334366
103.605809 29.050535
103.170202 28.762600
102.734876 28.470559
102.299832 28.174414
101.865070 27.874163
101.430589 27.569808
100.996390 27.261347
100.562472 26.948782
100.128837 26.632111
99.695482 26.311336
99.261667 25.987664
98.825575 25.664051
98.387124 25.340631
97.946313 25.017404
97.503142 24.694370
97.057613 24.371528
96.609724 24.048880
96.159475 23.726424
95.706868 23.404162
95.251901 23.082092
94.794574 22.760216
94.334888 22.438532
93.872843 22.117041
93.408438 21.795743
92.941675 21.474638
92.472551 21.153726
92.001068 20.833007
91.527226 20.512481
91.051025 20.192148
90.572464 19.872008
90.091544 19.552060
89.608264 19.232306
89.122625 18.912744
88.634627 18.593376
88.144269 18.274200
87.651552 17.955217
87.156476 17.636428
86.659040 17.317831
86.159245 16.999427
85.657090 16.681216
85.152576 16.363198
84.645703 16.045373
84.136470 15.727741
83.624878 15.410301
83.110926 15.093055
82.594616 14.776002
82.075945 14.459141
81.554916 14.142474
81.031527 13.825999
80.505779 13.509718
79.977671 13.193629
79.447204 12.877733
78.914377 12.562030
78.379191 12.246520
77.841646 11.931203
77.301742 11.616079
76.759478 11.301148
76.214854 10.986410
75.667872 10.671865
75.118530 10.357512
74.566828 10.043353
74.012767 9.729387
73.456347 9.415613
72.897568 9.102032
72.336429 8.788645
71.772930 8.475450
71.207073 8.162448
70.638856 7.849639
70.068279 7.537023
69.495343 7.224600
68.920048 6.912370
68.342394 6.600333
67.762380 6.288489
67.180006 5.976838
66.595274 5.665379
66.008182 5.354114
65.418730 5.043041
64.826919 4.732162
64.232749 4.421475
63.636220 4.110982
63.037331 3.800681
62.436082 3.490573
61.832475 3.180658
61.226508 2.870936
60.618181 2.561407
60.007495 2.252071
59.394450 1.942928
58.779046 1.633978
58.161282 1.325220
57.541158 1.016656
56.918676 0.708285
56.293834 0.400106
55.666632 0.092120
55.037071 -0.215672
54.405151 -0.523272
53.770872 -0.830679
53.134233 -1.137893
52.495235 -1.444913
51.853877 -1.751741
51.210160 -2.058377
50.564083 -2.364819
49.915648 -2.671068
49.264852 -2.977124
48.611698 -3.282987
47.956184 -3.588658
47.298311 -3.894135
46.638078 -4.199420
45.975486 -4.504511
45.310535 -4.809410
44.643224 -5.114116
43.973554 -5.418629
43.301524 -5.722948
42.627135 -6.027075
41.950387 -6.331009
41.271279 -6.634750
40.589812 -6.938299
39.905986 -7.241654
39.219800 -7.544816
38.531255 -7.847785
37.840350 -8.150562
37.147086 -8.453145
36.451463 -8.755536
35.753481 -9.057734
35.053139 -9.359738
34.350437 -9.661550
33.645376 -9.963169
32.937956 -10.264595
32.228177 -10.565828
31.516038 -10.866868
30.801540 -11.167715
30.084682 -11.468369
29.365465 -11.768830
28.643889 -12.069098
27.919953 -12.369174
27.193658 -12.669056
