273.313145 123.692865
272.356193 119.107483
271.404643 114.571110
270.458495 110.083747
269.517747 105.645394
268.582401 101.256051
267.652456 96.915717
266.727913 92.624393
265.808770 88.382080
264.895029 84.188776
263.986689 80.044481
263.083751 75.949197
262.186213 71.902923
261.294077 67.905658
260.407343 63.957403
259.526009 60.058158
258.650077 56.207923
257.779546 52.406698
256.914417 48.654482
256.054688 44.951276
255.200361 41.297081
254.351436 37.691895
253.507911 34.135718
252.669788 30.628552
251.837066 27.170396
251.009745 23.761249
250.187826 20.401112
249.371308 17.089985
248.560191 13.827868
247.754475 10.614760
246.954161 7.450663
246.159248 4.335575
245.369736 1.269497
244.585625 -1.747571
243.806916 -4.715629
243.033608 -7.634677
242.265702 -10.504716
241.503196 -13.325745
240.746092 -16.097763
239.994389 -18.820773
239.248088 -21.494772
238.507187 -24.119761
237.771688 -26.695741
237.041591 -29.222710
236.316894 -31.700670
235.597599 -34.129620
234.883705 -36.509561
234.175212 -38.840491
233.472121 -41.122412
232.774431 -43.355322
232.082142 -45.539223
231.395255 -47.674114
230.713768 -49.759996
230.037683 -51.796867
229.366999 -53.784729
228.701717 -55.723580
228.041836 -57.613422
227.387356 -59.454254
226.738277 -61.246077
226.094600 -62.988889
225.456324 -64.682692
224.823449 -66.327485
224.195976 -67.923267
223.573903 -69.470041
222.957232 -70.967804
222.345963 -72.416557
221.740094 -73.816301
221.139627 -75.167035
220.544561 -76.468759
219.954896 -77.721473
219.370633 -78.925177
218.791771 -80.079872
218.218310 -81.185556
217.650251 -82.242231
217.087593 -83.249896
216.530336 -84.208551
215.978480 -85.118196
215.432025 -85.978832
214.890972 -86.790458
214.355320 -87.553073
213.825070 -88.266679
213.300220 -88.931276
212.780772 -89.546862
212.266726 -90.113438
211.758080 -90.631005
211.254836 -91.099562
210.756993 -91.519109
210.264551 -91.889646
209.777511 -92.211173
209.295872 -92.483691
208.819634 -92.707199
208.348797 -92.881696
207.883362 -93.007184
207.423328 -93.083663
206.968695 -93.111131
206.519464 -93.089589
206.075634 -93.019038
205.637205 -92.899477
205.204177 -92.730906
204.776551 -92.513325
204.354326 -92.246735
203.937502 -91.931134
203.526079 -91.566524
203.120058 -91.152904
202.719438 -90.690274
202.324219 -90.178634
201.934402 -89.617984
201.549985 -89.008325
201.170971 -88.349656
200.797357 -87.641977
200.429145 -86.885288
200.066333 -86.079589
199.708924 -85.224880
199.356915 -84.321162
199.010308 -83.368434
198.669102 -82.366695
198.333297 -81.315948
198.002894 -80.216190
197.677892 -79.067422
197.358291 -77.869645
197.044091 -76.622857
196.735293 -75.327060
196.431896 -73.982253
196.133900 -72.588437
195.841305 -71.145610
195.553819 -69.655498
195.265002 -68.156026
194.972217 -66.662712
194.675466 -65.175554
194.374749 -63.694553
194.070065 -62.219709
193.761415 -60.751022
193.448798 -59.288491
193.132215 -57.832117
192.811665 -56.381900
192.487149 -54.937840
192.158666 -53.499936
191.826217 -52.068189
191.489801 -50.642599
191.149419 -49.223166
190.805071 -47.809889
190.456755 -46.402770
190.104474 -45.001807
189.748226 -43.607001
189.388011 -42.218351
189.023830 -40.835858
188.655682 -39.459523
188.283568 -38.089344
187.907487 -36.725321
187.527440 -35.367456
187.143426 -34.015747
186.755446 -32.670195
186.363500 -31.330800
185.967587 -29.997561
185.567707 -28.670479
185.163861 -27.349554
184.756048 -26.034786
184.344269 -24.726175
183.928523 -23.423720
183.508811 -22.127422
183.085133 -20.837281
182.657488 -19.553297
182.225876 -18.275470
181.790298 -17.003799
181.350754 -15.738285
180.907243 -14.478928
180.459765 -13.225727
180.008321 -11.978683
179.552910 -10.737797
179.093533 -9.503066
178.630190 -8.274493
178.162880 -7.052076
177.691603 -5.835817
177.216360 -4.625714
176.737151 -3.421767
176.253975 -2.223978
175.766833 -1.032345
175.275724 0.153131
174.780648 1.332450
174.281606 2.505613
173.778598 3.672618
173.271623 4.833467
172.760681 5.988159
172.245773 7.136695
171.726899 8.279073
171.204058 9.415295
170.677251 10.545360
170.146477 11.669268
169.611736 12.787020
169.073029 13.898615
168.530356 15.004053
167.983716 16.103334
167.433110 17.196458
166.878537 18.283426
166.319998 19.364237
165.757492 20.438891
165.191019 21.507388
164.620581 22.569729
164.046175 23.625912
163.467803 24.675939
162.885465 25.719810
162.299160 26.757523
161.708889 27.789080
161.114651 28.814480
160.516447 29.833723
159.914276 30.846809
159.308139 31.853739
158.698035 32.854512
158.083965 33.849128
157.465928 34.837587
156.843925 35.819890
156.217955 36.796036
155.588019 37.766025
154.954116 38.729857
154.316247 39.687532
153.674411 40.639051
153.028609 41.584413
152.378840 42.523618
151.725105 43.456666
151.067403 44.383558
150.405735 45.304293
149.740101 46.218871
149.070499 47.127292
148.396932 48.029557
147.719398 48.925664
147.037897 49.815615
146.352430 50.699410
145.662996 51.577047
144.969596 52.448528
144.272229 53.313852
143.570896 54.173019
142.865597 55.026029
142.156331 55.872883
141.443098 56.713579
140.725899 57.548119
140.004733 58.376503
139.279601 59.198729
138.550503 60.014799
137.817438 60.824712
137.080406 61.628468
136.339408 62.426068
135.594443 63.217510
134.845512 64.002796
134.092615 64.781925
133.335751 65.554898
132.574920 66.321713
131.810123 67.082372
131.041360 67.836874
130.268630 68.585219
129.491933 69.327408
128.712346 70.062590
127.936318 70.785672
127.164927 71.495805
126.398172 72.192987
125.636052 72.877220
124.878568 73.548503
124.125720 74.206837
123.377508 74.852220
122.633931 75.484654
121.894991 76.104139
121.160686 76.710674
120.431017 77.304258
119.705984 77.884894
118.985587 78.452579
118.269825 79.007315
117.558700 79.549101
116.852210 80.077938
116.150356 80.593824
115.453138 81.096761
114.760556 81.586749
114.072609 82.063786
113.389299 82.527874
112.710624 82.979012
112.036585 83.417201
111.367182 83.842440
110.702414 84.254729
110.042283 84.654068
109.386787 85.040458
108.735927 85.413898
108.089703 85.774388
107.448115 86.121929
106.811163 86.456519
106.178846 86.778161
105.551165 87.086852
104.928120 87.382594
104.309711 87.665386
103.695938 87.935228
103.086801 88.192121
102.482299 88.436064
101.882433 88.667057
101.287203 88.885100
100.696609 89.090194
100.110651 89.282338
99.529329 89.461533
98.952642 89.627777
98.380591 89.781072
97.813176 89.921418
97.250397 90.048813
96.692254 90.163259
96.138746 90.264755
95.589874 90.353302
95.045639 90.428898
94.506039 90.491545
93.971074 90.541243
93.440746 90.577990
92.915053 90.601788
92.393997 90.612636
91.877576 90.610535
91.365791 90.595484
90.858641 90.567483
90.356128 90.526532
89.858250 90.472632
89.365009 90.405782
88.876403 90.325982
88.392433 90.233233
87.913098 90.127534
87.438400 90.008885
86.968337 89.877286
86.502910 89.732738
86.042119 89.575240
85.585964 89.404793
85.134445 89.221395
84.687561 89.025048
84.245314 88.815751
83.807702 88.593505
83.374726 88.358309
82.946386 88.110163
82.522681 87.849067
82.103613 87.575022
81.689180 87.288027
81.279383 86.988082
80.874222 86.675188
80.473697 86.349344
80.077807 86.010550
79.686554 85.658806
79.299936 85.294113
78.917954 84.916470
78.540608 84.525878
78.167898 84.122335
77.799823 83.705843
77.436384 83.276401
77.077582 82.834010
76.723415 82.378669
76.373883 81.910378
76.028988 81.429137
75.688729 80.934947
75.353105 80.427807
75.022117 79.907717
74.695765 79.374678
74.374049 78.828689
74.056968 78.269750
73.744524 77.697862
73.436715 77.113023
73.133542 76.515235
72.835005 75.904498
72.541104 75.280810
72.251839 74.644173
71.967209 73.994587
71.687215 73.332050
71.411857 72.656564
71.141135 71.968128
70.875049 71.266743
70.613598 70.552407
70.356784 69.825122
70.104605 69.084888
69.857062 68.331703
69.614155 67.565569
69.375883 66.786485
69.142248 65.994452
68.913248 65.189469
68.688884 64.371536
68.469156 63.540653
68.254064 62.696821
68.043608 61.840039
67.837787 60.970307
67.634670 60.093628
67.429534 59.224674
67.222163 58.364111
67.012559 57.511941
66.800720 56.668162
66.586647 55.832775
66.370340 55.005779
66.151798 54.187176
65.931023 53.376964
65.708013 52.575144
65.482770 51.781716
65.255292 50.996680
65.025580 50.220036
64.793634 49.451783
64.559453 48.691922
64.323039 47.940453
64.084390 47.197376
63.843507 46.462690
63.600390 45.736397
63.355039 45.018495
63.107454 44.308985
62.857635 43.607867
62.605581 42.915140
62.351293 42.230806
62.094771 41.554863
61.836015 40.887312
61.575025 40.228152
61.311801 39.577385
61.046342 38.935009
60.778650 38.301025
60.508723 37.675433
60.236562 37.058233
59.962167 36.449425
59.685538 35.849008
59.406674 35.256983
59.125577 34.673350
58.842245 34.098109
58.556679 33.531260
58.268879 32.972802
57.978845 32.422736
57.686577 31.881062
57.392074 31.347780
57.095338 30.822889
56.796367 30.306391
56.495162 29.798284
56.191723 29.298569
55.886050 28.807246
55.578142 28.324314
55.268001 27.849775
54.955625 27.383627
54.641015 26.925871
54.324171 26.476506
54.005093 26.035534
53.683781 25.602953
53.360235 25.178765
53.034454 24.762968
52.706439 24.355562
52.376190 23.956549
52.043707 23.565927
51.708990 23.183697
51.372039 22.809859
51.032853 22.444413
50.691434 22.087359
50.347780 21.738696
50.001892 21.398425
49.653770 21.066546
49.303414 20.743059
48.950823 20.427964
48.595999 20.121260
48.238940 19.822948
47.879647 19.533028
47.518120 19.251500
47.154359 18.978364
46.788364 18.713619
46.420134 18.457266
46.049671 18.209305
45.676973 17.969736
45.302041 17.738559
44.924875 17.515773
44.545475 17.301379
44.163840 17.095377
43.779972 16.897767
43.393869 16.708548
43.005532 16.527722
42.614961 16.355287
42.222156 16.191244
41.827117 16.035593
41.429843 15.888333
41.030336 15.749466
40.628594 15.618990
40.224618 15.496906
39.818408 15.383214
39.409964 15.277913
38.999285 15.181005
38.586373 15.092488
38.171226 15.012363
37.753845 14.940630
37.334230 14.877288
36.912381 14.822339
36.488298 14.775781
36.061981 14.737615
35.633429 14.707841
35.202643 14.686458
34.769624 14.673468
34.334369 14.668869
33.896881 14.672662
33.457159 14.684847
33.015202 14.705423
32.571012 14.734392
32.124587 14.771752
31.675928 14.817504
31.225035 14.871648
30.771908 14.934183
30.316546 15.005111
29.858951 15.084430
29.399121 15.172141
28.937057 15.268244
28.472759 15.372738
28.006227 15.485625
27.537461 15.606903
27.066460 15.736573
26.593226 15.874635
26.117757 16.021088
25.640054 16.175934
25.160117 16.339171
