299.991154 -2.303812
298.443211 -4.348554
296.905378 -6.359333
295.377655 -8.336149
293.860041 -10.279003
292.352538 -12.187895
290.855144 -14.062823
289.367860 -15.903789
287.890685 -17.710793
286.423621 -19.483834
284.966666 -21.222912
283.519821 -22.928027
282.083086 -24.599180
280.656461 -26.236371
279.239945 -27.839599
277.833539 -29.408864
276.437243 -30.944166
275.051057 -32.445506
273.674981 -33.912883
272.309014 -35.346298
270.953157 -36.745750
269.607410 -38.111240
268.271773 -39.442766
266.946246 -40.740331
265.630828 -42.003932
264.325520 -43.233571
263.030322 -44.429247
261.745234 -45.590961
260.470255 -46.718712
259.205387 -47.812501
257.950628 -48.872327
256.705979 -49.898190
255.471439 -50.890090
254.247010 -51.848028
253.032690 -52.772004
251.828480 -53.662017
250.634380 -54.518067
249.450389 -55.340154
248.276509 -56.128279
247.112738 -56.882442
245.959077 -57.602641
244.815526 -58.288878
243.682084 -58.941153
242.558753 -59.559465
241.445531 -60.143814
240.342419 -60.694201
239.249417 -61.210625
238.166524 -61.693086
237.093742 -62.141585
236.031069 -62.556121
234.978506 -62.936694
233.936052 -63.283305
232.903709 -63.595954
231.881475 -63.874639
230.869351 -64.119362
229.867337 -64.330123
228.875433 -64.506921
227.893638 -64.649756
226.921953 -64.758628
225.960379 -64.833538
225.008913 -64.874486
224.067558 -64.881470
223.136312 -64.854493
222.215177 -64.793552
221.304151 -64.698649
220.403234 -64.569783
219.512428 -64.406955
218.631731 -64.210164
217.761144 -63.979410
216.900667 -63.714694
216.050300 -63.416015
215.210043 -63.083374
214.379895 -62.716770
213.559857 -62.316203
212.749929 -61.881674
211.950111 -61.413182
211.160402 -60.910727
210.380803 -60.374310
209.611315 -59.803930
208.851935 -59.199588
208.102666 -58.561283
207.363506 -57.889015
206.634457 -57.182785
205.915517 -56.442592
205.206687 -55.668437
204.507966 -54.860319
203.819356 -54.018238
203.140855 -53.142195
202.472464 -52.232189
201.814182 -51.288220
201.166011 -50.310289
200.527949 -49.298395
199.899998 -48.252539
199.282155 -47.172720
198.674423 -46.058938
198.076801 -44.911194
197.489288 -43.729487
196.911885 -42.513818
196.344592 -41.264186
195.787409 -39.980591
195.240335 -38.663034
194.703371 -37.311514
194.176517 -35.926031
193.659773 -34.506586
193.153139 -33.053178
192.656614 -31.565808
192.170200 -30.044475
191.693895 -28.489179
191.227699 -26.899921
190.771614 -25.276700
190.325638 -23.619516
189.889773 -21.928370
189.464016 -20.203261
189.048370 -18.444190
188.642834 -16.651156
188.247407 -14.824160
187.862090 -12.963200
187.486883 -11.068278
187.121786 -9.139394
186.766798 -7.176547
186.421921 -5.179737
186.087153 -3.148965
185.762495 -1.084230
185.447946 1.014467
185.143508 3.147128
184.848851 5.311662
184.556748 7.462123
184.264243 9.579715
183.971336 11.664436
183.678028 13.716289
183.384317 15.735271
183.090204 17.721384
182.795690 19.674627
182.500773 21.595001
182.205455 23.482505
181.909734 25.337139
181.613612 27.158904
181.317087 28.947799
181.020161 30.703824
180.722832 32.426980
180.425102 34.117266
180.126970 35.774682
179.828435 37.399229
179.529499 38.990906
179.230161 40.549713
178.930421 42.075651
178.630278 43.568719
178.329734 45.028917
178.028788 46.456246
177.727440 47.850705
177.425690 49.212295
177.123538 50.541015
176.820984 51.836865
176.518028 53.099845
176.214670 54.329956
175.910910 55.527197
175.606748 56.691569
175.302184 57.823070
174.997219 58.921703
174.691851 59.987465
174.386081 61.020358
174.079909 62.020381
173.773336 62.987535
173.466360 63.921819
173.158982 64.823233
172.851203 65.691778
172.543021 66.527453
172.234437 67.330258
171.925452 68.100194
171.616064 68.837260
171.306275 69.541456
170.996084 70.212783
170.685490 70.851240
170.374495 71.456827
170.063097 72.029545
169.751298 72.569393
169.439097 73.076371
169.126494 73.550480
168.813488 73.991719
168.500081 74.400088
168.186272 74.775588
167.872061 75.118218
167.557448 75.427979
167.242433 75.704870
166.927016 75.948891
166.611197 76.160042
166.294976 76.338324
165.978353 76.483736
165.661328 76.596279
165.343901 76.675952
165.026072 76.722755
164.707841 76.736688
164.389208 76.717752
164.070174 76.665947
163.750737 76.581271
163.430898 76.463726
163.110657 76.313311
162.790015 76.130027
162.468970 75.913873
162.147524 75.664849
161.825675 75.382956
161.503425 75.068193
161.180772 74.720560
160.857718 74.340058
160.534261 73.926686
160.210403 73.480444
159.886142 73.001333
159.561480 72.489352
159.236416 71.944502
158.910949 71.366781
158.585081 70.756192
158.258811 70.112732
157.932139 69.436403
157.605064 68.727204
157.277588 67.985135
156.949710 67.210197
156.621430 66.402389
156.292748 65.561712
155.963664 64.688165
155.634178 63.781748
155.304290 62.842462
154.974000 61.870305
154.643308 60.865280
154.312214 59.827384
153.980718 58.756619
153.648821 57.652984
153.316521 56.516480
152.983819 55.347106
152.650715 54.144862
152.317210 52.909749
151.983302 51.641766
151.648992 50.340913
151.314281 49.007191
150.979167 47.640599
150.643652 46.241137
150.307734 44.808806
149.971415 43.343605
149.634693 41.845535
149.297570 40.314594
148.960044 38.750784
148.622117 37.154105
148.283788 35.524556
147.945056 33.862137
147.605923 32.166848
147.266388 30.438690
146.926451 28.677662
146.586112 26.883765
146.245370 25.056997
145.904227 23.197361
145.562682 21.304854
145.220344 19.386081
144.874868 17.480658
144.525862 15.595188
144.173327 13.729671
143.817262 11.884107
143.457668 10.058497
143.094545 8.252839
142.727893 6.467135
142.357711 4.701384
141.983999 2.955586
141.606759 1.229740
141.225989 -0.476151
140.841689 -2.162090
140.453861 -3.828076
140.062503 -5.474109
139.667615 -7.100188
139.269198 -8.706315
138.867252 -10.292488
138.461777 -11.858708
138.052772 -13.404975
137.640238 -14.931290
137.224174 -16.437650
136.804581 -17.924058
136.381459 -19.390513
135.954807 -20.837015
135.524626 -22.263563
135.090916 -23.670159
134.653676 -25.056801
134.212907 -26.423490
133.768608 -27.770226
133.320781 -29.097009
132.869423 -30.403839
132.414537 -31.690716
131.956121 -32.957639
131.494176 -34.204610
131.028701 -35.431627
130.559697 -36.638692
130.087164 -37.825803
129.611101 -38.992961
129.131509 -40.140166
128.648388 -41.267418
128.161737 -42.374717
127.671557 -43.462063
127.177847 -44.529455
126.680609 -45.576895
126.179840 -46.604381
125.675543 -47.611915
125.167716 -48.599495
124.656360 -49.567122
124.141474 -50.514796
123.623059 -51.442517
123.101115 -52.350285
122.575641 -53.238099
122.046638 -54.105961
121.514106 -54.953869
120.978044 -55.781825
120.438453 -56.589827
119.895332 -57.377876
119.348682 -58.145972
118.798503 -58.894115
118.244795 -59.622305
117.687557 -60.330542
117.126789 -61.018825
116.562493 -61.687156
115.994667 -62.335533
115.423311 -62.963958
114.848427 -63.572429
114.270013 -64.160947
113.688069 -64.729512
113.102596 -65.278124
112.513594 -65.806783
111.921063 -66.315488
111.325002 -66.804241
110.725412 -67.273040
110.122292 -67.721887
109.515643 -68.150780
108.905465 -68.559720
108.291757 -68.948707
107.674520 -69.317741
107.053754 -69.666822
106.429458 -69.995950
105.801633 -70.305124
105.170279 -70.594346
104.535395 -70.863614
103.896982 -71.112930
103.255039 -71.342292
102.609567 -71.551701
101.960566 -71.741157
101.308035 -71.910660
100.651975 -72.060210
99.992386 -72.189807
99.329267 -72.299450
98.662619 -72.389141
97.992442 -72.458878
97.318735 -72.508662
96.641499 -72.538494
95.960734 -72.548372
95.276439 -72.538297
94.588615 -72.508268
93.897261 -72.458287
93.202378 -72.388353
92.503966 -72.298465
91.802024 -72.188625
91.096553 -72.058831
90.387553 -71.909084
89.675023 -71.739385
88.958964 -71.549732
88.239376 -71.340126
87.516258 -71.110566
86.789611 -70.861054
86.059435 -70.591589
85.325729 -70.302170
84.588494 -69.992799
83.847729 -69.663474
83.103435 -69.314196
82.355612 -68.944965
81.604259 -68.555781
80.849377 -68.146644
80.090966 -67.717554
79.329025 -67.268511
78.563555 -66.799514
77.794556 -66.310565
77.022027 -65.801662
76.245969 -65.272806
75.466381 -64.723997
74.685675 -64.161951
73.909740 -63.603081
73.138846 -63.048136
72.372992 -62.497113
71.612178 -61.950015
70.856404 -61.406840
70.105670 -60.867588
69.359977 -60.332260
68.619323 -59.800855
67.883710 -59.273374
67.153137 -58.749816
66.427603 -58.230182
65.707110 -57.714472
64.991657 -57.202685
64.281245 -56.694821
63.575872 -56.190881
62.875539 -55.690865
62.180247 -55.194772
61.489995 -54.702603
60.804783 -54.214357
60.124611 -53.730035
59.449479 -53.249636
58.779387 -52.773160
58.114335 -52.300609
57.454324 -51.831980
56.799352 -51.367276
56.149421 -50.906495
55.504530 -50.449637
54.864679 -49.996703
54.229868 -49.547692
53.600097 -49.102605
52.975366 -48.661441
52.355675 -48.224201
51.741025 -47.790885
51.131415 -47.361492
50.526844 -46.936022
49.927314 -46.514476
49.332824 -46.096854
48.743374 -45.683155
48.158965 -45.273380
47.579595 -44.867528
47.005266 -44.465599
46.435976 -44.067595
45.871727 -43.673513
45.312518 -43.283356
44.758349 -42.897121
44.209220 -42.514811
43.665131 -42.136423
43.126083 -41.761960
42.592074 -41.391419
42.063106 -41.024803
41.539177 -40.662110
41.020289 -40.303340
40.506441 -39.948494
39.997633 -39.597572
39.493865 -39.250573
38.995138 -38.907497
38.501450 -38.568345
38.012803 -38.233117
37.529196 -37.901812
37.050628 -37.574430
36.577101 -37.250972
36.108614 -36.931438
35.645168 -36.615827
35.186761 -36.304140
34.733394 -35.996376
34.285068 -35.692536
33.841781 -35.392619
33.403535 -35.096626
32.970329 -34.804556
32.542163 -34.516410
32.119037 -34.232187
31.700952 -33.951888
31.287906 -33.675513
30.879901 -33.403061
30.476935 -33.134532
30.079010 -32.869927
29.686125 -32.609245
29.298280 -32.352487
28.915475 -32.099653
28.537710 -31.850742
28.164986 -31.605755
27.797301 -31.364691
27.434657 -31.127550
27.077052 -30.894334
26.724488 -30.665040
26.376964 -30.439670
26.034480 -30.218224
25.697037 -30.000701
25.364633 -29.787102
25.037269 -29.577426
24.714946 -29.371674
24.397663 -29.169846
24.085419 -28.971940
23.778216 -28.777959
23.476053 -28.587901
23.178931 -28.401766
22.886848 -28.219555
22.599805 -28.041268
22.317803 -27.866904
22.040841 -27.696463
21.768918 -27.529946
21.502036 -27.367353
21.240194 -27.208683
20.983393 -27.053937
20.731631 -26.903114
20.484909 -26.756214
20.243228 -26.613239
20.006586 -26.474186
19.774985 -26.339057
19.548424 -26.207852
19.326903 -26.080571
19.110422 -25.957212
18.898982 -25.837778
18.692581 -25.722267
18.491220 -25.610679
18.294900 -25.503015
18.103620 -25.399274
17.917380 -25.299457
17.736180 -25.203564
17.560020 -25.111594
17.388900 -25.023547
17.222820 -24.939424
17.061781 -24.859225
16.905781 -24.782949
