279.697140 -108.487371
279.614846 -106.217368
279.526710 -103.959780
279.432731 -101.714607
279.332910 -99.481849
279.227246 -97.261506
279.115740 -95.053577
278.998392 -92.858064
278.875201 -90.674965
278.746169 -88.504281
278.611293 -86.346012
278.470575 -84.200159
278.324015 -82.066720
278.171613 -79.945695
278.013368 -77.837086
277.849281 -75.740892
277.679351 -73.657112
277.503580 -71.585748
277.321965 -69.526798
277.134509 -67.480263
276.941210 -65.446144
276.742068 -63.424439
276.537085 -61.415148
276.326259 -59.418273
276.109590 -57.433813
275.887079 -55.461768
275.658726 -53.502137
275.424531 -51.554922
275.184493 -49.620121
274.938613 -47.697735
274.686890 -45.787764
274.429325 -43.890208
274.165918 -42.005067
273.896668 -40.132341
273.621576 -38.272029
273.340642 -36.424133
273.053865 -34.588651
272.761246 -32.765585
272.462784 -30.954933
272.158480 -29.156696
271.848334 -27.370874
271.532346 -25.597467
271.210515 -23.836475
270.882841 -22.087898
270.549326 -20.351735
270.209968 -18.627988
269.864767 -16.916655
269.513724 -15.217738
269.156839 -13.531235
268.794112 -11.857147
268.425542 -10.195474
268.051130 -8.546216
267.670875 -6.909373
267.284778 -5.284944
266.892839 -3.672931
266.495057 -2.073332
266.091433 -0.486149
265.681967 1.088620
265.266658 2.650974
264.845507 4.200913
264.418514 5.738437
263.985678 7.263546
263.547000 8.776240
263.102479 10.276520
262.652116 11.764384
262.195911 13.239834
261.733863 14.702868
261.265973 16.153488
260.792241 17.591693
260.312666 19.017483
259.827249 20.430858
259.335990 21.831818
258.838888 23.220364
258.335944 24.596494
257.827157 25.960210
257.312528 27.311510
256.792057 28.650396
256.265743 29.976867
255.733587 31.290923
255.195589 32.592564
254.651748 33.881790
254.102065 35.158601
253.546540 36.422998
252.985172 37.674979
252.417962 38.914546
251.844909 40.141697
251.266014 41.356434
250.681277 42.558756
250.090698 43.748663
249.494276 44.926155
248.892011 46.091232
248.283905 47.243894
247.669956 48.384142
247.050164 49.511974
246.424530 50.627392
245.793054 51.730395
245.155736 52.820982
244.512575 53.899155
243.863572 54.964913
243.208726 56.018257
242.548038 57.059185
241.881508 58.087698
241.209135 59.103797
240.530920 60.107480
239.846863 61.098749
239.156963 62.077603
238.461221 63.044041
237.759636 63.998065
237.052209 64.939674
236.338940 65.868869
235.619829 66.785648
234.894875 67.690012
234.164078 68.581962
233.427440 69.461496
232.684959 70.328616
231.936635 71.183321
231.182470 72.025611
230.422461 72.855486
229.656611 73.672946
228.884918 74.477991
228.107383 75.270621
227.324005 76.050837
226.534785 76.818637
225.739723 77.574023
224.938818 78.316994
224.132393 79.047529
223.327519 79.765174
222.527091 80.469744
221.731107 81.161237
220.939569 81.839655
220.152476 82.504997
219.369828 83.157263
218.591625 83.796453
217.817867 84.422568
217.048554 85.035607
216.283687 85.635570
215.523264 86.222457
214.767287 86.796268
214.015755 87.357003
213.268668 87.904663
212.526026 88.439247
211.787830 88.960754
211.054078 89.469187
210.324772 89.964543
209.599911 90.446823
208.879494 90.916028
208.163523 91.372157
207.451998 91.815210
206.744917 92.245187
206.042281 92.662088
205.344091 93.065914
204.650346 93.456664
203.961046 93.834337
203.276191 94.198935
202.595781 94.550458
201.919816 94.888904
201.248296 95.214275
200.581222 95.526570
199.918593 95.825789
199.260409 96.111932
198.606670 96.384999
197.957376 96.644990
197.312527 96.891906
196.672123 97.125746
196.036165 97.346510
195.404651 97.554198
194.777583 97.748811
194.154960 97.930347
193.536782 98.098808
192.923050 98.254193
192.313762 98.396502
191.708919 98.525735
191.108522 98.641893
190.512570 98.744974
189.921063 98.834980
189.334001 98.911910
188.751384 98.975764
188.173212 99.026543
187.599486 99.064245
187.030205 99.088872
186.465368 99.100423
185.904977 99.098898
185.349031 99.084297
184.797530 99.056620
184.250475 99.015868
183.707864 98.962040
183.169699 98.895136
182.635979 98.815156
182.106703 98.722100
181.581873 98.615969
181.061489 98.496761
180.545549 98.364478
180.034054 98.219119
179.527005 98.060684
179.024401 97.889174
178.526241 97.704587
178.032527 97.506925
177.543258 97.296187
177.058435 97.072373
176.578056 96.835483
176.102123 96.585518
175.630634 96.322476
175.163591 96.046359
174.700993 95.757166
174.242840 95.454897
173.789132 95.139553
173.339870 94.811132
172.895052 94.469636
172.454680 94.115064
172.018753 93.747416
171.587271 93.366692
171.160234 92.972892
170.737642 92.566017
170.319495 92.146066
169.905794 91.713039
169.496537 91.266936
169.091726 90.807757
168.691360 90.335502
168.295439 89.850172
167.903963 89.351766
167.516933 88.840284
167.134347 88.315726
166.756207 87.778093
166.382512 87.227383
166.013261 86.663598
165.648456 86.086737
165.288097 85.496800
164.932182 84.893787
164.580712 84.277698
164.233688 83.648534
163.891109 83.006294
163.552974 82.350978
163.219285 81.682586
162.890042 81.001118
162.565243 80.306575
162.244889 79.598955
161.928981 78.878260
161.617517 78.144489
161.310499 77.397643
161.007926 76.637720
160.709798 75.864722
160.416116 75.078647
160.126878 74.279497
159.842085 73.467271
159.561738 72.641970
159.285836 71.803592
159.014379 70.952139
158.747367 70.087610
158.484800 69.210005
158.226679 68.319324
157.971796 67.418262
157.712913 66.522991
157.448824 65.636205
157.179529 64.757905
156.905027 63.888091
156.625319 63.026762
156.340405 62.173918
156.050285 61.329560
155.754959 60.493687
155.454426 59.666300
155.148687 58.847399
154.837742 58.036982
154.521590 57.235052
154.200233 56.441607
153.873669 55.656647
153.541899 54.880173
153.204922 54.112185
152.862740 53.352682
152.515351 52.601664
152.162755 51.859132
151.804954 51.125085
151.441946 50.399524
151.073732 49.682449
150.700312 48.973859
150.321686 48.273754
149.937853 47.582135
149.548814 46.899002
149.154569 46.224354
148.755118 45.558191
148.350460 44.900514
147.940597 44.251323
147.525526 43.610617
147.105250 42.978396
146.679768 42.354661
146.249079 41.739412
145.813184 41.132648
145.372082 40.534370
144.925775 39.944577
144.474261 39.363269
144.017541 38.790447
143.555615 38.226111
143.088482 37.670260
142.616143 37.122894
142.138598 36.584015
141.655847 36.053620
141.167889 35.531711
140.674726 35.018288
140.176356 34.513350
139.672779 34.016898
139.163997 33.528931
138.650008 33.049449
138.130813 32.578453
137.606412 32.115943
137.076804 31.661918
136.541991 31.216379
136.001971 30.779325
135.456744 30.350757
134.906312 29.930674
134.350673 29.519076
133.789828 29.115965
133.223777 28.721338
132.652520 28.335198
132.076056 27.957542
131.494386 27.588372
130.907510 27.227688
130.315428 26.875489
129.718139 26.531776
129.115644 26.196548
128.507943 25.869806
127.895035 25.551549
127.276922 25.241778
126.653602 24.940492
126.025076 24.647692
125.391343 24.363377
124.752405 24.087548
124.108260 23.820204
123.458909 23.561346
122.804351 23.310973
122.144588 23.069086
121.479618 22.835684
120.809442 22.610768
120.134059 22.394337
119.453471 22.186392
118.767676 21.986933
118.076675 21.795958
117.380468 21.613470
116.679054 21.439466
115.972434 21.273949
115.260608 21.116917
114.543576 20.968370
113.821337 20.828309
113.093893 20.696733
112.361242 20.573643
111.623384 20.459038
110.880321 20.352919
110.132051 20.255286
109.378575 20.166138
108.619893 20.085475
107.856004 20.013298
107.086910 19.949606
106.312609 19.894400
105.533101 19.847679
104.748388 19.809444
103.958468 19.779695
103.163342 19.758431
102.363010 19.745652
101.557472 19.741359
100.746727 19.745552
99.930776 19.758229
99.109619 19.779393
98.283255 19.809042
97.451686 19.847176
96.614910 19.893796
95.772927 19.948902
94.925739 20.012493
94.073344 20.084569
93.215743 20.165131
92.352936 20.254179
91.484923 20.351712
90.611703 20.457730
89.733277 20.572234
88.849645 20.695224
87.960807 20.826699
87.066762 20.966659
86.167511 21.115105
85.266185 21.267360
84.370435 21.411989
83.480609 21.548475
82.596707 21.676816
81.718730 21.797013
80.846677 21.909065
79.980548 22.012974
79.120343 22.108737
78.266063 22.196357
77.417707 22.275832
76.575275 22.347163
75.738768 22.410350
74.908185 22.465392
74.083526 22.512290
73.264792 22.551043
72.451981 22.581653
71.645095 22.604118
70.844134 22.618438
70.049096 22.624615
69.259983 22.622647
68.476794 22.612535
67.699530 22.594278
66.928189 22.567877
66.162773 22.533332
65.403282 22.490642
64.649714 22.439808
63.902071 22.380830
63.160352 22.313708
62.424558 22.238441
61.694687 22.155030
60.970741 22.063474
60.252719 21.963774
59.540622 21.855930
58.834449 21.739942
58.134200 21.615809
57.439875 21.483532
56.751475 21.343111
56.068999 21.194545
55.392447 21.037835
54.721819 20.872981
54.057116 20.699982
53.398337 20.518839
52.745483 20.329552
52.098552 20.132120
51.457546 19.926544
50.822464 19.712824
50.193307 19.490959
49.570073 19.260951
48.952764 19.022797
48.341380 18.776500
47.735919 18.522058
47.136383 18.259472
46.542771 17.988741
45.955084 17.709867
45.373320 17.422848
44.797481 17.127684
44.227567 16.824376
43.663576 16.512924
43.105510 16.193328
42.553368 15.865587
42.007151 15.529702
41.466857 15.185673
40.932488 14.833499
40.404043 14.473181
39.881523 14.104719
39.364927 13.728112
38.854255 13.343362
38.349507 12.950466
37.850684 12.549427
37.357785 12.140243
36.870810 11.722915
36.389759 11.297442
35.914633 10.863825
35.445431 10.422064
34.982153 9.972159
34.524800 9.514109
34.073371 9.047915
33.627866 8.573576
33.188286 8.091094
32.754629 7.600467
32.326897 7.101695
31.905090 6.594780
31.489206 6.079720
31.079247 5.556515
30.675212 5.025167
30.277102 4.485674
29.884915 3.938036
29.498653 3.382255
29.118315 2.818329
28.743902 2.246259
28.375413 1.666044
28.012848 1.077685
27.656207 0.481182
27.305491 -0.123466
26.960699 -0.736257
26.621831 -1.357194
26.288888 -1.986274
25.961868 -2.623499
25.640774 -3.268868
25.325603 -3.922381
25.016356 -4.584039
24.713034 -5.253841
24.415637 -5.931787
24.124163 -6.617878
23.838614 -7.312113
23.558989 -8.014493
23.285288 -8.725016
23.017512 -9.443684
22.755660 -10.170496
22.499732 -10.905453
22.249728 -11.648554
22.005649 -12.399799
21.767494 -13.159189
21.535263 -13.926723
21.308957 -14.702401
21.088575 -15.486223
20.874117 -16.278190
20.665583 -17.078301
20.462974 -17.886557
20.266289 -18.702957
20.075528 -19.527501
19.890692 -20.360189
19.711779 -21.201022
19.538792 -22.049999
19.371728 -22.907120
