245.294286 -172.715701
244.694674 -172.067147
244.098899 -171.411974
243.506961 -170.750183
242.918859 -170.081773
242.334594 -169.406745
241.754165 -168.725099
241.177573 -168.036834
240.604818 -167.341951
240.035899 -166.640450
239.470817 -165.932330
238.909572 -165.217592
238.352163 -164.496236
237.798590 -163.768261
237.248855 -163.033668
236.702955 -162.292456
236.160893 -161.544626
235.622667 -160.790178
235.088278 -160.029111
234.557725 -159.261426
234.031009 -158.487122
233.508129 -157.706200
232.989087 -156.918660
232.473880 -156.124502
231.962511 -155.323725
231.454978 -154.516329
230.951281 -153.702316
230.451421 -152.881684
229.955398 -152.054433
229.463211 -151.220564
228.974861 -150.380077
228.490348 -149.532971
228.009671 -148.679247
227.532831 -147.818905
227.059827 -146.951944
226.590660 -146.078365
226.125330 -145.198168
225.663836 -144.311352
225.206179 -143.417918
224.752358 -142.517865
224.302374 -141.611194
223.856227 -140.697905
223.413916 -139.777997
222.975442 -138.851471
222.540804 -137.918327
222.110003 -136.978564
221.683039 -136.032183
221.259911 -135.079183
220.840620 -134.119565
220.425166 -133.153329
220.013548 -132.180475
219.605766 -131.201001
219.201822 -130.214910
218.801714 -129.222200
218.405442 -128.222872
218.013007 -127.216926
217.624409 -126.204361
217.239647 -125.185177
216.858722 -124.159376
216.481634 -123.126956
216.108382 -122.087917
215.738966 -121.042261
215.373388 -119.989985
215.011646 -118.931092
214.653740 -117.865580
214.299671 -116.793450
213.949439 -115.714701
213.603043 -114.629334
213.260484 -113.537349
212.921762 -112.438745
212.586876 -111.333523
212.255827 -110.221682
211.928614 -109.103223
211.605238 -107.978146
211.285699 -106.846451
210.969996 -105.708137
210.658130 -104.563204
210.350100 -103.411653
210.045907 -102.253484
209.745551 -101.088697
209.449031 -99.917291
209.156348 -98.739267
208.867501 -97.554624
208.582492 -96.363363
208.301318 -95.165484
208.023981 -93.960986
207.750481 -92.749870
207.480818 -91.532136
207.214991 -90.307783
206.953001 -89.076812
206.694847 -87.839222
206.440530 -86.595014
206.190049 -85.344188
205.943405 -84.086743
205.700598 -82.822680
205.461627 -81.551998
205.226493 -80.274699
204.995196 -78.990780
204.767735 -77.700244
204.544111 -76.403089
204.324323 -75.099316
204.108372 -73.788924
203.896257 -72.471914
203.687980 -71.148285
203.483538 -69.818039
203.282934 -68.481173
203.086166 -67.137690
202.893234 -65.787588
202.704139 -64.430868
202.518881 -63.067529
202.337460 -61.697572
202.159875 -60.320996
201.986126 -58.937803
201.816214 -57.547990
201.650139 -56.151560
201.487901 -54.748511
201.329499 -53.338844
201.174933 -51.922558
201.024204 -50.499654
200.877312 -49.070132
200.734257 -47.633991
200.595038 -46.191232
200.459655 -44.741854
200.328110 -43.285858
200.200401 -41.823244
200.076239 -40.354851
199.949258 -38.899155
199.816855 -37.463715
199.679028 -36.048530
199.535779 -34.653601
199.387107 -33.278926
199.233012 -31.924507
199.073494 -30.590344
198.908553 -29.276436
198.738189 -27.982783
198.562402 -26.709385
198.381192 -25.456243
198.194560 -24.223357
198.002504 -23.010725
197.805026 -21.818349
197.602125 -20.646229
197.393800 -19.494363
197.180053 -18.362753
196.960883 -17.251399
196.736290 -16.160300
196.506274 -15.089456
196.270835 -14.038867
196.029974 -13.008534
195.783689 -11.998457
195.531982 -11.008634
195.274851 -10.039067
195.012298 -9.089756
194.744322 -8.160699
194.470923 -7.251898
194.192100 -6.363353
193.907855 -5.495063
193.618188 -4.647028
193.323097 -3.819248
193.022583 -3.011724
192.716646 -2.224456
192.405287 -1.457442
192.088504 -0.710684
191.766299 0.015818
191.438671 0.722066
191.105620 1.408058
190.767146 2.073794
190.423249 2.719275
190.073929 3.344501
189.719186 3.949472
189.359020 4.534187
188.993431 5.098646
188.622420 5.642851
188.245985 6.166800
187.864128 6.670493
187.476848 7.153932
187.084145 7.617115
186.686018 8.060042
186.282469 8.482714
185.873497 8.885131
185.459103 9.267293
185.039285 9.629199
184.614044 9.970849
184.183381 10.292245
183.747294 10.593385
183.305785 10.874270
182.858852 11.134899
182.406497 11.375273
181.948719 11.595391
181.485518 11.795255
181.016894 11.974862
180.542847 12.134215
180.063377 12.273312
179.578485 12.392154
179.088169 12.490740
178.592431 12.569071
178.091269 12.627147
177.584685 12.664967
177.072678 12.682532
176.555248 12.679842
176.032394 12.656896
175.504118 12.613695
174.970420 12.550238
174.431298 12.466526
173.886753 12.362559
173.336785 12.238336
172.781395 12.093858
172.220582 11.929125
171.654345 11.744136
171.082686 11.538892
170.505604 11.313393
169.923099 11.067638
169.335171 10.801628
168.741820 10.515362
168.143046 10.208841
167.538849 9.882065
166.929230 9.535034
166.314187 9.167747
165.693722 8.780204
165.067833 8.372407
164.436522 7.944354
163.799788 7.496045
163.157631 7.027481
162.510051 6.538662
161.857048 6.029588
161.198622 5.500258
160.534773 4.950673
159.865501 4.380832
159.190807 3.790736
158.510689 3.180385
157.825149 2.549778
157.134186 1.898916
156.437799 1.227798
155.735990 0.536426
155.028758 -0.175202
154.316103 -0.907086
153.598026 -1.659225
152.874525 -2.431619
152.145601 -3.224269
151.411255 -4.037174
150.671485 -4.870334
149.926293 -5.723750
149.175677 -6.597421
148.419639 -7.491347
147.658178 -8.405529
146.891294 -9.339966
146.118987 -10.294659
145.341257 -11.269606
144.558104 -12.264810
143.769529 -13.280268
142.975530 -14.315982
142.177153 -15.367821
141.380662 -16.411005
140.587103 -17.441403
139.796474 -18.459016
139.008777 -19.463843
138.224010 -20.455885
137.442175 -21.435141
136.663271 -22.401612
135.887298 -23.355297
135.114255 -24.296197
134.344144 -25.224311
133.576964 -26.139640
132.812715 -27.042183
132.051396 -27.931940
131.293009 -28.808912
130.537553 -29.673099
129.785028 -30.524500
129.035434 -31.363116
128.288771 -32.188946
127.545039 -33.001990
126.804238 -33.802249
126.066368 -34.589723
125.331429 -35.364410
124.599422 -36.126313
123.870345 -36.875430
123.144199 -37.611761
122.420984 -38.335307
121.700700 -39.046067
120.983348 -39.744042
120.268926 -40.429232
119.557435 -41.101635
118.848876 -41.761254
118.143247 -42.408086
117.440550 -43.042134
116.740783 -43.663395
116.043947 -44.271872
115.350043 -44.867562
114.659070 -45.450467
113.971027 -46.020587
113.285916 -46.577921
112.603735 -47.122470
111.924486 -47.654233
111.248168 -48.173211
110.574780 -48.679403
109.904324 -49.172809
109.236799 -49.653430
108.572205 -50.121266
107.910542 -50.576316
107.251809 -51.018580
106.596008 -51.448059
105.943138 -51.864753
105.293199 -52.268661
104.646191 -52.659783
104.002114 -53.038120
103.360968 -53.403671
102.722753 -53.756437
102.087469 -54.096417
101.455116 -54.423612
100.825694 -54.738022
100.199204 -55.039645
99.575644 -55.328484
98.955015 -55.604536
98.337317 -55.867804
97.722551 -56.118285
97.110715 -56.355982
96.501810 -56.580892
95.895837 -56.793018
95.292794 -56.992357
94.692682 -57.178911
94.095502 -57.352680
93.501252 -57.513663
92.909934 -57.661861
92.321546 -57.797273
91.736090 -57.919899
91.153565 -58.029740
90.573970 -58.126796
89.997307 -58.211066
89.423575 -58.282550
88.852773 -58.341249
88.284903 -58.387163
87.719964 -58.420291
87.157956 -58.440633
86.598878 -58.448190
86.042732 -58.442961
85.489517 -58.424947
84.939233 -58.394148
84.391880 -58.350562
83.847458 -58.294192
83.305967 -58.225035
82.767407 -58.143094
82.231778 -58.048366
81.699080 -57.940854
81.169313 -57.820555
80.642477 -57.687472
80.118573 -57.541602
79.597599 -57.382947
79.079556 -57.211507
78.564444 -57.027281
78.052264 -56.830270
77.543014 -56.620473
77.036695 -56.397891
76.533308 -56.162523
76.032851 -55.914369
75.535325 -55.653430
75.040731 -55.379706
74.549067 -55.093196
74.060335 -54.793900
73.574533 -54.481819
73.091663 -54.156953
72.611724 -53.819301
72.134715 -53.468863
71.660638 -53.105640
71.189492 -52.729631
70.721276 -52.340837
70.255992 -51.939257
69.793639 -51.524892
69.334217 -51.097742
68.877725 -50.657805
68.424165 -50.205084
67.973536 -49.739576
67.525838 -49.261284
67.081071 -48.770205
66.639235 -48.266342
66.200330 -47.749692
65.764356 -47.220257
65.331065 -46.682796
64.899850 -46.148943
64.470683 -45.619226
64.043565 -45.093646
63.618496 -44.572202
63.195475 -44.054894
62.774503 -43.541723
62.355579 -43.032688
61.938704 -42.527790
61.523877 -42.027029
61.111098 -41.530403
60.700369 -41.037915
60.291688 -40.549562
59.885055 -40.065347
59.480471 -39.585267
59.077935 -39.109324
58.677448 -38.637518
58.279009 -38.169848
57.882619 -37.706315
57.488278 -37.246918
57.095985 -36.791657
56.705741 -36.340533
56.317545 -35.893545
55.931397 -35.450694
55.547298 -35.011979
55.165248 -34.577401
54.785246 -34.146959
54.407293 -33.720654
54.031388 -33.298485
53.657532 -32.880453
53.285724 -32.466557
52.915965 -32.056798
52.548255 -31.651175
52.182593 -31.249688
51.818979 -30.852338
51.457414 -30.459125
51.097898 -30.070047
50.740430 -29.685107
50.385010 -29.304303
50.031639 -28.927635
49.680317 -28.555104
49.331043 -28.186709
48.983818 -27.822451
48.638641 -27.462329
48.295513 -27.106343
47.954433 -26.754494
47.615402 -26.406782
47.278419 -26.063206
46.943485 -25.723767
46.610599 -25.388463
46.279762 -25.057297
45.950974 -24.730267
45.624234 -24.407373
45.299542 -24.088616
44.976899 -23.773995
44.656305 -23.463511
44.337759 -23.157163
44.021262 -22.854952
43.706813 -22.556877
43.394413 -22.262938
43.084061 -21.973137
42.775758 -21.687471
42.469503 -21.405942
42.165297 -21.128550
41.863139 -20.855293
41.563030 -20.586174
41.264969 -20.321191
40.968957 -20.060344
40.674994 -19.803634
40.383079 -19.551060
40.093212 -19.302623
39.805394 -19.058322
39.519625 -18.818158
39.235904 -18.582130
38.954232 -18.350238
38.674608 -18.122483
38.397033 -17.898865
38.121506 -17.679383
37.848028 -17.464037
37.576598 -17.252828
37.307217 -17.045756
37.039884 -16.842819
36.774600 -16.644020
36.511365 -16.449356
36.250178 -16.258830
35.991039 -16.072439
35.733949 -15.890185
35.478908 -15.712068
35.225915 -15.538087
34.974970 -15.368243
34.726074 -15.202535
34.479227 -15.040963
34.234428 -14.883528
33.991678 -14.730230
33.750976 -14.581068
33.512323 -14.436042
33.275718 -14.295153
33.041162 -14.158400
32.808655 -14.025784
32.578195 -13.897304
32.349785 -13.772961
32.123423 -13.652754
31.899109 -13.536683
31.676844 -13.424749
31.456628 -13.316952
31.238460 -13.213291
31.022341 -13.113766
30.808270 -13.018378
30.596247 -12.927127
30.386274 -12.840012
30.178348 -12.757033
29.972472 -12.678191
29.768643 -12.603485
29.566864 -12.532916
29.367133 -12.466483
29.169450 -12.404186
28.973816 -12.346027
28.780230 -12.292003
28.588693 -12.242116
28.399205 -12.196366
28.211765 -12.154752
28.026373 -12.117274
27.843031 -12.083933
27.661736 -12.054728
27.482490 -12.029660
