218.475412 205.593031
218.867765 199.989683
219.253355 194.443570
219.632182 188.954692
220.004245 183.523050
220.369545 178.148644
220.728081 172.831473
221.079854 167.571538
221.424863 162.368838
221.763109 157.223374
222.094591 152.135146
222.419310 147.104153
222.737266 142.130396
223.048458 137.213874
223.352886 132.354588
223.650551 127.552538
223.941453 122.807723
224.225591 118.120144
224.502965 113.489800
224.773576 108.916692
225.037424 104.400819
225.294508 99.942182
225.544829 95.540781
225.788386 91.196615
226.025180 86.909685
226.255210 82.679991
226.478477 78.507531
226.694980 74.392308
226.904720 70.334320
227.107696 66.333568
227.303909 62.390051
227.493359 58.503770
227.676045 54.674725
227.851967 50.902915
228.021126 47.188340
228.183522 43.531002
228.339154 39.930899
228.488022 36.388031
228.630128 32.902399
228.765469 29.474003
228.894047 26.102842
229.015862 22.788917
229.130913 19.532227
229.239201 16.332773
229.340725 13.190554
229.435486 10.105572
229.523484 7.077824
229.604717 4.107313
229.679188 1.194036
229.746895 -1.662004
229.807838 -4.460809
229.862018 -7.202378
229.909435 -9.886712
229.950088 -12.513810
229.983977 -15.083673
230.011104 -17.596300
230.031466 -20.051691
230.045065 -22.449847
230.051901 -24.790768
230.051973 -27.074452
230.045282 -29.300901
230.031827 -31.470115
230.011609 -33.582093
229.984627 -35.636835
229.950882 -37.634342
229.910374 -39.574613
229.863102 -41.457648
229.809066 -43.283448
229.748267 -45.052013
229.680704 -46.763342
229.606378 -48.417435
229.525289 -50.014293
229.437436 -51.553915
229.342820 -53.036301
229.241440 -54.461452
229.133296 -55.829367
229.018390 -57.140047
228.896719 -58.393491
228.768286 -59.589700
228.633088 -60.728673
228.491128 -61.810410
228.342404 -62.834912
228.186916 -63.802178
228.024665 -64.712208
227.855650 -65.565003
227.679872 -66.360563
227.497331 -67.098887
227.308026 -67.779975
227.111957 -68.403828
226.909125 -68.970445
226.699530 -69.479826
226.483171 -69.931972
226.260048 -70.326883
226.030163 -70.664557
225.793513 -70.944996
225.550101 -71.168200
225.299924 -71.334168
225.042985 -71.442900
224.779281 -71.494397
224.508815 -71.488658
224.231585 -71.425684
223.947591 -71.305474
223.656834 -71.128029
223.359313 -70.893347
223.055029 -70.601431
222.743982 -70.252278
222.426171 -69.845891
222.101596 -69.382267
221.770258 -68.861408
221.432157 -68.283313
221.087292 -67.647983
220.735664 -66.955417
220.377272 -66.205616
220.012117 -65.398579
219.640198 -64.534307
219.261516 -63.612798
218.876070 -62.634055
218.483861 -61.598075
218.084888 -60.504860
217.679152 -59.354410
217.266652 -58.146724
216.847389 -56.881802
216.421363 -55.559645
215.988573 -54.180252
215.549019 -52.743624
215.102800 -51.251800
214.652052 -49.749675
214.197650 -48.255613
213.739596 -46.769615
213.277887 -45.291680
212.812526 -43.821809
212.343511 -42.360001
211.870842 -40.906257
211.394520 -39.460577
210.914545 -38.022960
210.430916 -36.593406
209.943634 -35.171916
209.452698 -33.758490
208.958109 -32.353127
208.459866 -30.955827
207.957970 -29.566591
207.452420 -28.185419
206.943218 -26.812310
206.430361 -25.447265
205.913851 -24.090283
205.393688 -22.741364
204.869871 -21.400510
204.342401 -20.067718
203.811278 -18.742991
203.276501 -17.426326
202.738070 -16.117726
202.195986 -14.817189
201.650249 -13.524715
201.100858 -12.240305
200.547814 -10.963958
199.991116 -9.695675
199.430765 -8.435456
198.866761 -7.183300
198.299103 -5.939207
197.727791 -4.703178
197.152827 -3.475213
196.574208 -2.255311
195.991937 -1.043472
195.406011 0.160302
194.816433 1.356014
194.223201 2.543662
193.626315 3.723246
193.025776 4.894767
192.421584 6.058224
191.813738 7.213618
191.202239 8.360948
190.587086 9.500214
189.968280 10.631418
189.345820 11.754557
188.719707 12.869633
188.089941 13.976646
187.456521 15.075595
186.819448 16.166481
186.178721 17.249303
185.534341 18.324061
184.886307 19.390756
184.234620 20.449387
183.579280 21.499955
182.920286 22.542460
182.257638 23.576901
181.591337 24.603278
180.921383 25.621592
180.247775 26.631842
179.570514 27.634029
178.889600 28.628152
178.205032 29.614212
177.516810 30.592208
176.824935 31.562141
176.129407 32.524010
175.430225 33.477815
174.727390 34.423557
174.020901 35.361236
173.310759 36.290851
172.596963 37.212403
171.879514 38.125891
171.158412 39.031315
170.433656 39.928676
169.705247 40.817973
168.973184 41.699207
168.237468 42.572378
167.498098 43.437485
166.755075 44.294528
166.008398 45.143508
165.258068 45.984424
164.504085 46.817277
163.746448 47.642066
162.985158 48.458792
162.220214 49.267454
161.451617 50.068053
160.679366 50.860588
159.903462 51.645059
159.123905 52.421467
158.340694 53.189812
157.553830 53.950093
156.763312 54.702311
155.969141 55.446464
155.171316 56.182555
154.369838 56.910582
153.564706 57.630545
152.755921 58.342445
151.943483 59.046282
151.127391 59.742054
150.307646 60.429764
149.484247 61.109410
148.657195 61.780992
147.826489 62.444511
146.992130 63.099966
146.154117 63.747357
145.312452 64.386686
144.467132 65.017950
143.618159 65.641151
142.765533 66.256289
141.909253 66.863363
141.049320 67.462374
140.185734 68.053321
139.318493 68.636204
138.447600 69.211024
137.573053 69.777781
136.694853 70.336474
135.812999 70.887103
134.927492 71.429669
134.038331 71.964171
133.145517 72.490610
132.249049 73.008985
131.348928 73.519297
130.446408 74.021685
129.549012 74.516988
128.657996 75.005344
127.773358 75.486755
126.895099 75.961220
126.023219 76.428739
125.157717 76.889312
124.298595 77.342939
123.445851 77.789621
122.599486 78.229356
121.759500 78.662146
120.925893 79.087990
120.098665 79.506888
119.277815 79.918840
118.463345 80.323846
117.655253 80.721907
116.853540 81.113021
116.058206 81.497190
115.269251 81.874413
114.486674 82.244690
113.710477 82.608021
112.940658 82.964407
112.177218 83.313846
111.420158 83.656340
110.669475 83.991888
109.925172 84.320490
109.187248 84.642146
108.455702 84.956856
107.730535 85.264620
107.011747 85.565439
106.299338 85.859311
105.593308 86.146238
104.893657 86.426219
104.200384 86.699254
103.513491 86.965344
102.832976 87.224487
102.158840 87.476685
101.491083 87.721936
100.829704 87.960242
100.174705 88.191602
99.526084 88.416016
98.883843 88.633485
98.247980 88.844007
97.618496 89.047584
96.995390 89.244214
96.378664 89.433899
95.768317 89.616638
95.164348 89.792431
94.566758 89.961279
93.975547 90.123180
93.390715 90.278136
92.812262 90.426146
92.240187 90.567209
91.674492 90.701328
91.115175 90.828500
90.562237 90.948726
90.015678 91.062007
89.475498 91.168341
88.941696 91.267730
88.414274 91.360173
87.893230 91.445670
87.378565 91.524221
86.870279 91.595827
86.368372 91.660486
85.872844 91.718200
85.383694 91.768968
84.900924 91.812790
84.424532 91.849666
83.954519 91.879596
83.490885 91.902580
83.033630 91.918619
82.582754 91.927712
82.138256 91.929858
81.700137 91.925059
81.268398 91.913315
80.843037 91.894624
80.424054 91.868987
80.011451 91.836405
79.605227 91.796877
79.205381 91.750403
78.811914 91.696983
78.424826 91.636617
78.044117 91.569305
77.669787 91.495048
77.301836 91.413844
76.940263 91.325695
76.585070 91.230600
76.236255 91.128559
75.893819 91.019572
75.557762 90.903639
75.228083 90.780761
74.904784 90.650937
74.587863 90.514166
74.277322 90.370450
73.973159 90.219788
73.675375 90.062181
73.383969 89.897627
73.098943 89.726127
72.820295 89.547682
72.548027 89.362291
72.282137 89.169954
72.022626 88.970671
71.769494 88.764442
71.522741 88.551268
71.282366 88.331147
71.048370 88.104081
70.820754 87.870069
70.599516 87.629111
70.384657 87.381207
70.176176 87.126357
69.974075 86.864562
69.778353 86.595820
69.589009 86.320133
69.406044 86.037500
69.229458 85.747921
69.059251 85.451396
68.895423 85.147925
68.737973 84.837509
68.586903 84.520146
68.442211 84.195838
68.303898 83.864584
68.171964 83.526384
68.046409 83.181238
67.927232 82.829147
67.814435 82.470109
67.705343 82.104730
67.593424 81.734484
67.478379 81.359439
67.360210 80.979595
67.238916 80.594953
67.114497 80.205511
66.986954 79.811270
66.856285 79.412230
66.722492 79.008391
66.585574 78.599753
66.445531 78.186316
66.302363 77.768080
66.156070 77.345045
66.006653 76.917211
65.854110 76.484578
65.698443 76.047146
65.539651 75.604915
65.377734 75.157884
65.212692 74.706055
65.044526 74.249427
64.873234 73.788000
64.698818 73.321773
64.521277 72.850748
64.340611 72.374923
64.156820 71.894300
63.969905 71.408878
63.779864 70.918656
63.586699 70.423635
63.390409 69.923816
63.190994 69.419197
62.988454 68.909780
62.782789 68.395563
62.573999 67.876547
62.362085 67.352733
62.147046 66.824119
61.928882 66.290706
61.707593 65.752494
61.483179 65.209483
61.255641 64.661673
61.024977 64.109064
60.791189 63.551657
60.554276 62.989450
60.314238 62.422443
60.071075 61.850638
59.824787 61.274034
59.575375 60.692631
59.322838 60.106429
59.067176 59.515428
58.808389 58.919628
58.546477 58.319028
58.281440 57.713630
58.013279 57.103433
57.741992 56.488436
57.467581 55.868641
57.190045 55.244047
56.909384 54.614653
56.625598 53.980461
56.338688 53.341469
56.048652 52.697679
55.755492 52.049089
55.459207 51.395700
55.159797 50.737513
54.857262 50.074526
54.551603 49.406740
54.242818 48.734156
53.930909 48.056772
53.615875 47.374589
53.297716 46.687607
52.976432 45.995826
52.652023 45.299246
52.324490 44.597867
51.993831 43.891689
51.660048 43.180712
51.323140 42.464936
50.983107 41.744361
50.639950 41.018987
50.293667 40.288814
49.944260 39.553842
49.591727 38.814071
49.236070 38.069501
48.877288 37.320131
48.515382 36.565963
48.150350 35.806996
47.782194 35.043229
47.410912 34.274664
47.036506 33.501299
46.658975 32.723136
46.278319 31.940173
45.894539 31.152412
45.507633 30.359851
45.117603 29.562492
44.724448 28.760333
44.328168 27.953375
43.928763 27.141619
43.526233 26.325063
43.120579 25.503708
42.711799 24.677554
42.299895 23.846602
41.884866 23.010850
41.466712 22.170299
41.045433 21.324949
40.621030 20.474800
40.193501 19.619852
39.762848 18.760105
39.329070 17.895559
38.892167 17.026214
38.452139 16.152070
38.008987 15.273127
37.562709 14.389384
37.113307 13.500843
36.660780 12.607503
36.205128 11.709364
35.746351 10.806425
35.284449 9.898688
34.819422 8.986152
34.351271 8.068816
33.879995 7.146682
33.405594 6.219748
32.928068 5.288016
32.447417 4.351484
31.963642 3.410154
31.476741 2.464024
30.986716 1.513095
30.493566 0.557368
29.997291 -0.403159
