174.125622 -244.295452
174.100830 -244.001357
174.076800 -243.694561
174.053532 -243.375064
174.031026 -243.042865
174.009283 -242.697964
173.988302 -242.340362
173.968082 -241.970058
173.948625 -241.587053
173.929931 -241.191346
173.911998 -240.782937
173.894827 -240.361827
173.878419 -239.928016
173.862773 -239.481502
173.847889 -239.022288
173.833767 -238.550371
173.820407 -238.065754
173.807810 -237.568434
173.795975 -237.058413
173.784901 -236.535691
173.774590 -236.000267
173.765042 -235.452141
173.756255 -234.891314
173.748231 -234.317785
173.740968 -233.731555
173.734468 -233.132623
173.728730 -232.520989
173.723754 -231.896654
173.719541 -231.259618
173.716089 -230.609879
173.713400 -229.947440
173.711473 -229.272298
173.710308 -228.584456
173.709905 -227.883911
173.710265 -227.170665
173.711386 -226.444718
173.713270 -225.706069
173.715916 -224.954718
173.719324 -224.190666
173.723494 -223.413912
173.728426 -222.624457
173.734121 -221.822300
173.740578 -221.007441
173.747797 -220.179881
173.755778 -219.339620
173.764521 -218.486656
173.774026 -217.620992
173.784294 -216.742625
173.795324 -215.851558
173.807116 -214.947788
173.819670 -214.031317
173.832986 -213.102145
173.847065 -212.160271
173.861905 -211.205695
173.877508 -210.238418
173.893873 -209.258439
173.911000 -208.265759
173.928889 -207.260377
173.947541 -206.242293
173.966954 -205.211508
173.987130 -204.168022
174.008068 -203.111833
174.029768 -202.042944
174.052230 -200.961352
174.075455 -199.867060
174.099442 -198.760065
174.124190 -197.640369
174.149701 -196.507972
174.175974 -195.362873
174.203010 -194.205072
174.230807 -193.034570
174.259367 -191.851366
174.288689 -190.655461
174.318773 -189.446854
174.349619 -188.225545
174.381227 -186.991535
174.413598 -185.744824
174.446730 -184.485411
174.480625 -183.213296
174.515282 -181.928480
174.550701 -180.630962
174.586883 -179.320742
174.623826 -177.997821
174.661532 -176.662199
174.700000 -175.313875
174.739230 -173.952849
174.779222 -172.579122
174.819976 -171.192693
174.861493 -169.793563
174.903771 -168.381731
174.946812 -166.957197
174.990615 -165.519962
175.035181 -164.070026
175.080508 -162.607388
175.126597 -161.132048
175.173449 -159.644007
175.221063 -158.143264
175.269439 -156.629820
175.318577 -155.103674
175.368478 -153.564826
175.419140 -152.013277
175.470565 -150.449026
175.522752 -148.872074
175.575701 -147.282420
175.629412 -145.680065
175.683886 -144.065008
175.739121 -142.437250
175.795119 -140.796790
175.851879 -139.143628
175.909401 -137.477765
175.967685 -135.799200
176.026731 -134.107934
176.086540 -132.403966
176.147111 -130.687297
176.208444 -128.957926
176.270539 -127.215853
176.333396 -125.461079
176.397016 -123.693604
176.461397 -121.913426
176.526541 -120.120548
176.592447 -118.314967
176.659115 -116.496685
176.726545 -114.665702
176.794738 -112.822017
176.863692 -110.965630
176.933198 -109.097632
176.998618 -107.242007
177.058053 -105.408567
177.111505 -103.597311
177.158973 -101.808240
177.200457 -100.041353
177.235957 -98.296651
177.265473 -96.574133
177.289005 -94.873800
177.306554 -93.195652
177.318118 -91.539688
177.323699 -89.905909
177.323296 -88.294315
177.316909 -86.704905
177.304538 -85.137680
177.286183 -83.592639
177.261844 -82.069783
177.231522 -80.569111
177.195216 -79.090624
177.152925 -77.634322
177.104651 -76.200204
177.050393 -74.788271
176.990151 -73.398523
176.923926 -72.030959
176.851716 -70.685579
176.773523 -69.362385
176.689345 -68.061375
176.599184 -66.782549
176.503039 -65.525908
176.400910 -64.291452
176.292797 -63.079180
176.178700 -61.889093
176.058620 -60.721190
175.932555 -59.575472
175.800507 -58.451939
175.662475 -57.350590
175.518459 -56.271426
175.368459 -55.214447
175.212475 -54.179652
175.050508 -53.167041
174.882556 -52.176616
174.708621 -51.208375
174.528701 -50.262318
174.342798 -49.338446
174.150911 -48.436759
173.953040 -47.557256
173.749186 -46.699938
173.539347 -45.864804
173.323524 -45.051855
173.101718 -44.261091
172.873928 -43.492511
172.640154 -42.746116
172.400396 -42.021905
172.154654 -41.319879
171.902928 -40.640038
171.645219 -39.982381
171.381525 -39.346909
171.111848 -38.733621
170.836187 -38.142519
170.554542 -37.573600
170.266913 -37.026866
169.973300 -36.502317
169.673703 -35.999953
169.368123 -35.519773
169.056558 -35.061777
168.739010 -34.625966
168.415478 -34.212340
168.085962 -33.820899
167.750462 -33.451642
167.408978 -33.104569
167.061510 -32.779681
166.708059 -32.476978
166.348623 -32.196460
165.983204 -31.938126
165.611801 -31.701976
165.234414 -31.488011
164.851043 -31.296231
164.461688 -31.126636
164.066350 -30.979225
163.665027 -30.853998
163.257721 -30.750956
162.844431 -30.670099
162.425157 -30.611426
161.999899 -30.574938
161.568657 -30.560635
161.131431 -30.568516
160.688222 -30.598582
160.239028 -30.650832
159.783851 -30.725267
159.322690 -30.821887
158.855545 -30.940691
158.382416 -31.081680
157.903303 -31.244853
157.418206 -31.430211
156.927126 -31.637754
156.430061 -31.867481
155.927013 -32.119393
155.417981 -32.393489
154.902965 -32.689770
154.381965 -33.008235
153.854981 -33.348886
153.322014 -33.711720
152.783062 -34.096740
152.238127 -34.503944
151.687208 -34.933332
151.130304 -35.384905
150.567417 -35.858663
149.998547 -36.354605
149.423692 -36.872732
148.842853 -37.413044
148.256031 -37.975540
147.663225 -38.560221
147.064434 -39.167086
146.459660 -39.796136
145.848902 -40.447371
145.232160 -41.120790
144.609435 -41.816393
143.980725 -42.534182
143.346032 -43.274155
142.705355 -44.036312
142.058693 -44.820654
141.406048 -45.627181
140.747419 -46.455892
140.082807 -47.306788
139.412210 -48.179869
138.736557 -49.070969
138.061417 -49.955096
137.387716 -50.828087
136.715455 -51.689939
136.044634 -52.540655
135.375252 -53.380233
134.707311 -54.208674
134.040809 -55.025977
133.375747 -55.832143
132.712125 -56.627171
132.049943 -57.411062
131.389201 -58.183816
130.729898 -58.945432
130.072036 -59.695910
129.415613 -60.435252
128.760630 -61.163456
128.107087 -61.880522
127.454984 -62.586451
126.804320 -63.281243
126.155097 -63.964897
125.507313 -64.637414
124.860969 -65.298794
124.216065 -65.949036
123.572600 -66.588140
122.930576 -67.216108
122.289991 -67.832937
121.650847 -68.438630
121.013142 -69.033185
120.376877 -69.616602
119.742051 -70.188882
119.108666 -70.750025
118.476720 -71.300031
117.846215 -71.838898
117.217149 -72.366629
116.589523 -72.883222
115.963337 -73.388678
115.338590 -73.882996
114.715284 -74.366177
114.093417 -74.838220
113.472990 -75.299126
112.854003 -75.748895
112.236456 -76.187526
111.620348 -76.615020
111.005681 -77.031377
110.392453 -77.436596
109.780665 -77.830677
109.170317 -78.213621
108.561409 -78.585428
107.953941 -78.946097
107.347912 -79.295629
106.743324 -79.634024
106.140175 -79.961281
105.538466 -80.277401
104.938197 -80.582383
104.339367 -80.876228
103.741978 -81.158935
103.146028 -81.430505
102.551518 -81.690938
101.958448 -81.940233
101.366818 -82.178391
100.776628 -82.405411
100.187877 -82.621294
99.600567 -82.826040
99.014696 -83.019648
98.430265 -83.202119
97.847274 -83.373452
97.265723 -83.533648
96.685611 -83.682706
96.106940 -83.820628
95.529708 -83.947411
94.953916 -84.063058
94.379564 -84.167566
93.806651 -84.260938
93.235179 -84.343172
92.665146 -84.414269
92.096554 -84.474228
91.529401 -84.523050
90.963688 -84.560734
90.399414 -84.587281
89.836581 -84.602691
89.275187 -84.606963
88.715234 -84.600097
88.156720 -84.582095
87.599646 -84.552955
87.044012 -84.512677
86.489817 -84.461262
85.937063 -84.398710
85.385748 -84.325020
84.835873 -84.240193
84.287438 -84.144229
83.740443 -84.037127
83.194887 -83.918887
82.650772 -83.789510
82.108096 -83.648996
81.566860 -83.497345
81.027064 -83.334556
80.488708 -83.160629
79.951792 -82.975565
79.416315 -82.779364
78.882279 -82.572025
78.349682 -82.353549
77.818525 -82.123936
77.288808 -81.883185
76.760530 -81.631297
76.233693 -81.368271
75.708295 -81.094108
75.184337 -80.808807
74.661819 -80.512369
74.140741 -80.204794
73.621103 -79.886081
73.102905 -79.556231
72.586146 -79.215243
72.070827 -78.863118
71.556948 -78.499856
71.044509 -78.125456
70.533510 -77.739919
70.023950 -77.343244
69.515831 -76.935432
69.009151 -76.516483
68.503911 -76.086396
68.000111 -75.645171
67.497751 -75.192810
66.996830 -74.729310
66.497350 -74.254674
65.999309 -73.768900
65.503244 -73.274773
65.010464 -72.779098
64.521029 -72.282185
64.034939 -71.784035
63.552194 -71.284646
63.072793 -70.784019
62.596738 -70.282154
62.124027 -69.779050
61.654661 -69.274709
61.188640 -68.769130
60.725963 -68.262312
60.266632 -67.754257
59.810645 -67.244963
59.358004 -66.734431
58.908707 -66.222662
58.462755 -65.709654
58.020147 -65.195408
57.580885 -64.679924
57.144967 -64.163201
56.712395 -63.645241
56.283167 -63.126043
55.857284 -62.605606
55.434746 -62.083932
55.015552 -61.561019
54.599704 -61.036868
54.187200 -60.511479
53.778041 -59.984853
53.372227 -59.456988
52.969758 -58.927884
52.570633 -58.397543
52.174854 -57.865964
51.782419 -57.333147
51.393329 -56.799091
51.007584 -56.263798
50.625184 -55.727266
50.246129 -55.189496
49.870419 -54.650488
49.498053 -54.110242
49.129032 -53.568758
48.763356 -53.026036
48.401025 -52.482076
48.042039 -51.936878
47.686397 -51.390441
47.334101 -50.842767
46.985149 -50.293854
46.639542 -49.743704
46.297280 -49.192315
45.958363 -48.639688
45.622790 -48.085823
45.290563 -47.530720
44.961680 -46.974379
44.636142 -46.416800
44.313949 -45.857982
43.995101 -45.297927
43.679597 -44.736634
43.367439 -44.174102
43.058625 -43.610332
42.753156 -43.045325
42.451032 -42.479079
42.152253 -41.911595
41.856819 -41.342873
41.564729 -40.772913
41.275984 -40.201714
40.990585 -39.629278
40.708530 -39.055604
40.429819 -38.480691
40.154454 -37.904541
39.882434 -37.327152
39.613758 -36.748525
39.348427 -36.168660
39.086441 -35.587557
38.827800 -35.005216
38.572504 -34.421637
38.320552 -33.836820
38.071946 -33.250765
37.826684 -32.663471
37.584767 -32.074940
37.346195 -31.485170
37.110968 -30.894162
36.879085 -30.301917
36.650548 -29.708433
36.425355 -29.113711
36.203507 -28.517751
35.985004 -27.920553
35.769846 -27.322116
35.558032 -26.722442
35.349564 -26.121530
35.144440 -25.519379
34.942661 -24.915991
34.744227 -24.311364
34.549138 -23.705499
34.357393 -23.098396
34.168994 -22.490055
33.983939 -21.880476
33.802229 -21.269659
33.623864 -20.657604
33.448844 -20.044310
33.277169 -19.429779
33.108838 -18.814010
32.943853 -18.197002
32.782212 -17.578756
32.623916 -16.959272
32.468965 -16.338551
32.317358 -15.716591
32.169097 -15.093393
32.024180 -14.468956
31.882608 -13.843282
31.744381 -13.216370
31.609499 -12.588219
31.477962 -11.958831
31.349770 -11.328204
31.224922 -10.696340
31.103419 -10.063237
30.985261 -9.428896
30.870448 -8.793317
30.758980 -8.156500
30.650857 -7.518445
30.546078 -6.879151
30.444644 -6.238620
30.346555 -5.596851
30.251811 -4.953843
30.160412 -4.309597
30.072358 -3.664114
29.987648 -3.017392
29.906283 -2.369432
