179.749003 240.188043
180.739873 233.594523
181.713676 227.074696
182.670413 220.628561
183.610084 214.256119
184.532689 207.957369
185.438227 201.732311
186.326699 195.580945
187.198105 189.503272
188.052444 183.499290
188.889717 177.569002
189.709924 171.712405
190.513064 165.929501
191.299138 160.220289
192.068146 154.584770
192.820088 149.022942
193.554963 143.534807
194.272772 138.120365
194.973515 132.779614
195.657191 127.512556
196.323802 122.319190
196.973345 117.199517
197.605823 112.153536
198.221234 107.181247
198.819579 102.282650
199.400858 97.457746
199.965070 92.706534
200.512216 88.029014
201.042296 83.425187
201.555310 78.895052
202.051257 74.438609
202.530138 70.055858
202.991952 65.746800
203.436701 61.511434
203.864383 57.349760
204.274999 53.261779
204.668548 49.247490
205.045031 45.306893
205.404448 41.439989
205.746799 37.646777
206.072083 33.927257
206.380301 30.281429
206.671453 26.709294
206.945538 23.210851
207.202557 19.786100
207.442510 16.435042
207.665396 13.157676
207.871217 9.954002
208.059971 6.824021
208.231658 3.767732
208.386280 0.785135
208.523835 -2.123770
208.644323 -4.958982
208.747746 -7.720502
208.834102 -10.408330
208.903392 -13.022465
208.955615 -15.562908
208.990773 -18.029659
209.008864 -20.422717
209.009888 -22.742084
208.993847 -24.987758
208.960739 -27.159739
208.910565 -29.258028
208.843324 -31.282625
208.759018 -33.233530
208.657644 -35.110743
208.539205 -36.914263
208.403699 -38.644090
208.251128 -40.300226
208.081489 -41.882669
207.894785 -43.391420
207.691014 -44.826479
207.470177 -46.187845
207.232273 -47.475519
206.977304 -48.689501
206.705268 -49.829790
206.416165 -50.896387
206.109997 -51.889292
205.786762 -52.808505
205.446461 -53.654025
205.089093 -54.425853
204.714660 -55.123989
204.323160 -55.748432
203.914593 -56.299183
203.488961 -56.776242
203.046262 -57.179608
202.586497 -57.509282
202.109665 -57.765264
201.615767 -57.947554
201.104803 -58.056151
200.576773 -58.091056
200.031676 -58.052269
199.469513 -57.939789
198.890284 -57.753617
198.293988 -57.493753
197.680626 -57.160196
197.050198 -56.752948
196.402704 -56.272006
195.738143 -55.717373
195.056516 -55.089047
194.357823 -54.387029
193.642063 -53.611319
192.909237 -52.761916
192.159345 -51.838821
191.392386 -50.842034
190.608362 -49.771555
189.807271 -48.627383
188.989113 -47.409519
188.153890 -46.117962
187.301600 -44.752714
186.432243 -43.313773
185.545821 -41.801140
184.642332 -40.214814
183.721777 -38.554796
182.784155 -36.821086
181.829468 -35.013683
180.857714 -33.132589
179.868893 -31.177802
178.863007 -29.149322
177.840054 -27.047151
176.800035 -24.871287
175.742949 -22.621730
174.668797 -20.298482
173.577579 -17.901541
172.469295 -15.430908
171.344789 -12.890045
170.222648 -10.355127
169.110475 -7.857316
168.008270 -5.396612
166.916033 -2.973015
165.833765 -0.586525
164.761464 1.762857
163.699132 4.075133
162.646768 6.350301
161.604372 8.588362
160.571944 10.789316
159.549484 12.953163
158.536993 15.079903
157.534469 17.169536
156.541914 19.222061
155.559327 21.237480
154.586708 23.215791
153.624057 25.156995
152.671374 27.061092
151.728659 28.928082
150.795913 30.757965
149.873135 32.550740
148.960324 34.306409
148.057482 36.024970
147.164608 37.706425
146.281703 39.350772
145.408765 40.958012
144.545795 42.528145
143.692794 44.061170
142.849761 45.557089
142.016696 47.015901
141.193599 48.437605
140.380470 49.822202
139.577309 51.169692
138.784117 52.480075
138.000892 53.753351
137.227636 54.989520
136.464348 56.188581
135.711028 57.350536
134.967676 58.475383
134.234292 59.563124
133.510877 60.613757
132.797429 61.627283
132.093950 62.603702
131.400439 63.543013
130.716896 64.445218
130.043321 65.310315
129.379714 66.138306
128.726076 66.929189
128.082405 67.682965
127.448703 68.399634
126.824969 69.079196
126.211202 69.721650
125.607405 70.326998
125.013575 70.895239
124.429713 71.426372
123.855820 71.920398
123.291894 72.377317
122.737937 72.797129
122.193948 73.179834
121.659927 73.525432
121.135874 73.833922
120.621790 74.105306
120.117673 74.339582
119.623525 74.536751
119.139344 74.696813
118.665132 74.819768
118.200888 74.905616
117.746613 74.954357
117.302305 74.965990
116.867965 74.940517
116.443594 74.877936
116.029191 74.778248
115.624755 74.641453
115.230288 74.467551
114.845790 74.256542
114.471259 74.008426
114.106696 73.723202
113.752102 73.400872
113.407476 73.041434
113.072817 72.644889
112.748127 72.211237
112.433405 71.740478
112.128652 71.232612
111.833866 70.687638
111.549049 70.105558
111.274199 69.486370
111.009318 68.830076
110.754405 68.136674
110.509460 67.406165
110.274483 66.638549
110.049475 65.833825
109.834434 64.991995
109.629362 64.113058
109.434258 63.197013
109.249121 62.243861
109.073954 61.253602
108.908754 60.226236
108.753522 59.161763
108.608259 58.060183
108.472963 56.921496
108.347636 55.745701
108.232277 54.532799
108.126886 53.282791
108.031463 51.995675
107.946008 50.671452
107.870522 49.310122
107.805003 47.911684
107.749453 46.476140
107.703871 45.003489
107.668257 43.493730
107.642611 41.946864
107.626933 40.362891
107.621224 38.741811
107.625482 37.083624
107.639709 35.388330
107.663904 33.655928
107.698067 31.886420
107.742198 30.079804
107.796297 28.236081
107.860364 26.355252
107.934400 24.437314
108.018404 22.482270
108.112375 20.490119
108.216315 18.460861
108.328478 16.402363
108.438387 14.361830
108.544297 12.347130
108.646207 10.358264
108.744119 8.395230
108.838032 6.458030
108.927946 4.546662
109.013861 2.661128
109.095776 0.801426
109.173693 -1.032442
109.247610 -2.840478
109.317529 -4.622680
109.383448 -6.379050
109.445369 -8.109586
109.503290 -9.814290
109.557212 -11.493160
109.607136 -13.146198
109.653060 -14.773402
109.694985 -16.374774
109.732911 -17.950312
109.766838 -19.500018
109.796766 -21.023890
109.822695 -22.521930
109.844625 -23.994136
109.862556 -25.440510
109.876487 -26.861050
109.886420 -28.255758
109.892354 -29.624632
109.894288 -30.967674
109.892224 -32.284882
109.886160 -33.576258
109.876098 -34.841800
109.862036 -36.081510
109.843976 -37.295386
109.821916 -38.483430
109.795857 -39.645640
109.765799 -40.782018
109.731743 -41.892562
109.693687 -42.977274
109.651632 -44.036152
109.605578 -45.069198
109.555525 -46.076410
109.501472 -47.057790
109.443421 -48.013336
109.381371 -48.943049
109.315322 -49.846930
109.245273 -50.724977
109.171226 -51.577192
109.093180 -52.403573
109.011134 -53.204122
108.925090 -53.978837
108.835046 -54.727720
108.741003 -55.450769
108.642962 -56.147986
108.540921 -56.819369
108.434881 -57.464919
108.324842 -58.084637
108.210804 -58.678521
108.092767 -59.246573
107.970731 -59.788791
107.844696 -60.305177
107.714662 -60.795729
107.580629 -61.260448
107.442597 -61.699335
107.300566 -62.112388
107.154535 -62.499609
107.004506 -62.860996
106.850478 -63.196551
106.692450 -63.506272
106.530423 -63.790160
106.364398 -64.048216
106.194373 -64.280438
106.020350 -64.486828
105.842327 -64.667384
105.660305 -64.822107
105.474284 -64.950998
105.284264 -65.054055
105.090245 -65.131280
104.892227 -65.182671
104.690210 -65.208229
104.484194 -65.207955
104.274179 -65.181847
104.060165 -65.129907
103.842152 -65.052133
103.620139 -64.948526
103.394128 -64.819087
103.164117 -64.663814
102.930108 -64.482709
102.692099 -64.275770
102.450092 -64.042998
102.204085 -63.784394
101.954080 -63.499956
101.700075 -63.189685
101.442071 -62.853582
101.180068 -62.491645
100.914066 -62.103875
100.644065 -61.690273
100.370065 -61.250837
100.092066 -60.785569
99.810068 -60.294467
99.524071 -59.777532
99.234075 -59.234765
98.940080 -58.666164
98.642085 -58.071730
98.340092 -57.451464
98.034100 -56.805364
97.724108 -56.133431
97.410118 -55.435666
97.092128 -54.712067
96.770139 -53.962635
96.444152 -53.187371
96.114165 -52.386273
95.780179 -51.559342
95.442194 -50.706579
95.100211 -49.827982
94.754228 -48.923552
94.404246 -47.993290
94.050265 -47.037194
93.692284 -46.055265
93.330305 -45.047504
92.964327 -44.013909
92.594350 -42.954481
92.220374 -41.869221
91.842398 -40.758127
91.460424 -39.621200
91.074871 -38.468841
90.686770 -37.326475
90.296167 -36.195256
89.903062 -35.075185
89.507455 -33.966262
89.109346 -32.868486
88.708736 -31.781859
88.305623 -30.706379
87.900008 -29.642047
87.491892 -28.588863
87.081273 -27.546827
86.668152 -26.515938
86.252530 -25.496198
85.834406 -24.487605
85.413779 -23.490160
84.990651 -22.503863
84.565021 -21.528714
84.136889 -20.564712
83.706255 -19.611858
83.273119 -18.670153
82.837481 -17.739595
82.399341 -16.820184
81.958699 -15.911922
81.515555 -15.014808
81.069910 -14.128841
80.621762 -13.254022
80.171112 -12.390351
79.717961 -11.537828
79.262307 -10.696452
78.804152 -9.866225
78.343495 -9.047145
77.880335 -8.239213
77.414674 -7.442429
76.946511 -6.656792
76.475846 -5.882304
76.002679 -5.118963
75.527010 -4.366770
75.048839 -3.625725
74.568166 -2.895828
74.084991 -2.177079
73.599315 -1.469477
73.111136 -0.773024
72.620455 -0.087718
72.127273 0.586440
71.631588 1.249450
71.133402 1.901313
70.632713 2.542028
70.129523 3.171594
69.623831 3.790013
69.115637 4.397284
68.604941 4.993408
68.091743 5.578383
67.576043 6.152211
67.057841 6.714891
66.537137 7.266423
66.013931 7.806807
65.488223 8.336043
64.960014 8.854132
64.429302 9.361072
63.896088 9.856865
63.360373 10.341510
62.822156 10.815008
62.281436 11.277357
61.738215 11.728559
61.192492 12.168612
60.644266 12.597518
60.093539 13.015276
59.540310 13.421887
58.984579 13.817349
58.426346 14.201664
57.865611 14.574831
57.302375 14.936850
56.736636 15.287721
56.168395 15.627444
55.597652 15.956020
55.024408 16.273447
54.448661 16.579727
53.870413 16.874859
53.289663 17.158844
52.706410 17.431680
52.120656 17.693369
51.532400 17.943909
50.941642 18.183302
50.348381 18.411547
49.752619 18.628645
49.154355 18.834594
48.553590 19.029396
47.950322 19.213050
47.344552 19.385556
46.736280 19.546914
46.125507 19.697124
45.512231 19.836187
44.896453 19.964101
44.278174 20.080868
43.657393 20.186487
43.034109 20.280958
42.408324 20.364282
41.780037 20.436457
41.149248 20.497485
40.515956 20.547365
39.880163 20.586097
39.241868 20.613682
38.601072 20.630118
37.957773 20.635407
37.311972 20.629547
36.663669 20.612540
36.012864 20.584386
35.359558 20.545083
34.703749 20.494632
34.045439 20.433034
33.384626 20.360288
32.721312 20.276394
32.055496 20.181352
31.387177 20.075163
30.716357 19.957825
30.043035 19.829340
29.367211 19.689707
28.688885 19.538926
28.008057 19.376997
27.324727 19.203921
26.638896 19.019696
25.950562 18.824324
25.259726 18.617804
24.566388 18.400136
23.870549 18.171321
