293.788061 60.733641
293.565709 58.215458
293.336168 55.713500
293.099438 53.227765
292.855519 50.758255
292.604411 48.304968
292.346115 45.867906
292.080629 43.447067
291.807955 41.042453
291.528091 38.654063
291.241039 36.281897
290.946797 33.925954
290.645367 31.586236
290.336748 29.262742
290.020940 26.955472
289.697943 24.664426
289.367757 22.389604
289.030383 20.131006
288.685819 17.888632
288.334066 15.662483
287.975125 13.452557
287.608994 11.258855
287.235675 9.081377
286.855166 6.920124
286.467469 4.775094
286.072583 2.646289
285.670508 0.533707
285.261244 -1.562650
284.844791 -3.642784
284.421149 -5.706693
283.990319 -7.754378
283.552299 -9.785840
283.107091 -11.801077
282.654693 -13.800090
282.195107 -15.782879
281.728331 -17.749444
281.254367 -19.699785
280.773214 -21.633902
280.284872 -23.551795
279.789341 -25.453464
279.286621 -27.338909
278.776712 -29.208130
278.259615 -31.061127
277.735328 -32.897900
277.203852 -34.718448
276.665188 -36.522773
276.119334 -38.310873
275.566292 -40.082750
275.006061 -41.838403
274.438641 -43.577831
273.864032 -45.301035
273.282234 -47.008016
272.693247 -48.698772
272.097071 -50.373304
271.493706 -52.031613
270.883152 -53.673697
270.265410 -55.299557
269.640478 -56.909193
269.008358 -58.502605
268.369049 -60.079793
267.722550 -61.640757
267.068863 -63.185497
266.407987 -64.714013
265.739922 -66.226305
265.064668 -67.722373
264.382225 -69.202216
263.692594 -70.665836
262.995773 -72.113232
262.291763 -73.544403
261.580565 -74.959351
260.862177 -76.358074
260.136601 -77.740574
259.403836 -79.106849
258.663882 -80.456901
257.916739 -81.790728
257.162406 -83.108331
256.400886 -84.409711
255.632176 -85.694866
254.856277 -86.963797
254.073189 -88.216504
253.282913 -89.452987
252.485447 -90.673246
251.680793 -91.877281
250.868949 -93.065092
250.049917 -94.236679
249.223696 -95.392042
248.390286 -96.531181
247.549687 -97.654095
246.701899 -98.760786
245.846922 -99.851253
244.984756 -100.925495
244.115401 -101.983514
243.238858 -103.025308
242.355125 -104.050879
241.464204 -105.060225
240.566093 -106.053348
239.660794 -107.030246
238.748306 -107.990920
237.828629 -108.935371
236.901763 -109.863597
235.967708 -110.775599
235.026464 -111.671377
234.078031 -112.550931
233.122409 -113.414261
232.159599 -114.261367
231.189599 -115.092249
230.212411 -115.906907
229.228033 -116.705341
228.236467 -117.487551
227.237712 -118.253536
226.231768 -119.003298
225.218635 -119.736836
224.198313 -120.454149
223.170802 -121.155239
222.136102 -121.840104
221.094213 -122.508746
220.045136 -123.161163
218.988869 -123.797357
217.925414 -124.417326
216.854769 -125.021071
215.776936 -125.608593
214.691914 -126.179890
213.599703 -126.734963
212.500302 -127.273812
211.393713 -127.796437
210.280284 -128.302687
209.167673 -128.789223
208.059016 -129.254681
206.954312 -129.699061
205.853561 -130.122362
204.756763 -130.524585
203.663918 -130.905730
202.575026 -131.265796
201.490087 -131.604785
200.409101 -131.922694
199.332068 -132.219526
198.258989 -132.495279
197.189862 -132.749954
196.124688 -132.983551
195.063468 -133.196069
194.006200 -133.387509
192.952886 -133.557871
191.903525 -133.707154
190.858116 -133.835359
189.816661 -133.942486
188.779159 -134.028535
187.745610 -134.093505
186.716014 -134.137397
185.690371 -134.160210
184.668681 -134.161946
183.650944 -134.142603
182.637160 -134.102181
181.627330 -134.040682
180.621452 -133.958104
179.619527 -133.854448
178.621556 -133.729713
177.627537 -133.583900
176.637472 -133.417009
175.651360 -133.229040
174.669200 -133.019992
173.690994 -132.789866
172.716741 -132.538661
171.746441 -132.266379
170.780094 -131.973018
169.817700 -131.658579
168.859259 -131.323061
167.904771 -130.966465
166.954236 -130.588791
166.007655 -130.190038
165.065026 -129.770208
164.126351 -129.329299
163.191628 -128.867311
162.260859 -128.384245
161.334042 -127.880101
160.411179 -127.354879
159.492269 -126.808578
158.577311 -126.241199
157.666307 -125.652742
156.759256 -125.043207
155.856158 -124.412593
154.957013 -123.760901
154.061821 -123.088130
153.170582 -122.394281
152.283297 -121.679354
151.399964 -120.943349
150.520584 -120.186265
149.645158 -119.408103
148.773684 -118.608863
147.906164 -117.788545
147.042596 -116.947148
146.182982 -116.084672
145.327321 -115.201119
144.475612 -114.296487
143.627857 -113.370777
142.784055 -112.423989
141.944206 -111.456122
141.108310 -110.467177
140.276367 -109.457154
139.448378 -108.426052
138.624341 -107.373872
137.804257 -106.300614
136.988126 -105.206277
136.175949 -104.090862
135.367724 -102.954369
134.563453 -101.796798
133.763134 -100.618148
132.966769 -99.418420
132.174357 -98.197614
131.385898 -96.955729
130.601391 -95.692766
129.820838 -94.408725
129.044238 -93.103605
128.271591 -91.777407
127.502897 -90.430131
126.738157 -89.061776
125.977369 -87.672344
125.220534 -86.261832
124.467653 -84.830243
123.718724 -83.377575
122.973748 -81.903829
122.232726 -80.409005
121.495657 -78.893102
120.762540 -77.356121
120.033377 -75.798062
119.308167 -74.218925
118.586910 -72.618709
117.869605 -70.997415
117.156254 -69.355042
116.446857 -67.691591
115.741412 -66.007062
115.039920 -64.301455
114.342381 -62.574769
113.648795 -60.827005
112.959163 -59.058163
112.273483 -57.268242
111.591757 -55.457243
110.913983 -53.625166
110.240163 -51.772011
109.570295 -49.897777
108.904381 -48.002465
108.242420 -46.086074
107.584412 -44.148606
106.930357 -42.190059
106.280255 -40.210433
105.634106 -38.209730
104.991910 -36.187948
104.353667 -34.145087
103.719377 -32.081149
103.089040 -29.996132
102.462657 -27.890037
101.840390 -25.768827
101.223227 -23.668281
100.611330 -21.594363
100.004700 -19.547073
99.403337 -17.526410
98.807240 -15.532375
98.216411 -13.564968
97.630848 -11.624189
97.050553 -9.710037
96.475524 -7.822513
95.905762 -5.961617
95.341267 -4.127348
94.782039 -2.319707
94.228077 -0.538694
93.679383 1.215691
93.135955 2.943449
92.597794 4.644579
92.064900 6.319081
91.537273 7.966955
91.014913 9.588202
90.497820 11.182821
89.985993 12.750812
89.479434 14.292176
88.978141 15.806912
88.482115 17.295020
87.991356 18.756500
87.505864 20.191353
87.025639 21.599578
86.550680 22.981175
86.080989 24.336145
85.616564 25.664487
85.157406 26.966201
84.703515 28.241287
84.254891 29.489746
83.811534 30.711577
83.373444 31.906780
82.940620 33.075355
82.513063 34.217303
82.090774 35.332623
81.673751 36.421315
81.261995 37.483380
80.855505 38.518817
80.454283 39.527626
80.058328 40.509807
79.667639 41.465361
79.282217 42.394287
78.902062 43.296585
78.527174 44.172256
78.157553 45.021299
77.793199 45.843714
77.434112 46.639501
77.080291 47.408661
76.731737 48.151193
76.388450 48.867097
76.050430 49.556373
75.717677 50.219022
75.390191 50.855043
75.067972 51.464436
74.751019 52.047202
74.439333 52.603340
74.132915 53.132850
73.831763 53.635732
73.535878 54.111987
73.245259 54.561614
72.959908 54.984613
72.679824 55.380985
72.405006 55.750729
72.135455 56.093845
71.871171 56.410333
71.612154 56.700194
71.358404 56.963427
71.109921 57.200032
70.866704 57.410009
70.628755 57.593359
70.396072 57.750081
70.168656 57.880175
69.946507 57.983642
69.729625 58.060481
69.518010 58.110692
69.311661 58.134275
69.110580 58.131231
68.914765 58.101559
68.724217 58.045259
68.538936 57.962332
68.358922 57.852776
68.184175 57.716594
68.014695 57.553783
67.850481 57.364345
67.691535 57.148278
67.537855 56.905585
67.389442 56.636263
67.246296 56.340314
67.108417 56.017737
66.975804 55.668532
66.848459 55.292700
66.726380 54.890240
66.609569 54.461152
66.498024 54.005436
66.391746 53.523093
66.290735 53.014122
66.194990 52.478523
66.104513 51.916297
66.019302 51.327442
65.939359 50.711960
65.864682 50.069851
65.795272 49.401113
65.731129 48.705748
65.672253 47.983756
65.618643 47.235135
65.570301 46.459887
65.527225 45.658011
65.489416 44.829507
65.456874 43.974376
65.429599 43.092617
65.407591 42.184230
65.390850 41.249215
65.379375 40.287573
65.373168 39.299303
65.372227 38.284405
65.376553 37.242880
65.386146 36.174726
65.401006 35.079945
65.421133 33.958537
65.446526 32.810500
65.477187 31.635836
65.510131 30.445922
65.538065 29.268569
65.560658 28.105041
65.577911 26.955339
65.589823 25.819463
65.596393 24.697411
65.597623 23.589186
65.593512 22.494785
65.584060 21.414211
65.569267 20.347461
65.549133 19.294537
65.523658 18.255439
65.492843 17.230166
65.456686 16.218719
65.415189 15.221097
65.368350 14.237300
65.316171 13.267329
65.258650 12.311183
65.195789 11.368863
65.127587 10.440369
65.054044 9.525699
64.975160 8.624856
64.890935 7.737837
64.801369 6.864645
64.706462 6.005277
64.606214 5.159735
64.500626 4.328019
64.389696 3.510128
64.273425 2.706062
64.151814 1.915822
64.024862 1.139408
63.892568 0.376819
63.754934 -0.371945
63.611959 -1.106883
63.463643 -1.827996
63.309986 -2.535283
63.150988 -3.228745
62.986649 -3.908381
62.816970 -4.574192
62.641949 -5.226177
62.461587 -5.864337
62.275885 -6.488672
62.084841 -7.099180
61.888457 -7.695864
61.686732 -8.278722
61.479666 -8.847755
61.267258 -9.402962
61.049510 -9.944343
60.826421 -10.471900
60.597991 -10.985630
60.364221 -11.485536
60.125109 -11.971615
59.880656 -12.443870
59.630863 -12.902298
59.375728 -13.346902
59.115253 -13.777680
58.849436 -14.194632
58.578279 -14.597759
58.301781 -14.987061
58.019942 -15.362537
57.732762 -15.724187
57.440241 -16.072013
57.142379 -16.406012
56.839176 -16.726186
56.530632 -17.032535
56.216747 -17.325058
55.897522 -17.603756
55.572955 -17.868629
55.243048 -18.119675
54.907799 -18.356897
54.567210 -18.580293
54.221280 -18.789863
53.870009 -18.985608
53.513397 -19.167528
53.151444 -19.335622
52.784150 -19.489891
52.411515 -19.630334
52.033539 -19.756951
51.650222 -19.869744
51.261565 -19.968710
50.867566 -20.053852
50.468227 -20.125167
50.063546 -20.182658
49.653525 -20.226323
49.238163 -20.256162
48.817460 -20.272176
48.391416 -20.274365
47.960031 -20.262728
47.523305 -20.237265
47.081238 -20.197977
46.633830 -20.144864
46.181081 -20.077925
45.722992 -19.997161
45.259561 -19.902571
44.790790 -19.794156
44.316677 -19.671915
43.837224 -19.535849
43.352430 -19.385957
42.862295 -19.222240
42.366819 -19.044698
41.866002 -18.853330
41.359844 -18.648136
40.848345 -18.429117
40.331505 -18.196273
39.809324 -17.949603
39.281803 -17.689108
38.748940 -17.414787
38.210737 -17.126641
37.667192 -16.824669
37.118307 -16.508872
36.564081 -16.179249
36.004514 -15.835801
35.439605 -15.478527
34.869356 -15.107428
34.293767 -14.722504
33.712836 -14.323754
33.126564 -13.911178
32.534951 -13.484777
31.937998 -13.044551
31.335703 -12.590499
30.728068 -12.122622
30.115091 -11.640919
29.496774 -11.145391
28.873116 -10.636037
28.244116 -10.112858
