227.235313 195.867589
227.636361 191.610923
228.030241 187.392181
228.416954 183.211362
228.796501 179.068467
229.168881 174.963495
229.534094 170.896447
229.892140 166.867322
230.243019 162.876121
230.586731 158.922843
230.923276 155.007488
231.252655 151.130057
231.574866 147.290549
231.889911 143.488965
232.197789 139.725304
232.498500 135.999567
232.792044 132.311753
233.078422 128.661862
233.357632 125.049895
233.629676 121.475852
233.894553 117.939732
234.152262 114.441535
234.402805 110.981262
234.646182 107.558912
234.882391 104.174486
235.111433 100.827983
235.333309 97.519403
235.548017 94.248747
235.755559 91.016015
235.955934 87.821206
236.149142 84.664320
236.335183 81.545358
236.514058 78.464319
236.685765 75.421203
236.850306 72.416012
237.007680 69.448743
237.157886 66.519398
237.300926 63.627976
237.436800 60.774478
237.565506 57.958904
237.687045 55.181252
237.801418 52.441525
237.908624 49.739720
238.008662 47.075839
238.101534 44.449882
238.187239 41.861848
238.265778 39.311737
238.337149 36.799550
238.401353 34.325286
238.458391 31.888946
238.508262 29.490529
238.550966 27.130036
238.586503 24.807466
238.614873 22.522820
238.636076 20.276097
238.650113 18.067297
238.656982 15.896421
238.656685 13.763468
238.649221 11.668439
238.634590 9.611333
238.612792 7.592151
238.583827 5.610892
238.547695 3.667556
238.504397 1.762144
238.453931 -0.105344
238.396299 -1.934909
238.331500 -3.726551
238.259534 -5.480269
238.180401 -7.196064
238.094101 -8.873936
238.000635 -10.513884
237.900001 -12.115908
237.792201 -13.680009
237.677234 -15.206187
237.555100 -16.694441
237.425799 -18.144771
237.289331 -19.557179
237.145697 -20.931663
236.994895 -22.268223
236.836927 -23.566860
236.671792 -24.827573
236.499490 -26.050363
236.320021 -27.235230
236.133385 -28.382173
235.939582 -29.491193
235.738612 -30.562289
235.530476 -31.595462
235.315173 -32.590711
235.092703 -33.548037
234.863066 -34.467440
234.626262 -35.348919
234.382291 -36.192474
234.131153 -36.998107
233.872849 -37.765815
233.607378 -38.495600
233.334739 -39.187462
233.054934 -39.841401
232.767962 -40.457416
232.473823 -41.035507
232.172518 -41.575675
231.864045 -42.077920
231.548406 -42.542241
231.225600 -42.968639
230.895626 -43.357113
230.558486 -43.707664
230.214179 -44.020291
229.862706 -44.294995
229.504065 -44.531776
229.138258 -44.730633
228.765283 -44.891566
228.385142 -45.014576
227.997834 -45.099663
227.603359 -45.146826
227.201717 -45.156066
226.792909 -45.127383
226.376933 -45.060775
225.953791 -44.956245
225.523481 -44.813791
225.086005 -44.633414
224.641362 -44.415113
224.189552 -44.158889
223.730576 -43.864741
223.264432 -43.532670
222.791122 -43.162675
222.310644 -42.754757
221.823176 -42.310367
221.332588 -41.861448
220.840464 -41.421067
220.346804 -40.989223
219.851609 -40.565917
219.354877 -40.151149
218.856609 -39.744918
218.356805 -39.347225
217.855466 -38.958070
217.352590 -38.577452
216.848178 -38.205372
216.342230 -37.841829
215.834747 -37.486825
215.325727 -37.140358
214.815171 -36.802429
214.303080 -36.473037
213.789452 -36.152183
213.274289 -35.839867
212.757589 -35.536088
212.239354 -35.240847
211.719582 -34.954144
211.198275 -34.675978
210.675431 -34.406351
210.151052 -34.145260
209.625136 -33.892708
209.097685 -33.648693
208.568698 -33.413216
208.038174 -33.186276
207.506115 -32.967874
206.972520 -32.758010
206.437389 -32.556684
205.900721 -32.363895
205.362518 -32.179644
204.822779 -32.003931
204.281504 -31.836755
203.738692 -31.678117
203.194345 -31.528016
202.648462 -31.386454
202.101043 -31.253429
201.552088 -31.128941
201.001597 -31.012992
200.449570 -30.905580
199.896007 -30.806705
199.340908 -30.716369
198.784273 -30.634570
198.226102 -30.561308
197.666395 -30.496585
197.105152 -30.440399
196.542373 -30.392750
195.978058 -30.353640
195.412208 -30.323067
194.844821 -30.301032
194.275898 -30.287534
193.705439 -30.282574
193.133444 -30.286152
192.559914 -30.298268
191.984847 -30.318921
191.408244 -30.348111
190.830106 -30.385840
190.250431 -30.432106
189.669220 -30.486910
189.086474 -30.550252
188.502191 -30.622131
187.916372 -30.702548
187.329018 -30.791502
186.740127 -30.888994
186.149701 -30.995024
185.557738 -31.109592
184.964240 -31.232697
184.369206 -31.364340
183.772635 -31.504521
183.174529 -31.653239
182.574886 -31.810495
181.973708 -31.976289
181.370994 -32.150620
180.766743 -32.333489
180.160957 -32.524896
179.553635 -32.724840
178.944777 -32.933322
178.334382 -33.150342
177.722452 -33.375899
177.108986 -33.609995
176.493984 -33.852627
175.877446 -34.103798
175.259372 -34.363506
174.639761 -34.631752
174.018615 -34.908535
173.395933 -35.193856
172.771715 -35.487715
172.145961 -35.790112
171.518671 -36.101046
170.889845 -36.420518
170.259483 -36.748527
169.627585 -37.085074
168.994152 -37.430159
168.359182 -37.783782
167.722676 -38.145942
167.084634 -38.516640
166.445056 -38.895876
165.803942 -39.283649
165.161293 -39.679960
164.517107 -40.084808
163.871385 -40.498195
163.224127 -40.920119
162.575334 -41.350580
161.925004 -41.789580
161.273138 -42.237117
160.619737 -42.693191
159.964799 -43.157804
159.308326 -43.630954
158.650316 -44.112642
157.990770 -44.602867
157.329689 -45.101630
156.667071 -45.608931
156.002918 -46.124769
155.337229 -46.649145
154.670003 -47.182059
154.001242 -47.723511
153.330944 -48.273500
152.659111 -48.832027
151.985742 -49.399091
151.310836 -49.974693
150.634395 -50.558833
149.956418 -51.151511
149.276904 -51.752726
148.596340 -52.360291
147.917631 -52.961080
147.241263 -53.552905
146.567236 -54.135766
145.895549 -54.709662
145.226203 -55.274595
144.559198 -55.830564
143.894533 -56.377569
143.232209 -56.915609
142.572226 -57.444686
141.914583 -57.964798
141.259281 -58.475947
140.606320 -58.978132
139.955699 -59.471352
139.307419 -59.955609
138.661480 -60.430901
138.017881 -60.897230
137.376623 -61.354594
136.737706 -61.802994
136.101129 -62.242431
135.466893 -62.672903
134.834997 -63.094411
134.205442 -63.506956
133.578228 -63.910536
132.953355 -64.305152
132.330822 -64.690804
131.710630 -65.067493
131.092778 -65.435217
130.477267 -65.793977
129.864097 -66.143773
129.253267 -66.484605
128.644778 -66.816473
128.038630 -67.139377
127.434823 -67.453317
126.833356 -67.758293
126.234229 -68.054305
125.637444 -68.341353
125.042999 -68.619437
124.450894 -68.888557
123.861131 -69.148713
123.273708 -69.399904
122.688625 -69.642132
122.105884 -69.875396
121.525483 -70.099696
120.947422 -70.315031
120.371702 -70.521403
119.798323 -70.718811
119.227285 -70.907254
118.658587 -71.086734
118.092230 -71.257250
117.528214 -71.418801
116.966538 -71.571389
116.407203 -71.715012
115.850208 -71.849672
115.295554 -71.975367
114.743241 -72.092098
114.193269 -72.199866
113.645637 -72.298669
113.100345 -72.388508
112.557395 -72.469384
112.016785 -72.541295
111.478516 -72.604242
110.942587 -72.658225
110.408999 -72.703245
109.877752 -72.739300
109.348845 -72.766391
108.822279 -72.784518
108.298054 -72.793681
107.776169 -72.793880
107.256625 -72.785115
106.739422 -72.767386
106.224559 -72.740693
105.712037 -72.705036
105.201856 -72.660415
104.694015 -72.606830
104.188515 -72.544281
103.685356 -72.472768
103.184537 -72.392290
102.686059 -72.302849
102.189921 -72.204444
101.696124 -72.097075
101.204668 -71.980741
100.715553 -71.855444
100.228778 -71.721183
99.744344 -71.577957
99.262250 -71.425768
98.782497 -71.264615
98.305085 -71.094497
97.830014 -70.915416
97.357283 -70.727370
96.886892 -70.530361
96.418843 -70.324387
95.953134 -70.109449
95.489766 -69.885548
95.028738 -69.652682
94.570051 -69.410852
94.113705 -69.160059
93.659699 -68.900301
93.208034 -68.631579
92.758710 -68.353893
92.311726 -68.067244
91.867083 -67.771630
91.424781 -67.467052
90.984819 -67.153510
90.547198 -66.831004
90.111917 -66.499534
89.678978 -66.159100
89.248379 -65.809702
88.820120 -65.451340
88.394202 -65.084014
87.970625 -64.707724
87.549389 -64.322470
87.130493 -63.928252
86.713938 -63.525070
86.299723 -63.112923
85.887849 -62.691813
85.478316 -62.261739
85.071124 -61.822701
84.666272 -61.374698
84.263761 -60.917732
83.863590 -60.451802
83.465760 -59.976907
83.070271 -59.493049
82.677122 -59.000227
82.286314 -58.498440
81.896727 -57.991172
81.505623 -57.486936
81.112878 -56.986119
80.718492 -56.488720
80.322465 -55.994740
79.924797 -55.504178
79.525488 -55.017035
79.124537 -54.533311
78.721946 -54.053005
78.317713 -53.576118
77.911840 -53.102650
77.504325 -52.632600
77.095169 -52.165969
76.684372 -51.702757
76.271934 -51.242963
75.857855 -50.786588
75.442135 -50.333631
75.024774 -49.884094
74.605771 -49.437974
74.185128 -48.995274
73.762843 -48.555992
73.338918 -48.120129
72.913351 -47.687684
72.486143 -47.258658
72.057294 -46.833051
71.626804 -46.410863
71.194673 -45.992093
70.760901 -45.576741
70.325488 -45.164809
69.888434 -44.756295
69.449738 -44.351199
69.009402 -43.949523
68.567424 -43.551265
68.123805 -43.156425
67.678546 -42.765004
67.231645 -42.377002
66.783103 -41.992419
66.332920 -41.611254
65.881096 -41.233508
65.427630 -40.859180
64.972524 -40.488271
64.515777 -40.120781
64.057388 -39.756710
63.597359 -39.396057
63.135688 -39.038822
62.672376 -38.685007
62.207423 -38.334610
61.740829 -37.987631
61.272594 -37.644072
60.802718 -37.303931
60.331201 -36.967208
59.858043 -36.633904
59.383243 -36.304019
58.906803 -35.977553
58.428721 -35.654505
57.948998 -35.334876
57.467635 -35.018665
56.984630 -34.705874
56.499984 -34.396500
56.013697 -34.090546
55.525769 -33.788010
55.036200 -33.488893
54.544989 -33.193194
54.052138 -32.900914
53.557645 -32.612053
53.061512 -32.326610
52.563737 -32.044586
52.064321 -31.765981
51.563265 -31.490794
51.060567 -31.219026
50.556228 -30.950676
50.050248 -30.685746
49.542626 -30.424234
49.033364 -30.166140
48.522461 -29.911465
48.009916 -29.660209
47.495731 -29.412371
46.979904 -29.167953
46.462436 -28.926952
45.943327 -28.689371
45.422578 -28.455208
44.900187 -28.224463
44.376154 -27.997138
43.850481 -27.773231
43.323167 -27.552742
42.794212 -27.335673
42.263615 -27.122022
41.731378 -26.911789
41.197499 -26.704976
40.661979 -26.501580
40.124819 -26.301604
39.586017 -26.105046
39.045574 -25.911907
38.503490 -25.722186
37.959764 -25.535885
37.414398 -25.353001
36.867391 -25.173537
36.318742 -24.997491
35.768453 -24.824864
35.216522 -24.655655
34.662951 -24.489865
34.107738 -24.327494
33.550884 -24.168541
32.992389 -24.013007
32.432253 -23.860892
31.870476 -23.712195
31.307057 -23.566917
30.741998 -23.425057
30.175298 -23.286617
29.606956 -23.151594
29.036974 -23.019991
28.465350 -22.891806
27.892085 -22.767040
27.317179 -22.645692
26.740632 -22.527763
26.162444 -22.413253
25.582615 -22.302162
25.001145 -22.194489
24.418034 -22.090234
23.833281 -21.989399
23.246888 -21.891982
22.658853 -21.797983
22.069177 -21.707404
21.477861 -21.620242
20.884903 -21.536500
