261.902163 -146.312189
260.258671 -147.214315
258.630396 -148.099545
257.017337 -148.967879
255.419495 -149.819318
253.836869 -150.653862
252.269460 -151.471510
250.717268 -152.272262
249.180292 -153.056119
247.658533 -153.823080
246.151991 -154.573146
244.660665 -155.306316
243.184556 -156.022590
241.723664 -156.721969
240.277988 -157.404453
238.847529 -158.070041
237.432286 -158.718733
236.032260 -159.350530
234.647451 -159.965432
233.277858 -160.563438
231.923482 -161.144548
230.584323 -161.708763
229.260380 -162.256082
227.951654 -162.786506
226.658145 -163.300034
225.379852 -163.796666
224.116776 -164.276403
222.868916 -164.739245
221.636273 -165.185191
220.418847 -165.614241
219.216637 -166.026396
218.029644 -166.421656
216.857868 -166.800020
215.701308 -167.161488
214.559965 -167.506061
213.433839 -167.833738
212.322929 -168.144520
211.227236 -168.438406
210.146760 -168.715396
209.081500 -168.975491
208.031456 -169.218691
206.996630 -169.444995
205.977020 -169.654403
204.972627 -169.846916
203.983450 -170.022534
203.009490 -170.181256
202.050746 -170.323082
201.107220 -170.448013
200.178910 -170.556048
199.265816 -170.647188
198.367939 -170.721432
197.485279 -170.778780
196.617835 -170.819234
195.765609 -170.842791
194.928598 -170.849453
194.106805 -170.839220
193.300228 -170.812090
192.508867 -170.768066
191.732723 -170.707146
190.971796 -170.629330
190.226086 -170.534619
189.495592 -170.423012
188.780315 -170.294510
188.080254 -170.149112
187.395410 -169.986819
186.725783 -169.807630
186.071372 -169.611545
185.432178 -169.398565
184.808201 -169.168690
184.199440 -168.921919
183.605896 -168.658252
183.027569 -168.377690
182.464458 -168.080232
181.916564 -167.765879
181.383886 -167.434630
180.866425 -167.086486
180.364181 -166.721446
179.877154 -166.339511
179.405343 -165.940680
178.948748 -165.524953
178.507371 -165.092331
178.081209 -164.642814
177.670265 -164.176401
177.274537 -163.693092
176.894026 -163.192888
176.528732 -162.675788
176.178654 -162.141793
175.843792 -161.590902
175.524148 -161.023116
175.219720 -160.438434
174.930509 -159.836857
174.656514 -159.218384
174.397736 -158.583016
174.154174 -157.930752
173.925830 -157.261592
173.712702 -156.575537
173.514790 -155.872586
173.332095 -155.152740
173.164617 -154.415999
173.012355 -153.662361
172.875310 -152.891829
172.753482 -152.104400
172.646871 -151.300076
172.555475 -150.478857
172.479297 -149.640742
172.418335 -148.785732
172.372590 -147.913826
172.342062 -147.025024
172.326750 -146.119327
172.326655 -145.196735
172.341776 -144.257246
172.372114 -143.300863
172.417669 -142.327584
172.478440 -141.337409
172.554428 -140.330338
172.645633 -139.306373
172.752054 -138.265511
172.873692 -137.207754
173.010547 -136.133102
173.162618 -135.041554
173.329906 -133.933110
173.512410 -132.807771
173.710131 -131.665537
173.923069 -130.506407
174.151223 -129.330381
174.393847 -128.138453
174.634496 -126.952474
174.866442 -125.781384
175.089687 -124.625183
175.304230 -123.483870
175.510071 -122.357446
175.707210 -121.245910
175.895647 -120.149264
176.075382 -119.067505
176.246415 -118.000636
176.408747 -116.948654
176.562376 -115.911562
176.707303 -114.889358
176.843529 -113.882043
176.971052 -112.889616
177.089874 -111.912078
177.199993 -110.949429
177.301411 -110.001668
177.394126 -109.068796
177.478140 -108.150812
177.553452 -107.247717
177.620062 -106.359511
177.677970 -105.486193
177.727175 -104.627764
177.767679 -103.784224
177.799481 -102.955572
177.822582 -102.141809
177.836980 -101.342934
177.842676 -100.558948
177.839670 -99.789851
177.827963 -99.035642
177.807553 -98.296322
177.778441 -97.571890
177.740628 -96.862347
177.694112 -96.167693
177.638895 -95.487927
177.574976 -94.823050
177.502354 -94.173062
177.421031 -93.537962
177.331006 -92.917751
177.232279 -92.312428
177.124850 -91.721994
177.008719 -91.146449
176.883886 -90.585792
176.750351 -90.040024
176.608114 -89.509144
176.457175 -88.993153
176.297535 -88.492051
176.129192 -88.005837
175.952147 -87.534512
175.766401 -87.078076
175.571952 -86.636528
175.368802 -86.209869
175.156949 -85.798098
174.936395 -85.401216
174.707139 -85.019223
174.469180 -84.652118
174.222520 -84.299902
173.967158 -83.962574
173.703094 -83.640135
173.430328 -83.332585
173.148860 -83.039923
172.858690 -82.762150
172.559818 -82.499266
172.252245 -82.251270
171.935969 -82.018163
171.610991 -81.799944
171.277312 -81.596614
170.934930 -81.408173
170.583846 -81.234620
170.224061 -81.075956
169.855574 -80.932180
169.478384 -80.803293
169.092493 -80.689295
168.697900 -80.590185
168.294605 -80.505964
167.882607 -80.436632
167.461908 -80.382188
167.032507 -80.342633
166.594404 -80.317966
166.147599 -80.308188
165.692093 -80.313299
165.227884 -80.333298
164.754973 -80.368186
164.273360 -80.417962
163.783046 -80.482628
163.284029 -80.562181
162.776311 -80.656624
162.259890 -80.765955
161.734768 -80.890174
161.200943 -81.029282
160.658417 -81.183279
160.107189 -81.352164
159.547259 -81.535938
158.978627 -81.734601
158.401293 -81.948152
157.815257 -82.176592
157.220519 -82.419921
156.617079 -82.678138
156.004937 -82.951243
155.384093 -83.239238
154.754547 -83.542121
154.116300 -83.859892
153.469350 -84.192552
152.813698 -84.540101
152.149345 -84.902539
151.476289 -85.279865
150.794532 -85.672079
150.104073 -86.079183
149.404911 -86.501174
148.697048 -86.938055
147.980483 -87.389824
147.255216 -87.856482
146.521247 -88.338028
145.778576 -88.834463
145.027203 -89.345787
144.267128 -89.871999
143.498351 -90.413100
142.720872 -90.969089
141.934691 -91.539967
141.139809 -92.125734
140.336224 -92.726389
139.523938 -93.341933
138.702949 -93.972365
137.873259 -94.617686
137.036332 -95.274538
136.200960 -95.922774
135.368610 -96.559036
134.539282 -97.183324
133.712974 -97.795638
132.889688 -98.395979
132.069423 -98.984345
131.252179 -99.560738
130.437957 -100.125157
129.626756 -100.677601
128.818576 -101.218072
128.013417 -101.746569
127.211280 -102.263093
126.412163 -102.767642
125.616068 -103.260217
124.822994 -103.740819
124.032942 -104.209447
123.245911 -104.666101
122.461901 -105.110780
121.680912 -105.543487
120.902944 -105.964219
120.127998 -106.372977
119.356073 -106.769762
118.587169 -107.154572
117.821286 -107.527409
117.058425 -107.888272
116.298585 -108.237161
115.541766 -108.574076
114.787968 -108.899017
114.037192 -109.211984
113.289437 -109.512978
112.544703 -109.801997
111.802990 -110.079043
111.064299 -110.344115
110.328629 -110.597213
109.595980 -110.838337
108.866352 -111.067487
108.139746 -111.284663
107.416161 -111.489866
106.695597 -111.683094
105.978054 -111.864349
105.263532 -112.033630
104.552032 -112.190937
103.843553 -112.336270
103.138095 -112.469629
102.435659 -112.591014
101.736244 -112.700425
101.039850 -112.797863
100.346477 -112.883327
99.656125 -112.956816
98.968795 -113.018332
98.284486 -113.067874
97.603198 -113.105443
96.924932 -113.131037
96.249686 -113.144657
95.577462 -113.146304
94.908259 -113.135976
94.242078 -113.113675
93.578917 -113.079400
92.918778 -113.033151
92.261660 -112.974928
91.607564 -112.904732
90.956488 -112.822561
90.308434 -112.728417
89.663401 -112.622298
89.021390 -112.504206
88.382399 -112.374140
87.746430 -112.232100
87.113482 -112.078086
86.483556 -111.912098
85.856650 -111.734137
85.232766 -111.544201
84.611903 -111.342292
83.994061 -111.128409
83.379241 -110.902552
82.767441 -110.664721
82.158663 -110.414916
81.552907 -110.153137
80.950171 -109.879384
80.350457 -109.593658
79.753764 -109.295958
79.160092 -108.986283
78.569442 -108.664635
77.981812 -108.331013
77.397204 -107.985417
76.815617 -107.627848
76.237052 -107.258304
75.661508 -106.876786
75.088984 -106.483295
74.519483 -106.077830
73.953002 -105.660391
73.389543 -105.230978
72.829105 -104.789591
72.271688 -104.336230
71.717292 -103.870895
71.165918 -103.393587
70.617565 -102.904305
70.072233 -102.403048
69.529922 -101.889818
68.990633 -101.364614
68.454364 -100.827436
67.921117 -100.278285
67.390892 -99.717159
66.863687 -99.144059
66.339504 -98.558986
65.818342 -97.961939
65.300201 -97.352918
64.785082 -96.731923
64.272984 -96.098954
63.763907 -95.454011
63.257851 -94.797094
62.754816 -94.128204
62.254803 -93.447339
61.757811 -92.754501
61.263840 -92.049689
60.772891 -91.332903
60.284962 -90.604143
59.800055 -89.863409
59.318170 -89.110702
58.839305 -88.346020
58.363462 -87.569365
57.890640 -86.780735
57.420839 -85.980132
56.954059 -85.167555
56.490301 -84.343004
56.029806 -83.510290
55.573168 -82.678727
55.120414 -81.848740
54.671543 -81.020327
54.226557 -80.193490
53.785453 -79.368227
53.348234 -78.544540
52.914897 -77.722427
52.485445 -76.901890
52.059876 -76.082927
51.638191 -75.265540
51.220390 -74.449727
50.806472 -73.635490
50.396438 -72.822827
49.990287 -72.011740
49.588020 -71.202227
49.189637 -70.394290
48.795137 -69.587927
48.404521 -68.783140
48.017789 -67.979927
47.634940 -67.178290
47.255975 -66.378227
46.880893 -65.579740
46.509696 -64.782827
46.142381 -63.987490
45.778951 -63.193728
45.419404 -62.401540
45.063741 -61.610928
44.711961 -60.821890
44.364065 -60.034428
44.020053 -59.248540
43.679924 -58.464228
43.343679 -57.681491
43.011318 -56.900328
42.682840 -56.120741
42.358246 -55.342728
42.037535 -54.566291
41.720708 -53.791429
41.407765 -53.018141
41.098705 -52.246429
40.793529 -51.476292
40.492237 -50.707729
40.194828 -49.940742
39.901303 -49.175330
39.611662 -48.411492
39.325904 -47.649230
39.044030 -46.888543
38.766040 -46.129430
38.491933 -45.371893
38.221710 -44.615931
37.955370 -43.861543
37.692914 -43.108731
37.434342 -42.357494
37.179653 -41.607831
36.928848 -40.859744
36.681927 -40.113232
36.438889 -39.368295
36.199735 -38.624932
35.964464 -37.883145
35.733078 -37.142933
35.505574 -36.404295
35.281955 -35.667233
35.062219 -34.931746
34.846367 -34.197834
34.634398 -33.465496
34.426313 -32.734734
34.222112 -32.005547
34.021794 -31.277935
33.825360 -30.551898
33.632810 -29.827435
33.444143 -29.104548
33.259360 -28.383236
33.078460 -27.663499
32.901444 -26.945337
32.728312 -26.228749
32.559063 -25.513737
32.393698 -24.800300
32.232217 -24.088438
32.074619 -23.378151
31.920905 -22.669439
31.771075 -21.962301
31.625128 -21.256739
31.483065 -20.552752
31.344886 -19.850340
31.210590 -19.149503
31.080178 -18.450241
30.953649 -17.752554
30.831004 -17.056442
30.712243 -16.361904
30.597365 -15.668942
30.486371 -14.977555
30.379261 -14.287743
30.276034 -13.599506
30.176691 -12.912844
30.081232 -12.227757
29.989656 -11.544245
29.901964 -10.862308
29.818155 -10.181946
29.738230 -9.503159
29.662189 -8.825947
29.590031 -8.150310
29.521757 -7.476247
29.457367 -6.803760
29.396860 -6.132848
29.340237 -5.463511
29.287498 -4.795749
29.238642 -4.129562
29.193670 -3.464950
29.152581 -2.801913
29.115377 -2.140451
29.082055 -1.480564
29.052618 -0.822252
29.027064 -0.165515
29.005393 0.489647
28.987607 1.143234
28.973704 1.795246
28.963684 2.445683
28.957549 3.094545
28.955296 3.741831
28.956928 4.387543
28.962443 5.031680
28.971842 5.674242
28.985124 6.315229
29.002290 6.954641
29.023340 7.592478
