297.181553 -41.025902
295.106966 -43.562814
293.052319 -46.065159
291.017612 -48.532935
289.002844 -50.966144
287.008017 -53.364785
285.033129 -55.728858
283.078180 -58.058364
281.143172 -60.353301
279.228103 -62.613671
277.332975 -64.839473
275.457786 -67.030708
273.602536 -69.187374
271.767227 -71.309472
269.951857 -73.397003
268.156427 -75.449966
266.380937 -77.468361
264.625386 -79.452189
262.889775 -81.401448
261.174105 -83.316140
259.478373 -85.196264
257.802582 -87.041820
256.146730 -88.852808
254.510819 -90.629229
252.894846 -92.371082
251.298814 -94.078367
249.722722 -95.751084
248.166569 -97.389233
246.630356 -98.992814
245.114083 -100.561828
243.617749 -102.096274
242.141356 -103.596152
240.684902 -105.061462
239.248387 -106.492205
237.831813 -107.888379
236.435179 -109.249986
235.058484 -110.577025
233.701729 -111.869496
232.364913 -113.127400
231.048038 -114.350735
229.751102 -115.539503
228.474106 -116.693703
227.217050 -117.813335
225.979933 -118.898400
224.762757 -119.948896
223.565520 -120.964825
222.388223 -121.946186
221.230865 -122.892979
220.093448 -123.805205
218.975970 -124.682862
217.878432 -125.525952
216.800834 -126.334474
215.743175 -127.108428
214.705457 -127.847814
213.687678 -128.552633
212.689838 -129.222883
211.711939 -129.858566
210.753979 -130.459681
209.815959 -131.026229
208.897879 -131.558208
207.999739 -132.055620
207.121538 -132.518464
206.263278 -132.946740
205.424957 -133.340448
204.606575 -133.699588
203.808134 -134.024161
203.029632 -134.314166
202.271070 -134.569603
201.532448 -134.790472
200.813766 -134.976774
200.115023 -135.128507
199.436220 -135.245673
198.777357 -135.328271
198.138434 -135.376301
197.519450 -135.389763
196.920407 -135.368658
196.341303 -135.312985
195.782138 -135.222744
195.242914 -135.097935
194.723629 -134.938558
194.224284 -134.744614
193.744879 -134.516101
193.285414 -134.253021
192.845888 -133.955373
192.426302 -133.623158
192.026656 -133.256374
191.646950 -132.855023
191.287183 -132.419104
190.947357 -131.948617
190.627470 -131.443562
190.327522 -130.903940
190.047515 -130.329749
189.787447 -129.720991
189.547319 -129.077665
189.327131 -128.399771
189.126883 -127.687310
188.946574 -126.940280
188.786205 -126.158683
188.645776 -125.342518
188.525287 -124.491785
188.424738 -123.606485
188.344128 -122.686616
188.283458 -121.732180
188.242728 -120.743176
188.221937 -119.719604
188.221087 -118.661465
188.240176 -117.568757
188.279205 -116.441482
188.338173 -115.279639
188.417082 -114.083228
188.515930 -112.852249
188.634718 -111.586703
188.773446 -110.286589
188.932113 -108.951907
189.110720 -107.582657
189.309267 -106.178839
189.527754 -104.740453
189.766181 -103.267500
190.024547 -101.759979
190.302853 -100.217890
190.601099 -98.641233
190.919285 -97.030009
191.257410 -95.384216
191.615476 -93.703856
191.993480 -91.988928
192.390454 -90.240876
192.785033 -88.491446
193.168478 -86.753629
193.540789 -85.027423
193.901966 -83.312828
194.252008 -81.609845
194.590917 -79.918473
194.918691 -78.238713
195.235332 -76.570564
195.540838 -74.914027
195.835210 -73.269101
196.118447 -71.635786
196.390551 -70.014083
196.651521 -68.403992
196.901356 -66.805512
197.140058 -65.218643
197.367625 -63.643386
197.584058 -62.079741
197.789357 -60.527707
197.983522 -58.987284
198.166552 -57.458473
198.338449 -55.941273
198.499212 -54.435685
198.648840 -52.941709
198.787334 -51.459343
198.914694 -49.988590
199.030920 -48.529447
199.136012 -47.081917
199.229970 -45.645997
199.312793 -44.221689
199.384483 -42.808993
199.445038 -41.407908
199.494459 -40.018435
199.532747 -38.640573
199.559900 -37.274322
199.575918 -35.919683
199.580803 -34.576656
199.574554 -33.245240
199.557170 -31.925435
199.528653 -30.617242
199.489001 -29.320660
199.438215 -28.035690
199.376295 -26.762331
199.303241 -25.500584
199.219052 -24.250448
199.123730 -23.011924
199.017274 -21.785011
198.899683 -20.569710
198.770958 -19.366020
198.631099 -18.173942
198.480106 -16.993475
198.317979 -15.824619
198.144718 -14.667375
197.960322 -13.521743
197.764793 -12.387722
197.558129 -11.265312
197.340332 -10.154514
197.111400 -9.055328
196.871334 -7.967753
196.620133 -6.891789
196.357799 -5.827437
196.084331 -4.774696
195.799728 -3.733567
195.503992 -2.704049
195.197121 -1.686143
194.879116 -0.679848
194.549977 0.314835
194.209704 1.297907
193.858297 2.269367
193.495755 3.229216
193.122080 4.177454
192.737270 5.114080
192.341326 6.039094
191.934248 6.952497
191.516036 7.854289
191.086690 8.744469
190.646210 9.623037
190.194596 10.489994
189.731847 11.345340
189.257964 12.189074
188.772948 13.021197
188.276797 13.841708
187.769512 14.650608
187.251093 15.447896
186.721539 16.233573
186.180852 17.007638
185.629030 17.770092
185.066075 18.520935
184.491985 19.260165
183.906761 19.987785
183.310403 20.703793
182.702911 21.408189
182.084285 22.100974
181.454524 22.782148
180.813630 23.451710
180.161601 24.109660
179.498438 24.756000
178.824141 25.390727
178.138710 26.013843
177.442145 26.625348
176.734446 27.225241
176.015613 27.813523
175.285645 28.390193
174.544543 28.955252
173.792308 29.508699
173.028938 30.050535
172.254434 30.580760
171.468796 31.099373
170.672023 31.606374
169.864117 32.101764
169.045076 32.585542
168.214902 33.057709
167.373593 33.518265
166.521150 33.967209
165.657573 34.404542
164.782862 34.830263
163.897017 35.244372
163.000037 35.646870
162.091924 36.037757
161.172676 36.417032
160.242294 36.784696
159.300779 37.140748
158.348129 37.485189
157.384344 37.818018
156.409426 38.139236
155.425775 38.449454
154.447794 38.752343
153.477886 39.048513
152.516049 39.337966
151.562285 39.620700
150.616593 39.896717
149.678973 40.166016
148.749424 40.428596
147.827948 40.684459
146.914544 40.933604
146.009212 41.176031
145.111952 41.411740
144.222764 41.640731
143.341648 41.863004
142.468604 42.078559
141.603631 42.287396
140.746731 42.489515
139.897903 42.684917
139.057148 42.873600
138.224464 43.055565
137.399852 43.230813
136.583312 43.399342
135.774844 43.561154
134.974448 43.716247
134.182124 43.864623
133.397872 44.006280
132.621693 44.141220
131.853585 44.269442
131.093549 44.390946
130.341585 44.505732
129.597694 44.613800
128.861874 44.715150
128.134126 44.809782
127.414451 44.897696
126.702847 44.978892
125.999316 45.053370
125.303856 45.121130
124.616468 45.182173
123.937153 45.236497
123.265910 45.284103
122.602738 45.324992
121.947639 45.359162
121.300611 45.386615
120.661656 45.407349
120.030772 45.421366
119.407961 45.428665
118.793222 45.429246
118.186554 45.423108
117.587959 45.410253
116.997436 45.390680
116.414985 45.364389
115.840606 45.331380
115.274298 45.291653
114.716063 45.245208
114.165900 45.192046
113.623809 45.132165
113.089790 45.065566
112.563843 44.992250
112.045968 44.912215
111.536165 44.825462
111.034434 44.731992
110.540775 44.631803
110.055188 44.524897
109.577673 44.411273
109.108230 44.290930
108.646859 44.163870
108.193560 44.030092
107.748333 43.889596
107.311179 43.742382
106.882096 43.588450
106.461085 43.427800
106.048146 43.260432
105.643280 43.086346
105.246485 42.905542
104.857762 42.718020
104.477112 42.523781
104.104533 42.322823
103.740026 42.115147
103.383592 41.900754
103.035229 41.679642
102.694939 41.451813
102.362720 41.217265
102.038574 40.976000
101.722499 40.728017
101.414497 40.473316
101.114566 40.211896
100.822708 39.943759
100.538922 39.668904
100.263207 39.387331
99.995565 39.099040
99.735995 38.804031
99.484497 38.502304
99.241070 38.193859
99.005716 37.878697
98.778434 37.556816
98.559224 37.228217
98.348085 36.892901
98.145019 36.550866
97.950025 36.202114
97.763103 35.846643
97.584253 35.484455
97.413475 35.115548
97.250769 34.739924
97.096135 34.357582
96.949573 33.968522
96.811083 33.572743
96.680665 33.170247
96.558319 32.761033
96.444045 32.345101
96.337844 31.922451
96.239714 31.493083
96.149656 31.056998
96.067670 30.614194
95.993756 30.164672
95.927915 29.708432
95.870145 29.245475
95.820447 28.775799
95.778822 28.299406
95.745268 27.816294
95.719786 27.326465
95.702377 26.829917
95.693039 26.326652
95.691774 25.816669
95.698580 25.299968
95.713459 24.776548
95.731609 24.250150
95.741296 23.729911
95.741986 23.216247
95.733680 22.709158
95.716378 22.208644
95.690079 21.714704
95.654784 21.227340
95.610493 20.746550
95.557205 20.272336
95.494921 19.804696
95.423640 19.343632
95.343363 18.889142
95.254089 18.441227
95.155819 17.999887
95.048553 17.565122
94.932290 17.136932
94.807030 16.715316
94.672775 16.300276
94.529523 15.891811
94.377274 15.489920
94.216029 15.094605
94.045788 14.705864
93.866550 14.323698
93.678316 13.948108
93.481085 13.579092
93.274858 13.216651
93.059635 12.860785
92.835415 12.511493
92.602199 12.168777
92.359986 11.832636
92.108777 11.503070
91.848572 11.180078
91.579370 10.863662
91.301171 10.553820
91.013977 10.250553
90.717785 9.953861
90.412598 9.663745
90.098414 9.380203
89.775233 9.103235
89.443056 8.832843
89.101883 8.569026
88.751714 8.311784
88.392547 8.061116
88.024385 7.817024
87.647226 7.579506
87.261071 7.348564
86.865919 7.124196
86.461771 6.906403
86.048626 6.695185
85.626485 6.490542
85.195348 6.292474
84.755214 6.100981
84.306084 5.916063
83.847957 5.737720
83.380834 5.565951
82.904714 5.400758
82.419598 5.242139
81.925486 5.090096
81.422377 4.944627
80.910272 4.805733
80.389170 4.673414
79.859072 4.547670
79.319978 4.428501
78.771887 4.315907
78.214800 4.209888
77.648716 4.110444
77.073636 4.017574
76.489560 3.931280
75.896487 3.851560
75.294417 3.778415
74.683352 3.711846
74.063289 3.651851
73.434231 3.598431
72.796176 3.551586
72.149124 3.511316
71.493076 3.477621
70.828032 3.450501
70.153992 3.429955
69.470954 3.415985
68.778921 3.408590
68.077891 3.407769
67.367865 3.413523
66.648842 3.425853
65.920823 3.444757
65.183807 3.470236
64.437795 3.502290
63.682787 3.540919
62.918782 3.586123
62.145781 3.637902
61.363783 3.696255
60.572789 3.761184
59.772798 3.832687
58.963811 3.910766
58.145828 3.995419
57.318848 4.086648
56.482872 4.184451
55.637899 4.288829
54.783930 4.399782
53.920965 4.517310
53.049003 4.641413
52.168045 4.772090
51.278090 4.909343
50.379139 5.053171
49.471192 5.203573
48.554248 5.360551
47.628307 5.524103
46.693370 5.694230
45.749437 5.870933
44.796508 6.054210
43.834582 6.244062
42.863659 6.440489
41.883740 6.643491
40.894825 6.853067
39.896913 7.069219
38.890005 7.291946
37.874101 7.521247
36.849200 7.757124
35.815303 7.999575
34.772409 8.248601
33.720519 8.504203
32.659632 8.766379
31.589749 9.035130
30.510870 9.310456
29.422994 9.592356
28.326121 9.880832
