201.360974 -222.382010
202.557013 -218.868516
203.733227 -215.391964
204.889615 -211.952352
206.026179 -208.549682
207.142917 -205.183952
208.239830 -201.855163
209.316918 -198.563316
210.374180 -195.308409
211.411617 -192.090443
212.429229 -188.909418
213.427016 -185.765334
214.404978 -182.658191
215.363114 -179.587989
216.301425 -176.554728
217.219911 -173.558408
218.118571 -170.599029
218.997407 -167.676590
219.856417 -164.791093
220.695602 -161.942536
221.514961 -159.130921
222.314496 -156.356246
223.094205 -153.618513
223.854089 -150.917720
224.594148 -148.253868
225.314381 -145.626957
226.014789 -143.036988
226.695372 -140.483959
227.356130 -137.967871
227.997063 -135.488724
228.618170 -133.046518
229.219452 -130.641252
229.800909 -128.272928
230.362541 -125.941545
230.904347 -123.647103
231.426328 -121.389601
231.928484 -119.169041
232.410815 -116.985421
232.873320 -114.838743
233.316001 -112.729005
233.738856 -110.656208
234.141886 -108.620353
234.525090 -106.621438
234.888469 -104.659464
235.232023 -102.734431
235.555752 -100.846339
235.859656 -98.995188
236.143734 -97.180978
236.407987 -95.403709
236.652415 -93.663380
236.877018 -91.959993
237.081796 -90.293547
237.266748 -88.664041
237.431875 -87.071477
237.577177 -85.515853
237.702653 -83.997171
237.808304 -82.515429
237.894130 -81.070628
237.960131 -79.662769
238.006307 -78.291850
238.032657 -76.957872
238.039182 -75.660835
238.025882 -74.400739
237.992757 -73.177584
237.939806 -71.991370
237.867031 -70.842096
237.774429 -69.729764
237.662003 -68.654373
237.529752 -67.615923
237.377675 -66.614413
237.205773 -65.649845
237.014046 -64.722217
236.802493 -63.831531
236.571116 -62.977785
236.319913 -62.160980
236.048885 -61.381116
235.758031 -60.638193
235.447353 -59.932212
235.116849 -59.263171
234.766520 -58.631071
234.396366 -58.035912
234.006386 -57.477693
233.596581 -56.956416
233.166951 -56.472080
232.717496 -56.024685
232.248216 -55.614230
231.759110 -55.240717
231.250179 -54.904144
230.721423 -54.604513
230.172842 -54.341822
229.604435 -54.116072
229.016203 -53.927264
228.408146 -53.775396
227.780264 -53.660469
227.132556 -53.582483
226.465024 -53.541438
225.777666 -53.537334
225.070482 -53.570171
224.343474 -53.639949
223.596640 -53.746668
222.829981 -53.890327
222.043497 -54.070928
221.237188 -54.288470
220.411053 -54.542952
219.565093 -54.834376
218.699308 -55.162740
217.813698 -55.528045
216.908262 -55.930292
215.983001 -56.369479
215.037915 -56.845607
214.073004 -57.358676
213.088268 -57.908686
212.083706 -58.495637
211.059319 -59.119529
210.015107 -59.780362
208.951069 -60.478136
207.867207 -61.212851
206.763519 -61.984506
205.640006 -62.793103
204.496667 -63.638641
203.333504 -64.521119
202.150515 -65.440539
200.947701 -66.396899
199.725062 -67.390200
198.482597 -68.420443
197.221222 -69.486041
195.961045 -70.552116
194.710296 -71.604400
193.468973 -72.642893
192.237076 -73.667595
191.014606 -74.678505
189.801563 -75.675625
188.597946 -76.658953
187.403756 -77.628491
186.218992 -78.584237
185.043655 -79.526192
183.877745 -80.454357
182.721261 -81.368730
181.574203 -82.269311
180.436572 -83.156102
179.308368 -84.029102
178.189590 -84.888311
177.080239 -85.733728
175.980314 -86.565354
174.889816 -87.383190
173.808744 -88.187234
172.737099 -88.977487
171.674881 -89.753949
170.622089 -90.516620
169.578723 -91.265500
168.544784 -92.000588
167.520272 -92.721886
166.505186 -93.429393
165.499527 -94.123108
164.503294 -94.803032
163.516488 -95.469165
162.539109 -96.121507
161.571156 -96.760058
160.612629 -97.384818
159.663530 -97.995787
158.723856 -98.592965
157.793610 -99.176351
156.872789 -99.745947
155.961396 -100.301751
155.059429 -100.843764
154.166888 -101.371987
153.283774 -101.886418
152.410087 -102.387058
151.545826 -102.873906
150.690991 -103.346964
149.845584 -103.806231
149.009602 -104.251706
148.183048 -104.683391
147.365920 -105.101284
146.558218 -105.505386
145.759943 -105.895698
144.971095 -106.272218
144.191673 -106.634947
143.421677 -106.983884
142.661109 -107.319031
141.909966 -107.640387
141.168251 -107.947951
140.435962 -108.241725
139.713099 -108.521707
138.999663 -108.787898
138.295653 -109.040298
137.601071 -109.278907
136.915914 -109.503725
136.240184 -109.714752
135.573881 -109.911988
134.917004 -110.095433
134.269554 -110.265086
133.631531 -110.420948
133.002934 -110.563020
132.383763 -110.691300
131.774019 -110.805789
131.173702 -110.906487
130.582811 -110.993394
130.001347 -111.066510
129.429309 -111.125834
128.866698 -111.171368
128.313513 -111.203111
127.769755 -111.221062
127.235424 -111.225222
126.710519 -111.215591
126.195040 -111.192170
125.688988 -111.154956
125.192363 -111.103952
124.705164 -111.039157
124.227392 -110.960571
123.759047 -110.868193
123.300128 -110.762025
122.850635 -110.642065
122.410569 -110.508315
121.979930 -110.360773
121.558717 -110.199440
121.146930 -110.024316
120.744571 -109.835401
120.351638 -109.632694
119.968131 -109.416197
119.594051 -109.185909
119.229397 -108.941829
118.874170 -108.683958
118.528370 -108.412297
118.191996 -108.126844
117.865049 -107.827600
117.547528 -107.514565
117.239434 -107.187739
116.940766 -106.847121
116.651525 -106.492713
116.371710 -106.124513
116.101322 -105.742523
115.840361 -105.346741
115.588826 -104.937168
115.346718 -104.513805
115.114036 -104.076650
114.890781 -103.625704
114.676952 -103.160966
114.472550 -102.682438
114.277574 -102.190119
114.092025 -101.684008
113.915903 -101.164107
113.749207 -100.630414
113.591937 -100.082930
113.444095 -99.521655
113.305678 -98.946589
113.176689 -98.357732
113.057126 -97.755084
112.946989 -97.138645
112.846279 -96.508414
112.753503 -95.866053
112.659706 -95.221524
112.563396 -94.576488
112.464572 -93.930945
112.363234 -93.284894
112.259384 -92.638336
112.153019 -91.991270
112.044142 -91.343697
111.932750 -90.695617
111.818846 -90.047030
111.702428 -89.397935
111.583496 -88.748333
111.462051 -88.098223
111.338092 -87.447606
111.211620 -86.796482
111.082635 -86.144850
110.951136 -85.492712
110.817124 -84.840065
110.680598 -84.186912
110.541559 -83.533251
110.400006 -82.879083
110.255940 -82.224407
110.109360 -81.569224
109.960267 -80.913534
109.808660 -80.257336
109.654540 -79.600632
109.497907 -78.943419
109.338760 -78.285700
109.177099 -77.627473
109.012925 -76.968739
108.846238 -76.309497
108.677037 -75.649748
108.505323 -74.989492
108.331095 -74.328728
108.154354 -73.667457
107.975099 -73.005679
107.793331 -72.343393
107.609049 -71.680601
107.422254 -71.017300
107.232946 -70.353493
107.041124 -69.689178
106.846788 -69.024355
106.649939 -68.359026
106.450577 -67.693189
106.248701 -67.026845
106.044312 -66.359993
105.837409 -65.692634
105.627993 -65.024768
105.416063 -64.356394
105.201620 -63.687513
104.984663 -63.018125
104.765193 -62.348229
104.543209 -61.677826
104.318712 -61.006916
104.091702 -60.335498
103.862178 -59.663573
103.630141 -58.991141
103.395590 -58.318202
103.158525 -57.644755
102.918947 -56.970800
102.676856 -56.296339
102.432251 -55.621370
102.185133 -54.945893
101.935502 -54.269910
101.683356 -53.593419
101.428698 -52.916420
101.171526 -52.238915
100.911840 -51.560902
100.649641 -50.882381
100.384929 -50.203354
100.117703 -49.523819
99.847964 -48.843776
99.575711 -48.163227
99.300944 -47.482170
99.023665 -46.800605
98.743871 -46.118534
98.461565 -45.435955
98.176745 -44.752868
97.889411 -44.069275
97.599564 -43.385173
97.307203 -42.700565
97.012329 -42.015449
96.714942 -41.329826
96.415041 -40.643696
96.112627 -39.957058
95.807699 -39.269913
95.500257 -38.582261
95.190303 -37.894101
94.877834 -37.205434
94.562853 -36.516260
94.245358 -35.826578
93.925349 -35.136389
93.602827 -34.445693
93.277791 -33.754489
92.950242 -33.062778
92.620180 -32.370559
92.287604 -31.677834
91.952514 -30.984601
91.614912 -30.290860
91.274795 -29.596612
90.932165 -28.901857
90.587022 -28.206595
90.239365 -27.510825
89.889195 -26.814548
89.536512 -26.117764
89.181314 -25.420472
88.823604 -24.722673
88.463380 -24.024366
88.100642 -23.325553
87.735391 -22.626232
87.367627 -21.926403
86.997349 -21.226067
86.624558 -20.525224
86.249253 -19.823874
85.871435 -19.122016
85.491103 -18.419651
85.108258 -17.716778
84.722899 -17.013399
84.335027 -16.309512
83.944641 -15.605117
83.551742 -14.900215
83.156330 -14.194806
82.758404 -13.488890
82.357964 -12.782466
81.955011 -12.075535
81.550178 -11.370765
81.145010 -10.674680
80.739578 -9.987576
80.333883 -9.309454
79.927924 -8.640313
79.521701 -7.980153
79.115215 -7.328975
78.708465 -6.686778
78.301450 -6.053562
77.894173 -5.429327
77.486631 -4.814074
77.078826 -4.207802
76.670757 -3.610512
76.262424 -3.022202
75.853827 -2.442874
75.444967 -1.872528
75.035842 -1.311162
74.626455 -0.758778
74.216803 -0.215376
73.806887 0.319046
73.396708 0.844486
72.986265 1.360944
72.575558 1.868422
72.164588 2.366918
71.753354 2.856433
71.341856 3.336966
70.930094 3.808518
70.518068 4.271089
70.105779 4.724679
69.693226 5.169287
69.280409 5.604914
68.867328 6.031560
68.453984 6.449224
68.040376 6.857907
67.626504 7.257609
67.212368 7.648329
66.797969 8.030068
66.383305 8.402826
65.968378 8.766602
65.553188 9.121398
65.137733 9.467211
64.722015 9.804044
64.306033 10.131895
63.889787 10.450765
63.473277 10.760653
63.056504 11.061561
62.639467 11.353487
62.222166 11.636431
61.804602 11.910395
61.386773 12.175377
60.968681 12.431377
60.550325 12.678397
60.131705 12.916435
59.712822 13.145492
59.293675 13.365567
58.874264 13.576661
58.454589 13.778774
58.034651 13.971905
57.614448 14.156056
57.193982 14.331225
56.773253 14.497412
56.352259 14.654618
55.931002 14.802843
55.509481 14.942087
55.087696 15.072349
54.665647 15.193630
54.243335 15.305930
53.820759 15.409248
53.397919 15.503585
52.974815 15.588941
52.551448 15.665316
52.127817 15.732709
51.703922 15.791121
51.279763 15.840551
50.855340 15.881000
50.430654 15.912468
50.005704 15.934955
49.580490 15.948460
49.155013 15.952984
48.729272 15.948527
48.303267 15.935088
47.876998 15.912668
47.450465 15.881267
47.023669 15.840884
46.596609 15.791520
46.169285 15.733175
45.741697 15.665848
45.313846 15.589540
44.885731 15.504251
44.457352 15.409981
44.028709 15.306729
43.599803 15.194496
43.170632 15.073282
42.741198 14.943086
42.311501 14.803909
41.881539 14.655750
41.451314 14.498611
41.020825 14.332490
40.590072 14.157387
40.159055 13.973304
39.727775 13.780239
39.296231 13.578193
38.864423 13.367165
38.432351 13.147156
38.000016 12.918166
37.567417 12.680195
37.134554 12.433242
36.701427 12.177308
36.268037 11.912392
35.834383 11.638496
35.400465 11.355618
34.966283 11.063758
34.531837 10.762917
34.097128 10.453096
33.662155 10.134292
33.226918 9.806508
32.791418 9.469742
32.355653 9.123994
31.919625 8.769266
31.483334 8.405556
31.046778 8.032865
30.609959 7.651192
30.172875 7.260539
29.735529 6.860904
29.297918 6.452287
