161.675344 -252.707505
162.713813 -247.472826
163.742051 -242.280562
164.760058 -237.130712
165.767834 -232.023276
166.765379 -226.958256
167.752692 -221.935649
168.729775 -216.955458
169.696626 -212.017681
170.653246 -207.122318
171.599635 -202.269370
172.535793 -197.458837
173.461720 -192.690718
174.377416 -187.965013
175.282880 -183.281724
176.178113 -178.640848
177.063116 -174.042388
177.937887 -169.486342
178.802427 -164.972710
179.656736 -160.501493
180.500813 -156.072691
181.334660 -151.686303
182.158276 -147.342330
182.971660 -143.040771
183.774813 -138.781627
184.567735 -134.564897
185.350426 -130.390582
186.122886 -126.258682
186.885115 -122.169196
187.637112 -118.122124
188.378878 -114.117467
189.110414 -110.155225
189.831718 -106.235398
190.542791 -102.357984
191.243633 -98.522986
191.934243 -94.730402
192.614623 -90.980232
193.284772 -87.272477
193.944689 -83.607137
194.594375 -79.984211
195.233830 -76.403700
195.863054 -72.865604
196.482047 -69.369921
197.090809 -65.916654
197.689339 -62.505801
198.277639 -59.137362
198.855707 -55.811339
199.423544 -52.527729
199.981150 -49.286535
200.528525 -46.087754
201.065669 -42.931389
201.592581 -39.817438
202.109263 -36.745901
202.615713 -33.716779
203.111932 -30.730072
203.597920 -27.785779
204.073677 -24.883901
204.539203 -22.024437
204.994498 -19.207388
205.439561 -16.432753
205.874394 -13.700533
206.298995 -11.010728
206.713365 -8.363337
207.117504 -5.758361
207.511412 -3.195799
207.895089 -0.675652
208.268535 1.802081
208.631749 4.237399
208.984733 6.630303
209.327485 8.980792
209.660006 11.288866
209.982296 13.554526
210.294355 15.777771
210.596182 17.958602
210.887779 20.097018
211.169144 22.193020
211.440279 24.246607
211.701182 26.257779
211.951854 28.226537
212.192295 30.152881
212.422505 32.036809
212.642483 33.878324
212.852231 35.677423
213.051747 37.434109
213.241032 39.148379
213.420087 40.820235
213.588910 42.449677
213.747501 44.036704
213.895862 45.581316
214.033992 47.083514
214.161890 48.543297
214.279557 49.960666
214.386994 51.335620
214.484199 52.668159
214.571173 53.958284
214.647915 55.205995
214.714427 56.411291
214.770708 57.574172
214.816757 58.694639
214.852575 59.772691
214.878162 60.808328
214.893518 61.801552
214.898643 62.752360
214.893537 63.660754
214.878200 64.526733
214.852631 65.350298
214.816831 66.131448
214.770801 66.870184
214.714539 67.566505
214.648046 68.220412
214.571321 68.831904
214.484366 69.400981
214.387180 69.927644
214.279762 70.411893
214.162113 70.853727
214.034233 71.253146
213.896122 71.610150
213.747780 71.924741
213.589207 72.196916
213.420403 72.426677
213.241367 72.614024
213.052100 72.758955
212.852603 72.861473
212.642874 72.921576
212.422914 72.939264
212.192841 72.915911
211.955264 72.881736
211.711249 72.849103
211.460796 72.818010
211.203905 72.788457
210.940577 72.760445
210.670810 72.733974
210.394606 72.709044
210.111964 72.685654
209.822885 72.663805
209.527367 72.643497
209.225412 72.624730
208.917019 72.607503
208.602188 72.591817
208.280919 72.577671
207.953213 72.565066
207.619069 72.554002
207.278487 72.544479
206.931467 72.536496
206.578009 72.530054
206.218114 72.525152
205.851781 72.521792
205.479010 72.519972
205.099801 72.519693
204.714154 72.520954
204.322070 72.523756
203.923548 72.528099
203.518588 72.533982
203.107190 72.541406
202.689355 72.550371
202.265081 72.560877
201.834370 72.572923
201.397221 72.586510
200.953635 72.601638
200.503610 72.618306
200.047148 72.636515
199.584248 72.656265
199.114910 72.677555
198.639134 72.700386
198.156920 72.724758
197.668269 72.750670
197.173180 72.778123
196.671653 72.807117
196.163689 72.837652
195.649286 72.869727
195.128446 72.903343
194.601168 72.938499
194.067452 72.975197
193.527298 73.013435
192.980707 73.053213
192.427678 73.094533
191.868211 73.137393
191.302306 73.181793
190.729963 73.227735
190.151183 73.275217
189.565965 73.324240
188.974309 73.374803
188.376215 73.426907
187.771683 73.480552
187.160714 73.535738
186.543307 73.592464
185.919462 73.650731
185.289179 73.710539
184.652459 73.771887
184.009300 73.834776
183.359704 73.899206
182.703670 73.965176
182.041198 74.032687
181.372289 74.101739
180.696942 74.172331
180.015156 74.244464
179.326934 74.318138
178.632273 74.393353
177.931174 74.470108
177.223638 74.548404
176.509664 74.628241
175.789252 74.709618
175.062403 74.792536
174.329115 74.876995
173.589390 74.962994
172.843227 75.050534
172.090626 75.139615
171.331587 75.230236
170.566111 75.322398
169.794197 75.416101
169.015845 75.511345
168.231055 75.608129
167.439827 75.706454
166.642162 75.806319
165.838059 75.907726
165.027518 76.010673
164.210539 76.115160
163.387122 76.221189
162.557268 76.328758
161.720976 76.437867
160.878246 76.548518
160.029078 76.660709
159.173472 76.774441
158.311429 76.889713
157.442948 77.006526
156.568029 77.124880
155.686672 77.244775
154.798878 77.366210
153.904646 77.489186
153.003975 77.613703
152.096868 77.739760
151.183322 77.867358
150.263338 77.996497
149.336917 78.127176
148.404058 78.259396
147.464761 78.393157
146.519026 78.528458
145.566854 78.665300
144.608244 78.803683
143.643196 78.943607
142.671710 79.085071
141.693786 79.228076
140.709425 79.372621
139.718626 79.518708
138.721389 79.666335
137.717714 79.815502
136.707601 79.966211
135.691051 80.118460
134.668063 80.272250
133.638637 80.427580
132.604290 80.583505
131.574123 80.734343
130.549652 80.879150
129.530879 81.017924
128.517802 81.150666
127.510422 81.277376
126.508739 81.398054
125.512753 81.512699
124.522463 81.621312
123.537870 81.723893
122.558974 81.820442
121.585774 81.910958
120.618272 81.995442
119.656466 82.073894
118.700357 82.146313
117.749945 82.212701
116.805229 82.273056
115.866210 82.327378
114.932888 82.375669
114.005263 82.417927
113.083334 82.454153
112.167103 82.484347
111.256568 82.508508
110.351729 82.526638
109.452588 82.538735
108.559143 82.544799
107.671395 82.544832
106.789344 82.538832
105.912990 82.526800
105.042332 82.508736
104.177371 82.484639
103.318107 82.454510
102.464540 82.418349
101.616669 82.376156
100.774496 82.327930
99.938018 82.273672
99.107238 82.213382
98.282155 82.147060
97.462768 82.074705
96.649078 81.996318
95.841085 81.911899
95.038788 81.821448
94.242189 81.724964
93.451286 81.622448
92.666079 81.513900
91.886570 81.399320
91.112757 81.278707
90.344641 81.152062
89.582222 81.019385
88.825500 80.880675
88.074474 80.735934
87.329146 80.585160
86.589514 80.428354
85.855578 80.265515
85.127340 80.096644
84.404798 79.921741
83.687953 79.740806
82.976805 79.553839
82.271353 79.360839
81.571598 79.161807
80.877541 78.956743
80.189179 78.745646
79.506515 78.528517
78.829547 78.305356
78.158276 78.076163
77.492702 77.840938
76.832825 77.599680
76.178644 77.352390
75.530160 77.099067
74.887373 76.839713
74.250283 76.574326
73.618889 76.302907
72.993193 76.025456
72.373193 75.741972
71.758889 75.452456
71.150283 75.156908
70.547373 74.855328
69.950160 74.547715
69.358644 74.234070
68.772825 73.914393
68.192702 73.588684
67.618276 73.256942
67.049547 72.919168
66.486514 72.575362
65.929179 72.225523
65.377540 71.869653
64.831598 71.507750
64.291353 71.139815
63.756804 70.765847
63.227952 70.385847
62.704797 69.999816
62.187339 69.607751
61.675577 69.209655
61.169513 68.805526
60.669145 68.395365
60.174473 67.979172
59.685499 67.556946
59.202221 67.128689
58.724640 66.694399
58.252756 66.254076
57.786569 65.807722
57.326078 65.355335
56.871284 64.896916
56.422187 64.432465
55.978787 63.961981
55.541083 63.485465
55.109076 63.002917
54.682766 62.514337
54.262153 62.019724
53.847237 61.519080
53.438017 61.012402
53.034494 60.499693
52.636668 59.980952
52.244538 59.456178
51.858105 58.925372
51.477369 58.388533
51.102330 57.845663
50.732988 57.296760
50.369342 56.741825
50.011393 56.180857
49.659141 55.613857
49.312586 55.040826
48.971727 54.461761
48.636565 53.876665
48.307100 53.285536
47.982537 52.690878
47.660930 52.098809
47.342191 51.509606
47.026322 50.923270
46.713320 50.339801
46.403187 49.759198
46.095923 49.181462
45.791527 48.606593
45.490000 48.034591
45.191341 47.465455
44.895551 46.899186
44.602629 46.335784
44.312575 45.775249
44.025391 45.217580
43.741074 44.662778
43.459626 44.110843
43.181047 43.561774
42.905336 43.015572
42.632494 42.472237
42.362520 41.931769
42.095415 41.394167
41.831178 40.859433
41.569810 40.327564
41.311310 39.798563
41.055679 39.272428
40.802916 38.749160
40.553021 38.228759
40.305996 37.711225
40.061838 37.196557
39.820550 36.684756
39.582129 36.175821
39.346578 35.669754
39.113894 35.166553
38.884079 34.666219
38.657133 34.168751
38.433055 33.674151
38.211846 33.182417
37.993505 32.693549
37.778033 32.207549
37.565429 31.724415
37.355694 31.244148
37.148827 30.766748
36.944829 30.292214
36.743699 29.820547
36.545438 29.351747
36.350045 28.885814
36.157521 28.422747
35.967865 27.962547
35.781078 27.505214
35.597159 27.050748
35.416109 26.599148
35.237927 26.150415
35.062614 25.704548
34.890169 25.261549
34.720593 24.821416
34.553885 24.384150
34.390046 23.949751
34.229075 23.518218
34.070973 23.089552
33.915740 22.663753
33.763374 22.240820
33.613878 21.820755
33.467249 21.403556
33.323490 20.989223
33.182599 20.577758
33.044576 20.169159
32.909422 19.763427
32.777136 19.360561
32.647719 18.960563
32.521170 18.563431
32.397490 18.169166
32.276678 17.777767
32.158735 17.389235
32.043660 17.003570
31.931454 16.620772
31.822117 16.240841
31.715647 15.863776
31.612047 15.489578
31.511315 15.118246
31.413451 14.749782
31.318456 14.384184
31.226329 14.021453
31.137071 13.661588
31.050681 13.304591
30.967160 12.950460
30.886507 12.599195
30.808723 12.250798
30.733808 11.905267
30.661761 11.562603
30.592582 11.222806
30.526272 10.885875
30.462830 10.551811
30.402257 10.220614
30.344552 9.892284
30.289716 9.566820
30.237749 9.244223
30.188650 8.924493
30.142419 8.607629
30.099057 8.293632
30.058563 7.982502
30.020938 7.674239
29.986182 7.368842
29.954293 7.066312
29.925274 6.766649
29.899123 6.469853
29.875840 6.175923
29.855426 5.884860
29.837880 5.596664
29.823203 5.311335
29.811395 5.028872
29.802455 4.749276
29.796383 4.472546
29.793180 4.198684
29.792845 3.927688
29.795379 3.659559
29.800782 3.394296
29.809053 3.131901
29.820192 2.872372
29.834200 2.615710
29.851077 2.361914
29.870822 2.110985
29.893435 1.862923
29.918917 1.617728
29.947267 1.375400
29.978486 1.135938
