282.564504 100.783435
280.437226 102.624117
278.325891 104.447599
276.230500 106.253883
274.151053 108.042967
272.087550 109.814853
270.039990 111.569539
268.008374 113.307027
265.992702 115.027315
263.992974 116.730405
262.009190 118.416295
260.041349 120.084987
258.089452 121.736479
256.153499 123.370773
254.233490 124.987867
252.329425 126.587762
250.441303 128.170459
248.569126 129.735956
246.712892 131.284254
244.872601 132.815354
243.048255 134.329254
241.239853 135.825955
239.447394 137.305457
237.670879 138.767761
235.910308 140.212865
234.165680 141.640770
232.436997 143.051476
230.724257 144.444983
229.027461 145.821291
227.346609 147.180401
225.681701 148.522311
224.032736 149.847022
222.399716 151.154534
220.782639 152.444847
219.181506 153.717961
217.596316 154.973876
216.027071 156.212592
214.473769 157.434109
212.936411 158.638427
211.414997 159.825546
209.909527 160.995466
208.420000 162.148187
206.946417 163.283709
205.488779 164.402032
204.047083 165.503156
202.621332 166.587081
201.211525 167.653806
199.817661 168.703333
198.439741 169.735661
197.077765 170.750790
195.731733 171.748720
194.401644 172.729451
193.087500 173.692982
191.789299 174.639315
190.507042 175.568449
189.240728 176.480384
187.990359 177.375119
186.755933 178.252656
185.537451 179.112994
184.334913 179.956132
183.148319 180.782072
181.977669 181.590813
180.822962 182.382354
179.684199 183.156697
178.561380 183.913840
177.454505 184.653785
176.363573 185.376530
175.288586 186.082077
174.229542 186.770424
173.186442 187.441573
172.159286 188.095522
171.148073 188.732273
170.152805 189.351824
169.173480 189.954177
168.210099 190.539330
167.262662 191.107285
166.331168 191.658040
165.415619 192.191596
164.516013 192.707954
163.632351 193.207112
162.764633 193.689071
161.912858 194.153832
161.077028 194.601393
160.257141 195.031755
159.453198 195.444918
158.665199 195.840883
157.893143 196.219648
157.137032 196.581214
156.396864 196.925581
155.672640 197.252750
154.964360 197.562719
154.272023 197.855489
153.595631 198.131060
152.935182 198.389432
152.290677 198.630605
151.662116 198.854579
151.049498 199.061354
150.452825 199.250930
149.872095 199.423307
149.307309 199.578485
148.758467 199.716464
148.225569 199.837244
147.708614 199.940825
147.207603 200.027207
146.722536 200.096390
146.253413 200.148374
145.800234 200.183159
145.362998 200.200745
144.941707 200.201132
144.536359 200.184320
144.146954 200.150309
143.773494 200.099098
143.415978 200.030689
143.074405 199.945081
142.748776 199.842274
142.439091 199.722267
142.145349 199.585062
141.867552 199.430658
141.605698 199.259055
141.359788 199.070252
141.129822 198.864251
140.915800 198.641051
140.717721 198.400651
140.535587 198.143053
140.369396 197.868256
140.218657 197.576502
140.072545 197.273132
139.926631 196.960330
139.780917 196.638096
139.635401 196.306431
139.490084 195.965333
139.344966 195.614804
139.200047 195.254843
139.055326 194.885450
138.910804 194.506625
138.766481 194.118369
138.622357 193.720680
138.478432 193.313560
138.334705 192.897008
138.191177 192.471024
138.047848 192.035608
137.904718 191.590761
137.761786 191.136481
137.619054 190.672770
137.476520 190.199627
137.334185 189.717052
137.192048 189.225045
137.050111 188.723606
136.908372 188.212736
136.766832 187.692434
136.625491 187.162699
136.484348 186.623533
136.343405 186.074936
136.202660 185.516906
136.062114 184.949444
135.921767 184.372551
135.781618 183.786226
135.641669 183.190469
135.501918 182.585280
135.362365 181.970659
135.223012 181.346607
135.083858 180.713122
134.944902 180.070206
134.806145 179.417858
134.667587 178.756078
134.529227 178.084866
134.391067 177.404223
134.253105 176.714147
134.115342 176.014640
133.977777 175.305701
133.840412 174.587330
133.703245 173.859527
133.566277 173.122293
133.429508 172.375626
133.292938 171.619528
133.156566 170.853998
133.020394 170.079036
132.884420 169.294642
132.748644 168.500816
132.613068 167.697559
132.477690 166.884869
132.342512 166.062748
132.207532 165.231195
132.072750 164.390210
131.938168 163.539794
131.803784 162.679945
131.669599 161.810665
131.535613 160.931953
131.401826 160.043809
131.268237 159.146233
131.134847 158.239225
131.001656 157.322785
130.868664 156.396914
130.735871 155.461611
130.603276 154.516876
130.470880 153.562709
130.338683 152.599110
130.206685 151.626079
130.074886 150.643617
129.943285 149.651723
129.811883 148.650397
129.680680 147.639639
129.549676 146.619449
129.418870 145.589827
129.288263 144.550774
129.157855 143.502288
129.027646 142.444371
128.897636 141.377022
128.767824 140.300241
128.638211 139.214029
128.508797 138.118384
128.379582 137.013308
128.250566 135.898800
128.121748 134.774860
127.993129 133.641488
127.864709 132.498684
127.736488 131.346449
127.608465 130.184781
127.480641 129.013682
127.353016 127.833151
127.225590 126.643188
127.098363 125.443793
126.971334 124.234967
126.844504 123.016708
126.717873 121.789018
126.591441 120.551896
126.465208 119.305342
126.339173 118.049356
126.213337 116.783939
126.087700 115.509089
125.962262 114.224808
125.837022 112.931095
125.711981 111.627950
125.587139 110.315373
125.462496 108.993365
125.338052 107.661924
125.213806 106.321052
125.089759 104.970748
124.965911 103.611012
124.842262 102.241844
124.718812 100.863244
124.595560 99.475213
124.472507 98.077749
124.349653 96.670854
124.226998 95.254527
124.104541 93.828768
123.982283 92.393578
123.860224 90.948955
123.738364 89.494901
123.616703 88.031415
123.495017 86.561175
123.371963 85.100257
123.247318 83.651338
123.121081 82.214418
122.993254 80.789499
122.863835 79.376578
122.732825 77.975657
122.600224 76.586736
122.466031 75.209814
122.330248 73.844892
122.192873 72.491970
122.053907 71.151047
121.913349 69.822123
121.771201 68.505199
121.627461 67.200275
121.482130 65.907350
121.335207 64.626424
121.186694 63.357498
121.036589 62.100572
120.884893 60.855645
120.731606 59.622718
120.576727 58.401791
120.420257 57.192862
120.262196 55.995934
120.102544 54.811005
119.941301 53.638075
119.778466 52.477145
119.614040 51.328215
119.448023 50.191284
119.280415 49.066353
119.111215 47.953421
118.940424 46.852489
118.768042 45.763556
118.594069 44.686623
118.418504 43.621689
118.241349 42.568755
118.062602 41.527821
117.882263 40.498886
117.700334 39.481950
117.516813 38.477015
117.331701 37.484078
117.144998 36.503141
116.956704 35.534204
116.766818 34.577266
116.575341 33.632328
116.382273 32.699390
116.187614 31.778451
115.991363 30.869511
115.793522 29.972571
115.594088 29.087630
115.393064 28.214690
115.190449 27.353748
114.986242 26.504806
114.780444 25.667864
114.573055 24.842921
114.364074 24.029978
114.153503 23.229034
113.941340 22.440090
113.727586 21.663146
113.512240 20.898201
113.295304 20.145255
113.076776 19.404309
112.856657 18.675363
112.634947 17.958416
112.411645 17.253469
112.186752 16.560521
111.960268 15.879573
111.732193 15.210624
111.502527 14.553675
111.271269 13.908725
111.038420 13.275775
110.803980 12.654825
110.567948 12.045874
110.330326 11.448922
110.091112 10.863970
109.850307 10.291018
109.607911 9.730065
109.363923 9.181112
109.118344 8.644158
108.871174 8.119204
108.622413 7.606249
108.372060 7.105294
108.120117 6.616339
107.866582 6.139383
107.611456 5.674426
107.354738 5.221469
107.096430 4.780512
106.836530 4.351554
106.575039 3.934596
106.311956 3.529637
106.047283 3.136678
105.781018 2.755718
105.513162 2.386758
105.243714 2.029797
104.972676 1.684836
104.700046 1.351875
104.425825 1.030913
104.150013 0.721950
103.872609 0.424988
103.593615 0.140024
103.313029 -0.132940
103.030852 -0.393904
102.747083 -0.642869
102.461724 -0.879834
102.174773 -1.104799
101.886231 -1.317765
101.596097 -1.518732
101.304373 -1.707699
101.011057 -1.884666
100.716150 -2.049634
100.419652 -2.202603
100.121562 -2.343571
99.821882 -2.472541
99.520610 -2.589510
99.217746 -2.694481
98.913292 -2.787451
98.607246 -2.868422
98.299609 -2.937394
97.990381 -2.994366
97.679562 -3.039338
97.367151 -3.072311
97.053150 -3.093285
96.737557 -3.102259
96.420372 -3.099233
96.101597 -3.084208
95.780223 -3.059635
95.453792 -3.031508
95.122190 -3.000099
94.785418 -2.965408
94.443476 -2.927435
94.096364 -2.886181
93.744082 -2.841644
93.386630 -2.793826
93.024007 -2.742726
92.656215 -2.688345
92.283252 -2.630681
91.905119 -2.569736
91.521816 -2.505508
91.133343 -2.437999
90.739700 -2.367209
90.340887 -2.293136
89.936904 -2.215781
89.527750 -2.135145
89.113426 -2.051227
88.693933 -1.964027
88.269269 -1.873545
87.839435 -1.779782
87.404431 -1.682736
86.964256 -1.582409
86.518912 -1.478800
86.068398 -1.371909
85.612713 -1.261736
85.151858 -1.148282
84.685833 -1.031545
84.214638 -0.911527
83.738273 -0.788227
83.256738 -0.661645
82.770033 -0.531782
82.278157 -0.398636
81.781112 -0.262209
81.278896 -0.122500
80.771510 0.020491
80.258954 0.166764
79.741228 0.316318
79.218332 0.469155
78.690266 0.625273
78.157030 0.784673
77.618623 0.947355
77.075046 1.113319
76.526300 1.282564
75.972383 1.455091
75.413296 1.630901
74.849039 1.809991
74.279611 1.992364
73.705014 2.178019
73.125247 2.366955
72.540309 2.559174
71.950201 2.754674
71.354923 2.953456
70.754475 3.155519
70.148857 3.360865
69.538069 3.569492
68.922111 3.781401
68.300982 3.996592
67.674684 4.215065
67.043215 4.436820
66.406576 4.661856
65.764768 4.890175
65.117788 5.121775
64.465639 5.356657
63.808320 5.594820
63.145831 5.836266
62.478171 6.080993
61.805341 6.329003
61.127342 6.580294
60.444172 6.834867
59.755832 7.092721
59.062322 7.353858
58.363641 7.618276
57.659791 7.885976
56.950771 8.156958
56.236580 8.431222
55.517219 8.708768
54.792688 8.989595
54.062988 9.273704
53.328116 9.561095
52.588075 9.851768
51.842864 10.145723
51.092482 10.442960
50.336931 10.743478
49.576209 11.047278
48.810317 11.354360
48.039256 11.664724
47.263023 11.978370
46.481621 12.295297
45.695049 12.615506
44.903307 12.938997
44.106394 13.265770
43.304311 13.595825
42.497059 13.929162
41.684636 14.265780
40.867043 14.605680
40.044280 14.948862
39.216346 15.295326
38.383243 15.645072
37.544970 15.998100
36.701526 16.354409
35.852912 16.714000
34.999128 17.076873
34.140174 17.443028
33.276050 17.812464
32.406756 18.185183
31.532292 18.561183
30.652657 18.940465
29.767853 19.323029
28.877878 19.708875
27.982733 20.098002
27.082418 20.490412
26.176933 20.886103
25.266278 21.285076
24.350453 21.687331
23.429458 22.092868
22.503292 22.501686
21.571956 22.913786
20.635451 23.329168
19.693775 23.747832
18.746929 24.169778
17.794913 24.595006
16.837726 25.023515
15.875370 25.455306
