299.893045 -8.010109
299.009115 -8.820342
298.128406 -9.623077
297.250918 -10.418314
296.376652 -11.206052
295.505606 -11.986293
294.637782 -12.759036
293.773178 -13.524280
292.911796 -14.282027
292.053635 -15.032276
291.198695 -15.775026
290.346976 -16.510279
289.498478 -17.238033
288.653201 -17.958290
287.811145 -18.671049
286.972311 -19.376309
286.136697 -20.074072
285.304304 -20.764336
284.475133 -21.447103
283.649183 -22.122371
282.826453 -22.790141
282.006945 -23.450414
281.190658 -24.103188
280.377592 -24.748465
279.567747 -25.386243
278.761123 -26.016523
277.957720 -26.639306
277.157539 -27.254590
276.360578 -27.862376
275.566839 -28.462664
274.776320 -29.055455
273.989023 -29.640747
273.204946 -30.218541
272.424091 -30.788837
271.646457 -31.351635
270.872044 -31.906936
270.100852 -32.454738
269.332881 -32.995042
268.568131 -33.527848
267.806603 -34.053156
267.048295 -34.570966
266.293208 -35.081278
265.541343 -35.584092
264.792699 -36.079408
264.047275 -36.567226
263.305073 -37.047546
262.566092 -37.520368
261.830332 -37.985692
261.097793 -38.443518
260.368475 -38.893845
259.642378 -39.336675
258.919502 -39.772007
258.199848 -40.199841
257.483414 -40.620177
256.770202 -41.033015
256.060210 -41.438354
255.353440 -41.836196
254.649891 -42.226540
253.949562 -42.609385
253.252455 -42.984733
252.558569 -43.352583
251.867904 -43.712934
251.180461 -44.065788
250.496238 -44.411144
249.815236 -44.749001
249.137456 -45.079361
248.462896 -45.402222
247.791558 -45.717586
247.123440 -46.025451
246.458544 -46.325819
245.796869 -46.618688
245.138415 -46.904060
244.483182 -47.181933
243.831170 -47.452309
243.182379 -47.715186
242.536809 -47.970565
241.894460 -48.218447
241.255333 -48.458830
240.619426 -48.691715
239.986741 -48.917103
239.357276 -49.134992
238.731033 -49.345383
238.108011 -49.548276
237.488210 -49.743672
236.871630 -49.931569
236.258271 -50.111968
235.648133 -50.284869
235.041216 -50.450272
234.437520 -50.608177
233.837046 -50.758585
233.239792 -50.901494
232.645760 -51.036905
232.054948 -51.164818
231.467358 -51.285233
230.882989 -51.398150
230.301841 -51.503569
229.723914 -51.601490
229.149208 -51.691913
228.577723 -51.774838
228.009459 -51.850264
227.444416 -51.918193
226.882594 -51.978624
226.323994 -52.031557
225.768614 -52.076992
225.216456 -52.114929
224.667519 -52.145368
224.121802 -52.168308
223.579307 -52.183751
223.040033 -52.191696
222.503980 -52.192143
221.971148 -52.185091
221.441537 -52.170542
220.915148 -52.148495
220.391979 -52.118949
219.872031 -52.081906
219.355305 -52.037364
218.841800 -51.985325
218.331515 -51.925788
217.824452 -51.858752
217.320610 -51.784219
216.819989 -51.702187
216.322589 -51.612658
215.828410 -51.515630
215.337452 -51.411105
214.849715 -51.299081
214.365020 -51.179840
213.879431 -51.059560
213.391337 -50.940768
212.900737 -50.823464
212.407632 -50.707648
211.912022 -50.593320
211.413907 -50.480480
210.913287 -50.369128
210.410162 -50.259264
209.904531 -50.150888
209.396395 -50.044000
208.885754 -49.938601
208.372608 -49.834689
207.856957 -49.732265
207.338800 -49.631329
206.818139 -49.531881
206.294972 -49.433922
205.769300 -49.337450
205.241123 -49.242466
204.710441 -49.148971
204.177253 -49.056963
203.641561 -48.966443
203.103363 -48.877412
202.562660 -48.789868
202.019452 -48.703813
201.473739 -48.619245
200.925521 -48.536166
200.374797 -48.454574
199.821568 -48.374471
199.265834 -48.295855
198.707595 -48.218728
198.146851 -48.143088
197.583602 -48.068937
197.017847 -47.996274
196.449588 -47.925098
195.878823 -47.855411
195.305553 -47.787212
194.729778 -47.720500
194.151497 -47.655277
193.570712 -47.591542
192.987421 -47.529295
192.401625 -47.468536
191.813324 -47.409264
191.222518 -47.351481
190.629207 -47.295186
190.033390 -47.240379
189.435069 -47.187060
188.834242 -47.135229
188.230910 -47.084886
187.625073 -47.036031
187.016730 -46.988664
186.405883 -46.942785
185.792530 -46.898394
185.176672 -46.855491
184.558309 -46.814076
183.937441 -46.774150
183.314068 -46.735711
182.688189 -46.698760
182.059806 -46.663297
181.428917 -46.629322
180.795523 -46.596836
180.159624 -46.565837
179.521220 -46.536326
178.880310 -46.508304
178.236896 -46.481769
177.590976 -46.456722
176.942551 -46.433164
176.291621 -46.411093
175.638186 -46.390510
174.982245 -46.371416
174.323800 -46.353809
173.662849 -46.337691
172.999393 -46.323060
172.333432 -46.309918
171.664966 -46.298264
170.993994 -46.288097
170.320518 -46.279419
169.644536 -46.272228
168.966049 -46.266526
168.285057 -46.262312
167.601560 -46.259586
166.915557 -46.258347
166.227050 -46.258597
165.536037 -46.260335
164.842519 -46.263561
164.146496 -46.268274
163.447968 -46.274476
162.746934 -46.282166
162.043396 -46.291344
161.337352 -46.302010
160.628803 -46.314164
159.917749 -46.327806
159.204190 -46.342936
158.488126 -46.359554
157.769556 -46.377660
157.048482 -46.397254
156.324902 -46.418336
155.598817 -46.440906
154.870227 -46.464964
154.139131 -46.490510
153.405531 -46.517544
152.669425 -46.546067
151.930814 -46.576077
151.189698 -46.607575
150.446077 -46.640561
149.699951 -46.675036
148.951319 -46.710998
148.200183 -46.748448
147.446541 -46.787387
146.690394 -46.827813
145.931742 -46.869727
145.170584 -46.913130
144.406922 -46.958020
143.640754 -47.004399
142.872081 -47.052265
142.100904 -47.101620
141.327220 -47.152462
140.551032 -47.204793
139.772339 -47.258611
138.991140 -47.313918
138.207436 -47.370712
137.421227 -47.428995
136.632513 -47.488766
135.841294 -47.550024
135.047570 -47.612771
134.251941 -47.676143
133.458019 -47.734963
132.666403 -47.788369
131.877095 -47.836360
131.090093 -47.878936
130.305399 -47.916098
129.523012 -47.947845
128.742931 -47.974178
127.965158 -47.995096
127.189691 -48.010599
126.416532 -48.020688
125.645680 -48.025362
124.877135 -48.024622
124.110897 -48.018467
123.346965 -48.006898
122.585341 -47.989914
121.826024 -47.967515
121.069014 -47.939702
120.314311 -47.906474
119.561915 -47.867832
118.811826 -47.823775
118.064044 -47.774303
117.318569 -47.719417
116.575401 -47.659116
115.834540 -47.593401
115.095987 -47.522271
114.359740 -47.445726
113.625800 -47.363767
112.894167 -47.276394
112.164842 -47.183605
111.437823 -47.085402
110.713111 -46.981785
109.990707 -46.872753
109.270609 -46.758306
108.552819 -46.638445
107.837335 -46.513169
107.124159 -46.382479
106.413289 -46.246374
105.704727 -46.104855
104.998471 -45.957920
104.294523 -45.805572
103.592882 -45.647808
102.893547 -45.484631
102.196520 -45.316038
101.501800 -45.142031
100.809387 -44.962609
100.119280 -44.777773
99.431481 -44.587522
98.745989 -44.391857
98.062804 -44.190777
97.381926 -43.984282
96.703355 -43.772373
96.027091 -43.555049
95.353134 -43.332311
94.681484 -43.104158
94.012141 -42.870591
93.345105 -42.631609
92.680376 -42.387212
92.017955 -42.137401
91.357840 -41.882175
90.700032 -41.621534
90.044531 -41.355479
89.391338 -41.084010
88.740451 -40.807126
88.091871 -40.524827
87.445599 -40.237113
86.801633 -39.943986
86.159975 -39.645443
85.520623 -39.341486
84.883579 -39.032114
84.248841 -38.717328
83.616411 -38.397127
82.986287 -38.071512
82.358471 -37.740482
81.732962 -37.404037
81.109760 -37.062178
80.488864 -36.714904
79.870276 -36.362215
79.253995 -36.004112
78.640021 -35.640595
78.028354 -35.271663
77.418993 -34.897316
76.811940 -34.517555
76.207194 -34.132379
75.604755 -33.741788
75.004623 -33.345783
74.406798 -32.944364
73.811281 -32.537529
73.218070 -32.125280
72.627166 -31.707617
72.038569 -31.284539
71.452279 -30.856046
70.868296 -30.422139
70.286621 -29.982817
69.707252 -29.538081
69.130190 -29.087930
68.555436 -28.632365
67.982988 -28.171385
67.412847 -27.704990
66.845014 -27.233181
66.279487 -26.755957
65.716268 -26.273318
65.155355 -25.785265
64.596750 -25.291798
64.040452 -24.792915
63.486460 -24.288619
62.934776 -23.778907
62.385399 -23.263781
61.838328 -22.743241
61.293565 -22.217285
60.751109 -21.685916
60.210960 -21.149131
59.673118 -20.606932
59.137583 -20.059319
58.604354 -19.506291
58.073433 -18.947848
57.544819 -18.383991
57.018512 -17.814719
56.494512 -17.240033
55.972819 -16.659932
55.453434 -16.074416
54.936355 -15.483486
54.421583 -14.887141
53.909118 -14.285382
53.398960 -13.678208
52.891488 -13.068549
52.387626 -12.463568
51.887417 -11.863590
51.390860 -11.268614
50.897956 -10.678641
50.408704 -10.093671
49.923105 -9.513704
49.441159 -8.938740
48.962865 -8.368779
48.488224 -7.803820
48.017235 -7.243864
47.549898 -6.688911
47.086215 -6.138962
46.626184 -5.594014
46.169805 -5.054070
45.717079 -4.519129
45.268005 -3.989190
44.822584 -3.464254
44.380816 -2.944321
43.942700 -2.429391
43.508237 -1.919464
43.077426 -1.414540
42.650268 -0.914618
42.226762 -0.419700
41.806909 0.070216
41.390709 0.555129
40.978161 1.035039
40.569265 1.509946
40.164023 1.979851
39.762432 2.444752
39.364494 2.904651
38.970209 3.359547
38.579577 3.809440
38.192596 4.254330
37.809269 4.694218
37.429594 5.129102
37.053572 5.558984
36.681202 5.983862
36.312484 6.403738
35.947420 6.818611
35.586007 7.228482
35.228248 7.633349
34.874140 8.033214
34.523686 8.428075
34.176884 8.817934
33.833734 9.202790
33.494238 9.582643
33.158393 9.957493
32.826201 10.327341
32.497662 10.692186
32.172775 11.052027
31.851541 11.406866
31.533960 11.756702
31.220031 12.101535
30.909754 12.441366
30.603130 12.776193
30.300159 13.106018
30.000840 13.430840
29.705174 13.750659
29.413160 14.065475
29.124799 14.375288
28.840090 14.680098
28.559034 14.979906
28.281631 15.274711
28.007880 15.564513
27.737782 15.849312
27.471336 16.129108
27.208542 16.403901
26.949402 16.673692
26.693914 16.938479
26.442078 17.198264
26.193895 17.453046
25.949364 17.702825
25.708486 17.947601
25.471261 18.187375
25.237688 18.422145
25.007768 18.651913
24.781500 18.876678
24.558885 19.096440
24.339922 19.311199
24.124612 19.520955
23.912955 19.725709
23.704950 19.925459
23.500597 20.120207
23.299897 20.309952
23.102850 20.494694
22.909455 20.674433
22.719713 20.849170
22.533623 21.018903
22.351186 21.183634
22.172402 21.343361
21.997270 21.498086
21.825790 21.647809
21.657964 21.792528
21.493789 21.932244
21.333267 22.066958
21.176398 22.196669
21.023182 22.321376
20.873617 22.441081
20.727706 22.555784
20.585447 22.665483
20.446840 22.770179
20.311886 22.869873
20.180585 22.964564
20.052936 23.054252
19.928940 23.138937
19.808596 23.218619
19.691905 23.293299
19.578867 23.362975
19.469481 23.427649
19.363747 23.487320
19.261666 23.541988
19.163238 23.591653
19.068462 23.636315
18.977339 23.675975
18.889868 23.710631
18.806050 23.740285
18.725884 23.764936
18.649371 23.784584
18.576511 23.799229
18.507303 23.808871
18.441747 23.813511
18.379845 23.813148
18.321594 23.807781
18.266997 23.797412
