293.692299 61.195047
291.392902 57.369377
289.117055 53.584799
286.864757 49.841312
284.636009 46.138916
282.430811 42.477612
280.249162 38.857399
278.091062 35.278278
275.956512 31.740248
273.845512 28.243309
271.758061 24.787462
269.694160 21.372706
267.653808 17.999041
265.637005 14.666468
263.643753 11.374986
261.674049 8.124596
259.727896 4.915297
257.805291 1.747089
255.906237 -1.380027
254.030732 -4.466052
252.178776 -7.510986
250.350370 -10.514828
248.545513 -13.477579
246.764206 -16.399238
245.006448 -19.279806
243.272240 -22.119283
241.561582 -24.917668
239.874473 -27.674962
238.210913 -30.391165
236.570903 -33.066276
234.954443 -35.700295
233.361532 -38.293224
231.792171 -40.845061
230.246359 -43.355807
228.724096 -45.825461
227.225384 -48.254024
225.750220 -50.641495
224.298606 -52.987876
222.870542 -55.293164
221.466028 -57.557362
220.085062 -59.780468
218.727647 -61.962483
217.393780 -64.103406
216.083464 -66.203238
214.796697 -68.261978
213.533479 -70.279627
212.293811 -72.256185
211.077692 -74.191652
209.885123 -76.086027
208.716104 -77.939310
207.570634 -79.751503
206.448713 -81.522604
205.350343 -83.252613
204.275521 -84.941531
203.224249 -86.589358
202.196527 -88.196093
201.192354 -89.761737
200.211731 -91.286290
199.254657 -92.769751
198.321133 -94.212121
197.411158 -95.613400
196.524733 -96.973587
195.661857 -98.292683
194.822531 -99.570687
194.006754 -100.807600
193.214527 -102.003422
192.445849 -103.158152
191.700721 -104.271791
190.979143 -105.344339
190.281114 -106.375795
189.606634 -107.366160
188.955704 -108.315433
188.328324 -109.223615
187.724493 -110.090706
187.144211 -110.916705
186.587479 -111.701613
186.054297 -112.445429
185.544664 -113.148154
185.058581 -113.809788
184.596047 -114.430331
184.157063 -115.009782
183.741628 -115.548141
183.349743 -116.045409
182.981407 -116.501586
182.636621 -116.916672
182.315384 -117.290666
182.017697 -117.623569
181.743559 -117.915380
181.492971 -118.166100
181.265933 -118.375729
181.062443 -118.544266
180.882504 -118.671712
180.726114 -118.758066
180.593273 -118.803330
180.483982 -118.807501
180.398241 -118.770582
180.336049 -118.692571
180.297407 -118.573468
180.282314 -118.413275
180.290770 -118.211989
180.322777 -117.969613
180.378332 -117.686145
180.457437 -117.361586
180.560092 -116.995935
180.686296 -116.589193
180.836050 -116.141360
181.009354 -115.652435
181.206206 -115.122419
181.426609 -114.551311
181.670561 -113.939113
181.938062 -113.285822
182.229113 -112.591441
182.543713 -111.855968
182.881863 -111.079403
183.243563 -110.261748
183.628812 -109.403000
184.037610 -108.503162
184.469958 -107.562232
184.925856 -106.580211
185.405303 -105.557098
185.908300 -104.492894
186.434846 -103.387599
186.984941 -102.241212
187.558587 -101.053734
188.155781 -99.825164
188.775390 -98.556924
189.392442 -97.280273
189.996719 -96.007997
190.588221 -94.740098
191.166950 -93.476575
191.732905 -92.217428
192.286086 -90.962658
192.826493 -89.712263
193.354125 -88.466245
193.868984 -87.224603
194.371068 -85.987337
194.860379 -84.754447
195.336915 -83.525934
195.800677 -82.301796
196.251665 -81.082035
196.689880 -79.866650
197.115320 -78.655641
197.527986 -77.449009
197.927878 -76.246752
198.314996 -75.048872
198.689339 -73.855368
199.050909 -72.666240
199.399705 -71.481489
199.735727 -70.301113
200.058974 -69.125114
200.369448 -67.953491
200.667147 -66.786244
200.952072 -65.623373
201.224224 -64.464879
201.483601 -63.310760
201.730204 -62.161018
201.964033 -61.015652
202.185088 -59.874662
202.393369 -58.738049
202.588876 -57.605811
202.771609 -56.477950
202.941568 -55.354465
203.098753 -54.235356
203.243163 -53.120624
203.374800 -52.010267
203.493662 -50.904287
203.599751 -49.802683
203.693065 -48.705455
203.773606 -47.612603
203.841372 -46.524128
203.896364 -45.440029
203.938582 -44.360305
203.968026 -43.284958
203.984696 -42.213988
203.988592 -41.147393
203.979714 -40.085175
203.958062 -39.027333
203.923636 -37.973867
203.876435 -36.924777
203.816461 -35.880063
203.743712 -34.839726
203.658190 -33.803764
203.559893 -32.772179
203.448823 -31.744970
203.324978 -30.722138
203.188359 -29.703681
203.038966 -28.689601
202.876800 -27.679897
202.701859 -26.674569
202.514143 -25.673617
202.313654 -24.677042
202.100391 -23.684842
201.874354 -22.697019
201.635543 -21.713572
201.383957 -20.734501
201.119598 -19.759806
200.842464 -18.789488
200.552557 -17.823546
200.249875 -16.861980
199.934420 -15.904790
199.606190 -14.951976
199.265186 -14.003539
198.911408 -13.059477
198.544856 -12.119792
198.165530 -11.184483
197.773430 -10.253551
197.368556 -9.326994
196.950908 -8.404814
196.520485 -7.487009
196.077289 -6.573581
195.621319 -5.664530
195.152574 -4.759854
194.671056 -3.859555
194.176763 -2.963631
193.669697 -2.072084
193.149856 -1.184913
192.617241 -0.302119
192.071852 0.576300
191.513689 1.450342
190.942752 2.320008
190.359041 3.185298
189.762556 4.046212
189.153297 4.902749
188.531264 5.754911
187.896456 6.602696
187.248875 7.446105
186.588519 8.285138
185.915390 9.119794
185.229486 9.950075
184.530809 10.775979
183.819357 11.597507
183.095131 12.414659
182.358131 13.227435
181.608358 14.035834
180.845810 14.839857
180.070488 15.639505
179.282391 16.434775
178.481521 17.225670
177.667877 18.012189
176.841459 18.794331
176.002266 19.572097
175.150300 20.345487
174.285560 21.114501
173.408045 21.879139
172.517756 22.639400
171.614694 23.395285
170.698857 24.146794
169.770246 24.893927
168.828861 25.636684
167.874702 26.375064
166.909762 27.108201
165.945994 27.830892
164.985392 28.542269
164.027954 29.242332
163.073682 29.931081
162.122576 30.608517
161.174634 31.274638
160.229858 31.929446
159.288247 32.572941
158.349801 33.205121
157.414521 33.825988
156.482406 34.435541
155.553456 35.033780
154.627671 35.620706
153.705052 36.196318
152.785598 36.760616
151.869309 37.313600
150.956185 37.855270
150.046227 38.385627
149.139433 38.904670
148.235806 39.412399
147.335343 39.908815
146.438046 40.393917
145.543914 40.867705
144.652947 41.330179
143.765145 41.781339
142.880509 42.221186
141.999038 42.649719
141.120732 43.066938
140.245591 43.472844
139.373616 43.867436
138.504806 44.250714
137.639161 44.622678
136.776682 44.983328
135.917367 45.332665
135.061218 45.670688
134.208235 45.997397
133.358416 46.312793
132.511763 46.616875
131.668275 46.909642
130.827952 47.191097
129.990795 47.461237
129.156802 47.720064
128.325975 47.967577
127.498314 48.203776
126.673817 48.428662
125.852486 48.642233
125.034320 48.844491
124.219319 49.035435
123.407484 49.215066
122.598814 49.383383
121.793309 49.540385
120.990969 49.686075
120.191795 49.820450
119.395786 49.943512
118.602942 50.055260
117.813263 50.155694
117.026750 50.244814
116.243402 50.322621
115.463219 50.389114
114.686201 50.444293
113.912349 50.488159
113.141662 50.520710
112.374140 50.541948
111.609783 50.551872
110.848592 50.550483
110.090566 50.537780
109.335705 50.513762
108.584010 50.478432
107.835479 50.431787
107.090114 50.373829
106.347915 50.304557
105.608880 50.223971
104.873011 50.132071
104.140307 50.028858
103.410768 49.914331
102.684394 49.788490
101.961186 49.651335
101.241143 49.502867
100.524265 49.343085
99.810553 49.171989
99.100006 48.989579
98.392624 48.795856
97.688407 48.590819
96.987356 48.374468
96.289470 48.146803
95.594749 47.907825
94.903193 47.657533
94.214802 47.395927
93.529577 47.123007
92.847517 46.838774
92.168623 46.543227
91.492893 46.236366
90.820329 45.918191
90.150930 45.588703
89.484697 45.247901
88.821628 44.895785
88.161725 44.532355
87.504987 44.157612
86.851415 43.771555
86.201007 43.374184
85.553765 42.965499
84.909689 42.545501
84.268777 42.114189
83.631031 41.671563
82.996450 41.217623
82.365034 40.752370
81.736783 40.275803
81.111698 39.787922
80.489778 39.288727
79.871023 38.778219
79.255434 38.256397
78.643009 37.723261
78.033750 37.178811
77.427657 36.623048
76.824728 36.055970
76.224965 35.477580
75.628367 34.887875
75.034934 34.286856
74.444667 33.674524
73.857565 33.050878
73.273628 32.415919
72.692856 31.769645
72.115250 31.112058
71.540808 30.443157
70.969286 29.767213
70.400083 29.094666
69.833170 28.425990
69.268547 27.761186
68.706216 27.100252
68.146175 26.443190
67.588425 25.789999
67.032966 25.140680
66.479797 24.495231
65.928919 23.853654
65.380332 23.215949
64.834036 22.582114
64.290031 21.952151
63.748316 21.326059
63.208892 20.703838
62.671759 20.085489
62.136916 19.471011
61.604365 18.860404
61.074104 18.253668
60.546133 17.650804
60.020454 17.051811
59.497065 16.456689
58.975967 15.865438
58.457160 15.278059
57.940644 14.694551
57.426418 14.114914
56.914483 13.539148
56.404839 12.967254
55.897485 12.399231
55.392423 11.835080
54.889651 11.274799
54.389170 10.718390
53.890979 10.165852
53.395080 9.617185
52.901471 9.072390
52.410152 8.531466
51.921125 7.994413
51.434388 7.461231
50.949943 6.931921
50.467787 6.406482
49.987923 5.884914
49.510349 5.367218
49.035067 4.853393
48.562074 4.343439
48.091373 3.837356
47.622962 3.335144
47.156843 2.836804
46.693014 2.342335
46.231475 1.851738
45.772228 1.365011
45.315271 0.882156
44.860605 0.403172
44.408229 -0.071940
43.958145 -0.543182
43.510351 -1.010552
43.064848 -1.474051
42.621636 -1.933678
42.180714 -2.389434
41.742083 -2.841319
41.305743 -3.289333
40.871694 -3.733475
40.439935 -4.173747
40.010468 -4.610147
39.583291 -5.042675
39.158404 -5.471333
38.735809 -5.896119
38.315504 -6.317034
37.897490 -6.734077
37.481767 -7.147250
37.068334 -7.556551
36.657192 -7.961980
36.248341 -8.363539
35.841781 -8.761226
35.437512 -9.155042
35.035533 -9.544987
34.635845 -9.931060
34.238448 -10.313263
33.843341 -10.691594
33.450526 -11.066053
33.060001 -11.436642
32.671766 -11.803359
32.285823 -12.166205
31.902170 -12.525179
31.520808 -12.880283
31.141737 -13.231515
30.764957 -13.578875
30.390467 -13.922365
30.018268 -14.261983
29.648360 -14.597730
29.280743 -14.929606
28.915416 -15.257610
28.552380 -15.581744
28.191635 -15.902006
27.833180 -16.218396
27.477017 -16.530916
27.123144 -16.839564
26.771562 -17.144341
26.422270 -17.445246
26.075270 -17.742281
25.730560 -18.035444
25.388141 -18.324736
25.048012 -18.610156
24.710175 -18.891705
24.374628 -19.169383
24.041372 -19.443190
23.710406 -19.713126
23.381732 -19.979190
23.055348 -20.241383
22.731255 -20.499704
22.409453 -20.754155
22.089941 -21.004734
21.772720 -21.251442
21.457790 -21.494278
21.145151 -21.733244
20.834802 -21.968338
20.526744 -22.199561
20.220977 -22.426912
19.917501 -22.650393
19.616316 -22.870002
19.317421 -23.085739
19.020817 -23.297606
18.726503 -23.505601
18.434481 -23.709725
18.144749 -23.909978
17.857308 -24.106359
