191.025404 -231.320762
191.465881 -230.506741
191.902228 -229.692776
192.334445 -228.878866
192.762531 -228.065011
193.186488 -227.251213
193.606314 -226.437469
194.022010 -225.623781
194.433576 -224.810149
194.841012 -223.996572
195.244317 -223.183051
195.643493 -222.369585
196.038538 -221.556175
196.429454 -220.742820
196.816239 -219.929521
197.198894 -219.116277
197.577418 -218.303089
197.951813 -217.489956
198.322078 -216.676879
198.688212 -215.863857
199.050216 -215.050891
199.408091 -214.237980
199.761835 -213.425125
200.111448 -212.612325
200.456932 -211.799581
200.798286 -210.986892
201.135509 -210.174259
201.468602 -209.361682
201.797565 -208.549159
202.122398 -207.736693
202.443101 -206.924282
202.759674 -206.111926
203.072117 -205.299626
203.380429 -204.487381
203.684611 -203.675192
203.984663 -202.863059
204.280585 -202.050981
204.572377 -201.238958
204.860039 -200.426991
205.143571 -199.615080
205.422972 -198.803224
205.698243 -197.991423
205.969384 -197.179678
206.236395 -196.367989
206.499276 -195.556355
206.758027 -194.744776
207.012648 -193.933253
207.263138 -193.121786
207.509498 -192.310374
207.751729 -191.499017
207.989829 -190.687716
208.223798 -189.876471
208.453638 -189.065281
208.679348 -188.254147
208.900927 -187.443068
209.118377 -186.632045
209.331696 -185.821077
209.540885 -185.010164
209.745944 -184.199307
209.946872 -183.388506
210.143671 -182.577760
210.336339 -181.767070
210.524878 -180.956435
210.709286 -180.145856
210.889564 -179.335332
211.065712 -178.524864
211.237730 -177.714451
211.405617 -176.904094
211.569375 -176.093792
211.729002 -175.283546
211.884499 -174.473355
212.035866 -173.663220
212.183103 -172.853140
212.326210 -172.043116
212.465187 -171.233147
212.600033 -170.423234
212.730750 -169.613377
212.857336 -168.803574
212.979792 -167.993828
213.098118 -167.184137
213.212313 -166.374501
213.322379 -165.564921
213.428315 -164.755396
213.530120 -163.945927
213.627795 -163.136514
213.721340 -162.327155
213.810755 -161.517853
213.896040 -160.708606
213.977195 -159.899414
214.054219 -159.090278
214.127114 -158.281198
214.195878 -157.472173
214.260512 -156.663203
214.321016 -155.854289
214.377390 -155.045431
214.429633 -154.236628
214.477747 -153.427880
214.521730 -152.619188
214.561583 -151.810552
214.597306 -151.001971
214.628899 -150.193446
214.656362 -149.384976
214.679695 -148.576561
214.698897 -147.768202
214.713970 -146.959899
214.724912 -146.151651
214.731724 -145.343459
214.734406 -144.535322
214.732958 -143.727240
214.727380 -142.919215
214.717671 -142.111244
214.703833 -141.303329
214.685864 -140.495470
214.663765 -139.687666
214.637536 -138.879918
214.607177 -138.072225
214.572687 -137.264588
214.534068 -136.457006
214.491318 -135.649480
214.444439 -134.842009
214.393429 -134.034594
214.338289 -133.227234
214.279019 -132.419930
214.215618 -131.612681
214.148088 -130.805488
214.076348 -129.998438
213.998656 -129.193448
213.914298 -128.391303
213.823275 -127.592003
213.725586 -126.795549
213.621232 -126.001939
213.510213 -125.211175
213.392528 -124.423256
213.268177 -123.638181
213.137161 -122.855953
212.999480 -122.076569
212.855133 -121.300030
212.704120 -120.526336
212.546443 -119.755488
212.382099 -118.987485
212.211091 -118.222326
212.033416 -117.460013
211.849077 -116.700545
211.658071 -115.943923
211.460401 -115.190145
211.256065 -114.439212
211.045063 -113.691125
210.827396 -112.945882
210.603063 -112.203485
210.372065 -111.463933
210.134402 -110.727226
209.890073 -109.993364
209.639079 -109.262348
209.381419 -108.534176
209.117093 -107.808850
208.846103 -107.086368
208.568446 -106.366732
208.284125 -105.649941
207.993137 -104.935995
207.695485 -104.224894
207.391167 -103.516639
207.080183 -102.811228
206.762534 -102.108662
206.438219 -101.408942
206.107239 -100.712067
205.769594 -100.018037
205.425283 -99.326852
205.074306 -98.638512
204.716664 -97.953017
204.352357 -97.270368
203.981384 -96.590563
203.603746 -95.913604
203.219442 -95.239490
202.828473 -94.568221
202.430838 -93.899797
202.026538 -93.234218
201.615572 -92.571484
201.197941 -91.911596
200.773645 -91.254552
200.342683 -90.600354
199.905055 -89.949001
199.460762 -89.300493
199.009804 -88.654830
198.552180 -88.012012
198.087890 -87.372039
197.616936 -86.734912
197.139315 -86.100629
196.655029 -85.469192
196.164078 -84.840600
195.666461 -84.214852
195.162179 -83.591951
194.651232 -82.971894
194.133618 -82.354682
193.609340 -81.740315
193.078396 -81.128794
192.540786 -80.520118
191.996511 -79.914286
191.445571 -79.311300
190.887965 -78.711159
190.323693 -78.113864
189.752756 -77.519413
189.175154 -76.927807
188.590886 -76.339047
187.999953 -75.753132
187.402354 -75.170061
186.798090 -74.589836
186.187160 -74.012456
185.569565 -73.437922
184.945304 -72.866232
184.314378 -72.297387
183.676787 -71.731388
183.032530 -71.168233
182.381607 -70.607924
181.724019 -70.050460
181.059766 -69.495841
180.388847 -68.944067
179.711262 -68.395139
179.027013 -67.849055
178.336097 -67.305817
177.638516 -66.765423
176.934270 -66.227875
176.223358 -65.693172
175.505781 -65.161314
174.781539 -64.632301
174.050630 -64.106134
173.313057 -63.582811
172.568818 -63.062334
171.817913 -62.544701
171.060343 -62.029914
170.296108 -61.517972
169.525207 -61.008875
168.747640 -60.502623
167.963409 -59.999217
167.172511 -59.498655
166.374948 -59.000939
165.570720 -58.506067
164.759826 -58.014041
163.942267 -57.524860
163.118042 -57.038524
162.287152 -56.555033
161.449597 -56.074388
160.605376 -55.596587
159.754489 -55.121632
158.896937 -54.649521
158.032719 -54.180256
157.161836 -53.713836
156.284288 -53.250261
155.400074 -52.789531
154.509195 -52.331647
153.611650 -51.876607
152.708795 -51.424443
151.808762 -50.975337
150.912908 -50.529319
150.021230 -50.086389
149.133731 -49.646548
148.250410 -49.209795
147.371266 -48.776131
146.496300 -48.345554
145.625511 -47.918066
144.758901 -47.493667
143.896468 -47.072355
143.038213 -46.654132
142.184136 -46.238997
141.334236 -45.826951
140.488514 -45.417993
139.646970 -45.012123
138.809604 -44.609341
137.976415 -44.209648
137.147404 -43.813043
136.322571 -43.419527
135.501916 -43.029098
134.685438 -42.641758
133.873138 -42.257506
133.065016 -41.876343
132.261072 -41.498268
131.461305 -41.123281
130.665716 -40.751383
129.874305 -40.382572
129.087072 -40.016851
128.304016 -39.654217
127.525139 -39.294672
126.750438 -38.938215
125.979916 -38.584846
125.213571 -38.234566
124.451405 -37.887374
123.693415 -37.543270
122.939604 -37.202254
122.189970 -36.864327
121.444515 -36.529488
120.703236 -36.197738
119.966136 -35.869076
119.233213 -35.543502
118.504469 -35.221016
117.779901 -34.901619
117.059512 -34.585310
116.343300 -34.272089
115.631267 -33.961957
114.923410 -33.654913
114.219732 -33.350957
113.520231 -33.050089
112.824909 -32.752310
112.133763 -32.457619
111.446796 -32.166017
110.764006 -31.877502
110.085394 -31.592076
109.410960 -31.309739
108.740704 -31.030489
108.074625 -30.754328
107.412724 -30.481256
106.755001 -30.211271
106.101456 -29.944375
105.452088 -29.680567
104.806898 -29.419848
104.165886 -29.162217
103.529052 -28.907674
102.896395 -28.656219
102.267916 -28.407853
101.643615 -28.162575
101.023491 -27.920385
100.407546 -27.681284
99.795778 -27.445271
99.188188 -27.212346
98.584775 -26.982509
97.985541 -26.755761
97.390484 -26.532101
96.799605 -26.311530
96.212903 -26.094047
95.630379 -25.879652
95.052033 -25.668345
94.477865 -25.460127
93.907875 -25.254997
93.342062 -25.052955
92.780427 -24.854002
92.222970 -24.658136
91.669691 -24.465360
91.120589 -24.275671
90.575665 -24.089071
90.034919 -23.905559
89.498350 -23.725136
88.965960 -23.547800
88.437747 -23.373553
87.913711 -23.202395
87.393854 -23.034324
86.878174 -22.869342
86.366672 -22.707448
85.859348 -22.548643
85.356202 -22.392926
84.857233 -22.240297
84.362442 -22.090757
83.871829 -21.944304
83.385393 -21.800940
82.903136 -21.660665
82.425056 -21.523477
81.951153 -21.389378
81.481429 -21.258368
81.015882 -21.130445
80.554513 -21.005611
80.097322 -20.883865
79.644309 -20.765208
79.195473 -20.649639
78.750815 -20.537158
78.310335 -20.427765
77.874032 -20.321461
77.441907 -20.218245
77.013960 -20.118118
76.590191 -20.021078
76.170600 -19.927127
75.755186 -19.836264
75.343950 -19.748490
74.936892 -19.663804
74.534011 -19.582206
74.135309 -19.503697
73.740784 -19.428275
73.350436 -19.355943
72.964267 -19.286698
72.581025 -19.218583
72.197655 -19.146807
71.814019 -19.071154
71.430115 -18.991624
71.045945 -18.908216
70.661508 -18.820931
70.276804 -18.729768
69.891833 -18.634728
69.506595 -18.535810
69.121091 -18.433014
68.735320 -18.326341
68.349281 -18.215791
67.962976 -18.101363
67.576405 -17.983058
67.189566 -17.860874
66.802460 -17.734814
66.415088 -17.604876
66.027449 -17.471060
65.639543 -17.333367
65.251370 -17.191797
64.862930 -17.046348
64.474223 -16.897023
64.085250 -16.743820
63.696010 -16.586739
63.306503 -16.425781
62.916729 -16.260945
62.526688 -16.092232
62.136380 -15.919641
61.745806 -15.743172
61.354964 -15.562827
60.963856 -15.378603
60.572481 -15.190502
60.180839 -14.998524
59.788931 -14.802668
59.396755 -14.602935
59.004313 -14.399324
58.611603 -14.191835
58.218627 -13.980469
57.825384 -13.765226
57.431875 -13.546105
57.038098 -13.323106
56.644055 -13.096230
56.249744 -12.865476
55.855167 -12.630845
55.460323 -12.392337
55.065212 -12.149950
54.669835 -11.903687
54.274190 -11.653545
53.878279 -11.399527
53.482101 -11.141631
53.085656 -10.879857
52.688944 -10.614205
52.291965 -10.344677
51.894720 -10.071270
51.497207 -9.793986
51.099428 -9.512825
50.701382 -9.227786
50.303069 -8.938870
49.904489 -8.646076
49.505643 -8.349404
49.106529 -8.048855
48.707149 -7.744429
48.307502 -7.436125
47.907588 -7.123943
47.507407 -6.807884
47.106959 -6.487948
46.706245 -6.164134
46.305263 -5.836442
45.904015 -5.504873
45.502500 -5.169426
45.100718 -4.830102
44.698670 -4.486900
44.296354 -4.139821
43.893772 -3.788864
43.490922 -3.434030
43.087806 -3.075318
42.684423 -2.712729
42.280774 -2.346262
41.876857 -1.975918
41.472674 -1.601696
41.068223 -1.223597
40.663506 -0.841620
40.258522 -0.455765
39.853271 -0.066033
39.447754 0.327576
39.041969 0.725063
38.635918 1.126428
38.229600 1.531670
37.823015 1.940789
37.416163 2.353786
37.009044 2.770661
36.601658 3.191413
36.194006 3.616043
35.786087 4.044550
35.377901 4.476934
34.969448 4.913197
34.560728 5.353336
34.151741 5.797353
33.742488 6.245248
33.332967 6.697021
32.923180 7.152670
32.513126 7.612198
32.102805 8.075602
31.692218 8.542885
31.281363 9.014045
30.870242 9.489082
30.458854 9.967997
30.047199 10.450789
29.635277 10.937459
29.223088 11.428007
28.810632 11.922432
28.397910 12.420734
27.984921 12.922914
27.571665 13.428972
27.158142 13.938907
26.744352 14.452720
26.330295 14.970410
25.915972 15.491977
25.501382 16.017423
25.086524 16.546745
24.671400 17.079945
24.256009 17.617023
23.840352 18.157978
23.424427 18.702811
23.008236 19.251522
