299.408019 18.837156
298.469356 20.542895
297.535566 22.220627
296.606648 23.870350
295.682602 25.492065
294.763428 27.085772
293.849127 28.651470
292.939697 30.189161
292.035140 31.698843
291.135455 33.180517
290.240641 34.634182
289.350701 36.059840
288.465632 37.457489
287.585435 38.827130
286.710111 40.168763
285.839658 41.482388
284.974078 42.768004
284.113370 44.025613
283.257534 45.255213
282.406570 46.456805
281.560479 47.630388
280.719259 48.775964
279.882912 49.893531
279.051437 50.983090
278.224834 52.044641
277.403103 53.078183
276.586244 54.083718
275.774258 55.061244
274.967143 56.010762
274.164901 56.932272
273.367531 57.825773
272.575033 58.691267
271.787407 59.528752
271.004653 60.338229
270.226771 61.119697
269.453762 61.873158
268.685625 62.598610
267.922360 63.296054
267.163967 63.965490
266.410446 64.606918
265.661797 65.220337
264.918020 65.805749
264.179116 66.363152
263.445084 66.892547
262.715923 67.393933
261.991636 67.867312
261.272220 68.312682
260.557676 68.730044
259.848004 69.119398
259.143205 69.480743
258.443278 69.814081
257.748223 70.119410
257.058040 70.396731
256.372729 70.646044
255.692290 70.867348
255.016723 71.060645
254.346029 71.225933
253.680207 71.363213
253.019257 71.472484
252.363179 71.553748
251.711973 71.607003
251.065639 71.632250
250.424178 71.629489
249.787588 71.598720
249.155871 71.539942
248.529026 71.453157
247.907053 71.338363
247.289952 71.195561
246.677723 71.024750
246.070367 70.825932
245.467883 70.599105
244.870270 70.344270
244.277530 70.061427
243.689662 69.750575
243.106666 69.411716
242.528543 69.044848
241.955291 68.649972
241.386912 68.227088
240.823405 67.776195
240.264770 67.297295
239.711007 66.790386
239.162116 66.255469
238.618097 65.692544
238.078951 65.101610
237.544676 64.482669
237.015274 63.835719
236.490744 63.160761
235.971086 62.457794
235.456300 61.726820
234.946387 60.967837
234.441345 60.180846
233.941176 59.365847
233.445879 58.522840
232.955454 57.651824
232.469901 56.752800
231.989220 55.825768
231.513411 54.870728
231.042475 53.887680
230.576410 52.876623
230.115218 51.837558
229.658898 50.770485
229.207450 49.675404
228.760875 48.552315
228.319171 47.401217
227.882339 46.222111
227.450380 45.014997
227.023293 43.779875
226.601078 42.516745
226.183735 41.225606
225.771264 39.906459
225.363666 38.559304
224.960939 37.184141
224.563085 35.780969
224.170103 34.349789
223.781993 32.890602
223.398755 31.403405
223.020389 29.888201
222.646896 28.344989
222.278274 26.773768
221.914525 25.174539
221.555648 23.547302
221.201643 21.892056
220.852510 20.208803
220.508249 18.497541
220.168860 16.758271
219.834053 14.992341
219.497433 13.229425
219.156385 11.481659
218.810907 9.749045
218.461001 8.031581
218.106666 6.329269
217.747902 4.642109
217.384709 2.970099
217.017088 1.313241
216.645038 -0.328466
216.268559 -1.955022
215.887652 -3.566427
215.502315 -5.162681
215.112550 -6.743783
214.718356 -8.309734
214.319733 -9.860534
213.916682 -11.396182
213.509202 -12.916680
213.097293 -14.422026
212.680955 -15.912221
212.260188 -17.387265
211.834993 -18.847157
211.405369 -20.291899
210.971316 -21.721489
210.532834 -23.135928
210.089924 -24.535215
209.642585 -25.919352
209.190817 -27.288337
208.734620 -28.642171
208.273995 -29.980854
207.808941 -31.304386
207.339458 -32.612766
206.865546 -33.905995
206.387206 -35.184073
205.904436 -36.447000
205.417238 -37.694776
204.925611 -38.927400
204.429556 -40.144873
203.929071 -41.347195
203.424158 -42.534366
202.914817 -43.706385
202.401046 -44.863253
201.882846 -46.004970
201.360218 -47.131536
200.833161 -48.242951
200.301676 -49.339214
199.765761 -50.420326
199.225418 -51.486287
198.680646 -52.537097
198.131445 -53.572756
197.577816 -54.593263
197.019757 -55.598619
196.457270 -56.588824
195.890354 -57.563878
195.319010 -58.523780
194.743236 -59.468532
194.163034 -60.398132
193.578403 -61.312580
192.989344 -62.211878
192.395855 -63.096024
191.797938 -63.965020
191.195592 -64.818864
190.588817 -65.657556
189.977614 -66.481098
189.361982 -67.289488
188.741921 -68.082727
188.117431 -68.860815
187.488512 -69.623752
186.855165 -70.371537
186.217389 -71.104172
185.575184 -71.821655
184.928550 -72.523987
184.277488 -73.211167
183.621997 -73.883197
182.962077 -74.540075
182.297728 -75.181802
181.628951 -75.808377
180.955744 -76.419802
180.278109 -77.016075
179.596046 -77.597197
178.909553 -78.163168
178.218632 -78.713988
177.523282 -79.249657
176.823503 -79.770174
176.119295 -80.275540
175.410659 -80.765755
174.697594 -81.240818
173.980100 -81.700731
173.258177 -82.145492
172.531826 -82.575102
171.801046 -82.989561
171.065837 -83.388868
170.326199 -83.773024
169.582132 -84.142030
168.833637 -84.495883
168.080713 -84.834586
167.323360 -85.158138
166.561579 -85.466538
165.795368 -85.759787
165.024729 -86.037885
164.249661 -86.300831
163.470165 -86.548627
162.686239 -86.781271
161.897885 -86.998764
161.105102 -87.201106
160.307891 -87.388296
159.506250 -87.560335
158.700181 -87.717224
157.889683 -87.858960
157.074756 -87.985546
156.255401 -88.096981
155.431616 -88.193264
154.603403 -88.274396
153.770761 -88.340377
152.933691 -88.391206
152.092191 -88.426885
151.246263 -88.447412
150.395906 -88.452788
149.541121 -88.443013
148.681906 -88.418086
147.818263 -88.378008
146.950191 -88.322780
146.077690 -88.252399
145.200761 -88.166868
144.319403 -88.066186
143.434950 -87.951866
142.555413 -87.832999
141.682125 -87.711097
140.815087 -87.586161
139.954298 -87.458191
139.099759 -87.327187
138.251469 -87.193149
137.409430 -87.056077
136.573639 -86.915970
135.744098 -86.772830
134.920807 -86.626656
134.103766 -86.477447
133.292974 -86.325205
132.488431 -86.169928
131.690139 -86.011618
130.898095 -85.850273
130.112302 -85.685894
129.332758 -85.518482
128.559463 -85.348035
127.792418 -85.174554
127.031623 -84.998039
126.277077 -84.818490
125.528781 -84.635907
124.786735 -84.450290
124.050938 -84.261638
123.321391 -84.069953
122.598093 -83.875234
121.881045 -83.677481
121.170246 -83.476693
120.465697 -83.272872
119.767398 -83.066016
119.075348 -82.856127
118.389548 -82.643203
117.709997 -82.427245
117.036696 -82.208253
116.369644 -81.986228
115.708843 -81.761168
115.054290 -81.533074
114.405988 -81.301946
113.763935 -81.067784
113.128131 -80.830587
112.498577 -80.590357
111.875273 -80.347093
111.258218 -80.100795
110.647413 -79.851462
110.042857 -79.599096
109.444551 -79.343695
108.852495 -79.085261
108.266688 -78.823792
107.687131 -78.559289
107.113823 -78.291753
106.546765 -78.021182
105.985957 -77.747577
105.431398 -77.470938
104.883088 -77.191265
104.341029 -76.908558
103.805219 -76.622817
103.275658 -76.334042
102.752347 -76.042233
102.235286 -75.747389
101.724474 -75.449512
101.219912 -75.148601
100.721599 -74.844655
100.229536 -74.537676
99.743723 -74.227662
99.264159 -73.914615
98.790845 -73.598533
98.323780 -73.279417
97.862965 -72.957267
97.408400 -72.632083
96.960084 -72.303866
96.518017 -71.972614
96.082201 -71.638328
95.652634 -71.301007
95.229316 -70.960653
94.812248 -70.617265
94.401430 -70.270843
93.996861 -69.921386
93.598542 -69.568896
93.206472 -69.213372
92.820652 -68.854813
92.441082 -68.493220
92.067761 -68.128594
91.700690 -67.760933
91.339868 -67.390238
90.985296 -67.016509
90.636974 -66.639747
90.294901 -66.259950
89.959077 -65.877119
89.629504 -65.491254
89.306180 -65.102354
88.989105 -64.710421
88.678280 -64.315454
88.373705 -63.917453
88.075379 -63.516417
87.783303 -63.112348
87.497476 -62.705244
87.217899 -62.295107
86.944572 -61.881935
86.677494 -61.465730
86.416666 -61.046490
86.162087 -60.624216
85.913758 -60.198908
85.671678 -59.770566
85.435849 -59.339191
85.206268 -58.904781
84.982937 -58.467336
84.765856 -58.026858
84.555025 -57.583346
84.350443 -57.136800
84.152110 -56.687220
83.960028 -56.234605
83.774194 -55.778957
83.594611 -55.320274
83.421277 -54.858558
83.254192 -54.393807
83.093358 -53.926022
82.938772 -53.455204
82.790437 -52.981351
82.648351 -52.504464
82.512514 -52.024543
82.382927 -51.541588
82.259590 -51.055599
82.142502 -50.566576
82.031664 -50.074519
81.923767 -49.580154
81.810723 -49.085259
81.692164 -48.589913
81.568090 -48.094116
81.438502 -47.597869
81.303399 -47.101172
81.162781 -46.604024
81.016649 -46.106426
80.865002 -45.608378
80.707841 -45.109879
80.545165 -44.610930
80.376974 -44.111530
80.203268 -43.611680
80.024048 -43.111379
79.839314 -42.610629
79.649064 -42.109427
79.453300 -41.607776
79.252021 -41.105674
79.045228 -40.603121
78.832920 -40.100118
78.615097 -39.596665
78.391760 -39.092762
78.162908 -38.588407
77.928541 -38.083603
77.688660 -37.578348
77.443264 -37.072643
77.192354 -36.566487
76.935928 -36.059881
76.673988 -35.552825
76.406534 -35.045318
76.133565 -34.537361
75.855081 -34.028953
75.571082 -33.520095
75.281569 -33.010787
74.986541 -32.501028
74.685999 -31.990819
74.379942 -31.480159
74.068370 -30.969049
73.751283 -30.457489
73.428682 -29.945478
73.100567 -29.433017
72.766936 -28.920106
72.427791 -28.406744
72.083131 -27.892931
71.732957 -27.378668
71.377268 -26.863955
71.016064 -26.348792
70.649346 -25.833178
70.277113 -25.317113
69.899365 -24.800599
69.516103 -24.283633
69.127326 -23.766218
68.733035 -23.248352
68.333228 -22.730036
67.927908 -22.211269
67.517072 -21.692052
67.100722 -21.172384
66.678857 -20.652266
66.251477 -20.131698
65.818583 -19.610679
65.380175 -19.089210
64.936251 -18.567291
64.486813 -18.044921
64.031860 -17.522100
63.571393 -16.998830
63.105411 -16.475109
62.633914 -15.950937
62.156903 -15.426315
61.674377 -14.901243
61.186336 -14.375720
60.692780 -13.849747
60.193711 -13.323324
59.689126 -12.796450
59.179027 -12.269126
58.663413 -11.741351
58.142284 -11.213126
57.615641 -10.684450
57.083483 -10.155324
56.545810 -9.625748
56.002623 -9.095722
55.453921 -8.565244
54.899705 -8.034317
54.339973 -7.502939
53.774728 -6.971111
53.203967 -6.438832
52.627692 -5.906103
52.045902 -5.372924
51.458598 -4.839294
50.865779 -4.305214
50.267445 -3.770683
49.663596 -3.235702
49.054233 -2.700271
48.439356 -2.164389
47.818963 -1.628057
47.193056 -1.091274
46.561635 -0.554041
45.924698 -0.016358
45.282247 0.521776
44.634282 1.060360
43.980801 1.599395
43.321806 2.138880
42.657297 2.678815
41.987273 3.219201
41.311734 3.760037
40.630680 4.301324
39.944112 4.843061
39.252029 5.385248
38.554432 5.927886
37.851319 6.470974
37.142693 7.014513
36.428551 7.558502
35.708895 8.102941
34.983724 8.647831
34.253039 9.193171
33.516839 9.738962
32.775124 10.285203
32.027895 10.831894
31.275151 11.379036
30.516892 11.926628
29.753118 12.474670
28.983830 13.023163
28.209028 13.572107
27.428710 14.121501
26.642879 14.671345
25.851532 15.221639
