269.316066 132.169801
269.618569 129.760977
269.907749 127.364338
270.183606 124.979885
270.446141 122.607616
270.695353 120.247533
270.931242 117.899635
271.153808 115.563922
271.363052 113.240394
271.558973 110.929051
271.741571 108.629894
271.910846 106.342922
272.066799 104.068134
272.209429 101.805532
272.338736 99.555116
272.454721 97.316884
272.557383 95.090838
272.646722 92.876976
272.722738 90.675300
272.785432 88.485809
272.834803 86.308504
272.870851 84.143383
272.893576 81.990448
272.902979 79.849697
272.899059 77.721132
272.881816 75.604752
272.851251 73.500558
272.807363 71.408548
272.750152 69.328724
272.679618 67.261085
272.595762 65.205631
272.498583 63.162362
272.388081 61.131278
272.264256 59.112380
272.127109 57.105666
271.976639 55.111138
271.812846 53.128795
271.635731 51.158637
271.445293 49.200665
271.241532 47.254877
271.024448 45.321275
270.794042 43.399858
270.550313 41.490626
270.293261 39.593579
270.022886 37.708717
269.739189 35.836041
269.442169 33.975549
269.131826 32.127243
268.808161 30.291122
268.471173 28.467187
268.120862 26.655436
267.757228 24.855871
267.380272 23.068490
266.989993 21.293295
266.586391 19.530285
266.169466 17.779461
265.739219 16.040821
265.295649 14.314367
264.838756 12.600098
264.368541 10.898014
263.885003 9.208115
263.388142 7.530401
262.877958 5.864872
262.354452 4.211529
261.817623 2.570371
261.267471 0.941398
260.703996 -0.675390
260.127199 -2.279993
259.537079 -3.872410
258.933636 -5.452642
258.316871 -7.020690
257.686783 -8.576552
257.043372 -10.120228
256.386638 -11.651720
255.716582 -13.171026
255.033203 -14.678148
254.336501 -16.173084
253.626476 -17.655835
252.903129 -19.126401
252.166459 -20.584781
251.416466 -22.030977
250.653151 -23.464987
249.876513 -24.886812
249.086552 -26.296452
248.283268 -27.693907
247.466662 -29.079176
246.636733 -30.452261
245.793481 -31.813160
244.936906 -33.161874
244.067009 -34.498403
243.183789 -35.822746
242.287246 -37.134905
241.377381 -38.434878
240.454193 -39.722667
239.517682 -40.998270
238.567848 -42.261687
237.604692 -43.512920
236.628213 -44.751968
235.638411 -45.978830
234.635286 -47.193507
233.618839 -48.395999
232.589069 -49.586306
231.545976 -50.764428
230.489561 -51.930364
229.419823 -53.084115
228.336762 -54.225682
227.240378 -55.355062
226.130672 -56.472258
225.007643 -57.577269
223.871291 -58.670094
222.721617 -59.750735
221.558619 -60.819190
220.382299 -61.875460
219.192657 -62.919544
217.989691 -63.951444
216.773403 -64.971158
215.543792 -65.978688
214.300858 -66.974032
213.044602 -67.957191
211.775023 -68.928164
210.492121 -69.886953
209.195897 -70.833556
207.886349 -71.767974
206.563479 -72.690207
205.227287 -73.600255
203.878494 -74.497941
202.532998 -75.379370
201.197303 -76.242949
199.871409 -77.088678
198.555315 -77.916557
197.249023 -78.726586
195.952530 -79.518766
194.665839 -80.293095
193.388948 -81.049574
192.121858 -81.788204
190.864568 -82.508984
189.617079 -83.211913
188.379391 -83.896993
187.151503 -84.564223
185.933416 -85.213602
184.725130 -85.845132
183.526645 -86.458812
182.337960 -87.054642
181.159076 -87.632622
179.989992 -88.192753
178.830709 -88.735033
177.681227 -89.259463
176.541546 -89.766043
175.411665 -90.254774
174.291585 -90.725654
173.181305 -91.178685
172.080826 -91.613866
170.990148 -92.031196
169.909271 -92.430677
168.838194 -92.812308
167.776918 -93.176089
166.725442 -93.522020
165.683768 -93.850101
164.651894 -94.160332
163.629820 -94.452713
162.617547 -94.727244
161.615075 -94.983926
160.622404 -95.222757
159.639533 -95.443738
158.666463 -95.646870
157.703194 -95.832151
156.749725 -95.999583
155.806057 -96.149165
154.872189 -96.280896
153.948123 -96.394778
153.033857 -96.490810
152.129391 -96.568992
151.234727 -96.629324
150.349863 -96.671806
149.474799 -96.696439
148.609537 -96.703221
147.754075 -96.692153
146.908413 -96.663235
146.072553 -96.616468
145.246493 -96.551850
144.430233 -96.469383
143.623775 -96.369066
142.827117 -96.250898
142.040259 -96.114881
141.263203 -95.961014
140.495947 -95.789297
139.738492 -95.599730
138.990837 -95.392313
138.252983 -95.167046
137.524930 -94.923929
136.806677 -94.662962
136.098225 -94.384146
135.399574 -94.087479
134.710724 -93.772963
134.031674 -93.440596
133.362424 -93.090380
132.702976 -92.722313
132.053328 -92.336397
131.413481 -91.932631
130.783434 -91.511015
130.163188 -91.071549
129.552743 -90.614233
128.952099 -90.139067
128.361255 -89.646051
127.780212 -89.135185
127.208969 -88.606469
126.647527 -88.059903
126.095886 -87.495488
125.554046 -86.913222
125.022006 -86.313107
124.499767 -85.695141
123.987328 -85.059326
123.484690 -84.405661
122.991853 -83.734146
122.508817 -83.044780
122.035581 -82.337565
121.572146 -81.612500
121.118511 -80.869585
120.674678 -80.108821
120.240645 -79.330206
119.816412 -78.533741
119.401980 -77.719426
118.997349 -76.887262
118.602519 -76.037247
118.217489 -75.169383
117.842260 -74.283668
117.476832 -73.380104
117.121204 -72.458690
116.775377 -71.519425
116.439351 -70.562311
116.113125 -69.587347
115.796700 -68.594533
115.490076 -67.583869
115.193252 -66.555355
114.906229 -65.508992
114.629007 -64.444778
114.361585 -63.362714
114.103964 -62.262801
113.856144 -61.145037
113.618124 -60.009424
113.389905 -58.855960
113.171487 -57.684647
112.962869 -56.495484
112.764052 -55.288470
112.575036 -54.063607
112.395820 -52.820894
112.226405 -51.560331
112.066791 -50.281918
111.916977 -48.985656
111.776964 -47.671543
111.645125 -46.343329
111.511695 -45.023504
111.375047 -43.715819
111.235182 -42.420271
111.092098 -41.136863
110.945797 -39.865593
110.796278 -38.606461
110.643542 -37.359468
110.487587 -36.124614
110.328415 -34.901897
110.166026 -33.691320
110.000418 -32.492881
109.831593 -31.306581
109.659549 -30.132419
109.484288 -28.970395
109.305810 -27.820510
109.124113 -26.682764
108.939199 -25.557156
108.751067 -24.443687
108.559718 -23.342356
108.365150 -22.253164
108.167365 -21.176110
107.966362 -20.111195
107.762141 -19.058418
107.554703 -18.017780
107.344046 -16.989280
107.130172 -15.972919
106.913080 -14.968696
106.692771 -13.976612
106.469244 -12.996667
106.242498 -12.028860
106.012536 -11.073191
105.779355 -10.129661
105.542957 -9.198270
105.303341 -8.279017
105.060507 -7.371902
104.814455 -6.476926
104.565186 -5.594089
104.312698 -4.723390
104.056994 -3.864830
103.798071 -3.018408
103.535930 -2.184124
103.270572 -1.361980
103.001996 -0.551973
102.730202 0.245894
102.455191 1.031624
102.176962 1.805214
101.895515 2.566667
101.610850 3.315980
101.322967 4.053155
101.031867 4.778192
100.737549 5.491090
100.440013 6.191850
100.139260 6.880471
99.835288 7.556953
99.528099 8.221297
99.217692 8.873503
98.904068 9.513570
98.587225 10.141498
98.267165 10.757288
97.943887 11.360939
97.617392 11.952452
97.287678 12.531827
96.954747 13.099062
96.618598 13.654160
96.279231 14.197119
95.936647 14.727939
95.590845 15.246621
95.241825 15.753164
94.889587 16.247568
94.534131 16.729835
94.175458 17.199962
93.813567 17.657951
93.448458 18.103802
93.080132 18.537514
92.708587 18.959088
92.333825 19.368523
91.955845 19.765819
91.574648 20.150977
91.190232 20.523997
90.802599 20.884878
90.411748 21.233620
90.017680 21.570224
89.620393 21.894689
89.219889 22.207016
88.816167 22.507205
88.409227 22.795254
87.999070 23.071166
87.585695 23.334938
87.169102 23.586573
86.749291 23.826068
86.326263 24.053426
85.900016 24.268644
85.470552 24.471724
85.037870 24.662666
84.601971 24.841469
84.162854 25.008134
83.720519 25.162660
83.274966 25.305047
82.826195 25.435296
82.374207 25.553407
81.919001 25.659379
81.460577 25.753212
80.998935 25.834907
80.534076 25.904464
80.065999 25.961882
79.594704 26.007161
79.120191 26.040302
78.642461 26.061304
78.161512 26.070168
77.677346 26.066893
77.189963 26.051480
76.699361 26.023928
76.205542 25.984238
75.708505 25.932409
75.208250 25.868442
74.704778 25.792336
74.198087 25.704092
73.688179 25.603709
73.175054 25.491187
72.658710 25.366527
72.139149 25.229729
71.616370 25.080792
71.090373 24.919716
70.561158 24.746502
70.030246 24.565263
69.501351 24.386053
68.974642 24.209330
68.450120 24.035094
67.927784 23.863343
67.407634 23.694080
66.889671 23.527303
66.373894 23.363012
65.860304 23.201208
65.348900 23.041891
64.839682 22.885060
64.332650 22.730715
63.827805 22.578857
63.325147 22.429486
62.824674 22.282601
62.326389 22.138203
61.830289 21.996291
61.336376 21.856866
60.844649 21.719927
60.355108 21.585475
59.867754 21.453510
59.382586 21.324031
58.899605 21.197038
58.418810 21.072532
57.940201 20.950513
57.463779 20.830980
56.989543 20.713933
56.517493 20.599373
56.047630 20.487300
55.579953 20.377713
55.114462 20.270613
54.651158 20.165999
54.190040 20.063872
53.731109 19.964231
53.274364 19.867077
52.819805 19.772410
52.367432 19.680228
51.917246 19.590534
51.469247 19.503326
51.023433 19.418604
50.579806 19.336370
50.138366 19.256621
49.699111 19.179359
49.262043 19.104584
48.827162 19.032295
48.394467 18.962493
47.963958 18.895177
47.535635 18.830348
47.109499 18.768005
46.685550 18.708149
46.263786 18.650780
45.844209 18.595897
45.426818 18.543500
45.011614 18.493590
44.598596 18.446167
44.187765 18.401230
43.779119 18.358779
43.372661 18.318815
42.968388 18.281338
42.566302 18.246347
42.166402 18.213843
41.768689 18.183825
41.373162 18.156294
40.979821 18.131250
40.588666 18.108691
40.199698 18.088620
39.812917 18.071035
39.428321 18.055936
39.045913 18.043324
38.665690 18.033199
38.287654 18.025560
37.911804 18.020408
37.538140 18.017742
37.166663 18.017562
36.797373 18.019870
36.430268 18.024663
36.065350 18.031944
35.702618 18.041710
35.342073 18.053964
34.983714 18.068704
34.627541 18.085930
34.273555 18.105643
33.921755 18.127843
33.572142 18.152529
33.224715 18.179701
32.879474 18.209360
32.536419 18.241506
32.195551 18.276138
31.856869 18.313257
31.520374 18.352862
31.186065 18.394954
30.853942 18.439532
30.524006 18.486597
30.196256 18.536148
29.870692 18.588186
29.547315 18.642711
29.226124 18.699721
28.907120 18.759219
28.590302 18.821203
28.275670 18.885674
27.963224 18.952631
27.652965 19.022074
27.344893 19.094004
27.039006 19.168421
26.735306 19.245324
26.433793 19.324714
26.134465 19.406591
25.837324 19.490953
25.542370 19.577803
25.249602 19.667139
24.959020 19.758961
24.670624 19.853270
24.384415 19.950066
24.100392 20.049348
23.818556 20.151116
23.538906 20.255371
23.261442 20.362113
22.986165 20.471341
22.713074 20.583056
22.442169 20.697257
22.173451 20.813945
21.906919 20.933119
21.642574 21.054780
21.380415 21.178927
21.120442 21.305561
