221.501292 -202.329379
220.233644 -195.635136
218.973575 -188.999414
217.721085 -182.422215
216.476174 -175.903537
215.238842 -169.443382
214.009089 -163.041748
212.786915 -156.698636
211.572319 -150.414045
210.365303 -144.187977
209.165866 -138.020430
207.974008 -131.911405
206.789729 -125.860902
205.613029 -119.868921
204.443907 -113.935462
203.282365 -108.060524
202.128402 -102.244109
200.982018 -96.486215
199.843213 -90.786843
198.711987 -85.145992
197.588339 -79.563664
196.472271 -74.039857
195.363782 -68.574573
194.262872 -63.167810
193.169541 -57.819569
192.083788 -52.529849
191.005615 -47.298652
189.935021 -42.125976
188.872006 -37.011822
187.816570 -31.956190
186.768712 -26.959080
185.728434 -22.020492
184.695735 -17.140425
183.670615 -12.318880
182.653073 -7.555857
181.643111 -2.851356
180.640728 1.794623
179.645924 6.382080
178.658698 10.911016
177.679052 15.381430
176.706985 19.793322
175.742496 24.146692
174.785587 28.441540
173.836257 32.677867
172.894506 36.855671
171.960333 40.974954
171.033740 45.035715
170.114726 49.037955
169.203290 52.981672
168.299434 56.866868
167.403157 60.693541
166.514459 64.461693
165.633339 68.171323
164.759799 71.822432
163.893838 75.415018
163.035455 78.949083
162.184652 82.424626
161.341428 85.841647
160.505782 89.200146
159.677716 92.500123
158.857229 95.741579
158.044320 98.924512
157.238991 102.048924
156.441240 105.114814
155.651069 108.122183
154.868477 111.071029
154.093463 113.961354
153.326029 116.793156
152.566174 119.566437
151.813897 122.281197
151.069200 124.937434
150.332081 127.535149
149.602542 130.074343
148.880582 132.555015
148.166200 134.977165
147.459398 137.340793
146.760174 139.645899
146.068530 141.892484
145.384465 144.080547
144.707978 146.210088
144.039071 148.281107
143.377742 150.293604
142.723993 152.247580
142.077822 154.143033
141.439231 155.979965
140.808218 157.758375
140.184785 159.478263
139.568931 161.139629
138.960655 162.742474
138.359959 164.286797
137.766841 165.772597
137.181303 167.199877
136.603343 168.568634
136.032963 169.878869
135.470161 171.130583
134.914939 172.323775
134.367295 173.458444
133.827231 174.534593
133.294745 175.552219
132.769839 176.511323
132.252511 177.411906
131.742763 178.253967
131.240593 179.037506
130.746003 179.762523
130.258991 180.429018
129.779559 181.036992
129.307705 181.586444
128.843431 182.077374
128.386735 182.509782
127.937618 182.883668
127.496081 183.199032
127.062122 183.455875
126.635743 183.654196
126.216942 183.793995
125.805721 183.875272
125.402078 183.898027
125.006015 183.862261
124.617530 183.767972
124.236624 183.615162
123.863298 183.403830
123.497550 183.133976
123.139382 182.805601
122.788792 182.418703
122.445781 181.973284
122.110350 181.469343
121.782373 180.908483
121.459120 180.325970
121.139474 179.736230
120.823434 179.139265
120.511000 178.535073
120.202173 177.923654
119.896952 177.305009
119.595338 176.679138
119.297331 176.046041
119.002930 175.405717
118.712135 174.758167
118.424947 174.103390
118.141366 173.441387
117.861390 172.772158
117.585022 172.095703
117.312260 171.412021
117.043104 170.721113
116.777555 170.022978
116.515612 169.317617
116.257276 168.605030
116.002547 167.885217
115.751423 167.158177
115.503907 166.423910
115.259997 165.682418
115.019693 164.933699
114.782996 164.177754
114.549905 163.414582
114.320421 162.644184
114.094543 161.866560
113.872272 161.081710
113.653607 160.289633
113.438549 159.490329
113.227097 158.683800
113.019252 157.870044
112.815013 157.049062
112.614381 156.220853
112.417355 155.385418
112.223936 154.542757
112.034123 153.692869
111.847917 152.835755
111.665317 151.971415
111.486323 151.099848
111.310937 150.221055
111.139156 149.335036
110.970982 148.441790
110.806415 147.541318
110.645454 146.633620
110.488100 145.718696
110.334352 144.796545
110.184211 143.867167
110.037676 142.930564
109.894747 141.986734
109.755425 141.035677
109.619710 140.077394
109.487601 139.111885
109.359098 138.139150
109.234203 137.159188
109.112913 136.172000
108.995230 135.177586
108.881154 134.175945
108.770684 133.167078
108.663820 132.150985
108.560563 131.127665
108.460913 130.097119
108.364869 129.059347
108.272431 128.014348
108.183600 126.962123
108.098375 125.902672
108.016757 124.835994
107.938746 123.762090
107.864341 122.680959
107.793542 121.592602
107.726350 120.497019
107.662765 119.394210
107.602785 118.284174
107.546413 117.166912
107.493647 116.042424
107.444487 114.910709
107.398934 113.771768
107.356987 112.625600
107.318647 111.472206
107.283913 110.311586
107.252786 109.143740
107.225266 107.968667
107.201351 106.786368
107.181044 105.596842
107.164342 104.400091
107.151248 103.196112
107.141760 101.984908
107.135878 100.766477
107.133603 99.540820
107.134934 98.307936
107.139872 97.067826
107.148416 95.820490
107.160567 94.565928
107.176324 93.304139
107.195687 92.035124
107.218658 90.758882
107.245234 89.475414
107.275418 88.184720
107.309207 86.886799
107.346603 85.581653
107.387606 84.269279
107.432215 82.949680
107.480431 81.622854
107.532253 80.288802
107.587682 78.947523
107.646717 77.599018
107.709358 76.243287
107.775606 74.880329
107.845461 73.510145
107.918922 72.132735
107.995990 70.748098
108.076664 69.356235
108.160944 67.957146
108.248831 66.550831
108.340325 65.137289
108.435425 63.716520
108.534131 62.288526
108.636445 60.853305
108.742364 59.410857
108.851890 57.961184
108.965023 56.504284
109.081761 55.040157
109.202107 53.568805
109.325016 52.093242
109.444229 50.631564
109.558702 49.186788
109.668437 47.758913
109.773433 46.347940
109.873689 44.953869
109.969207 43.576698
110.059985 42.216430
110.146024 40.873062
110.227324 39.546597
110.303885 38.237032
110.375707 36.944369
110.442790 35.668608
110.505133 34.409748
110.562738 33.167789
110.615604 31.942732
110.663730 30.734577
110.707117 29.543323
110.745766 28.368970
110.779675 27.211519
110.808845 26.070969
110.833276 24.947321
110.852967 23.840574
110.867920 22.750729
110.878134 21.677785
110.883608 20.621742
110.884344 19.582602
110.880340 18.560362
110.871597 17.555024
110.858116 16.566587
110.839895 15.595052
110.816935 14.640419
110.789235 13.702687
110.756797 12.781856
110.719620 11.877927
110.677703 10.990899
110.631048 10.120773
110.579653 9.267548
110.523520 8.431224
110.462647 7.611803
110.397035 6.809282
110.326684 6.023663
110.251594 5.254946
110.171764 4.503130
110.087196 3.768215
109.997889 3.050202
109.903842 2.349090
109.805057 1.664880
109.701532 0.997571
109.593268 0.347164
109.480265 -0.286342
109.362523 -0.902946
109.240042 -1.502649
109.112822 -2.085450
108.980863 -2.651350
108.844164 -3.200349
108.702727 -3.732446
108.556550 -4.247641
108.405635 -4.745935
108.249980 -5.227328
108.089586 -5.691819
107.924453 -6.139409
107.754581 -6.570097
107.579970 -6.983884
107.400620 -7.380769
107.216530 -7.760753
107.027702 -8.123835
106.834134 -8.470016
106.635828 -8.799296
106.432782 -9.111674
106.224997 -9.407150
106.012473 -9.685725
105.795210 -9.947399
105.573208 -10.192171
105.346467 -10.420042
105.114986 -10.631011
104.878767 -10.825079
104.637809 -11.002245
104.392111 -11.162510
104.141674 -11.305873
103.886498 -11.432335
103.626583 -11.541895
103.361930 -11.634554
103.092536 -11.710312
102.818404 -11.769168
102.539533 -11.811122
102.255923 -11.836175
101.967573 -11.844327
101.674484 -11.835577
101.376657 -11.809926
101.074090 -11.767373
100.766784 -11.707919
100.454739 -11.631563
100.137955 -11.538306
99.816432 -11.428147
99.490170 -11.301087
99.159168 -11.157126
98.823428 -10.996263
98.482948 -10.818498
98.137730 -10.623832
97.787772 -10.412265
97.433075 -10.183796
97.073639 -9.938426
96.709464 -9.676154
96.340550 -9.396981
95.966897 -9.100906
95.588504 -8.787930
95.205373 -8.458052
94.817502 -8.111273
94.424893 -7.747592
94.027544 -7.367010
93.625456 -6.969527
93.218629 -6.555142
92.807063 -6.123855
92.390758 -5.675667
91.969714 -5.210578
91.543931 -4.728587
91.113408 -4.229695
90.678147 -3.713901
90.238146 -3.181206
89.793407 -2.631609
89.343928 -2.065111
88.889710 -1.481711
88.430753 -0.881410
87.967057 -0.264208
87.499960 0.362453
87.032736 0.980380
86.565533 1.588744
86.098350 2.187547
85.631188 2.776787
85.164047 3.356466
84.696927 3.926583
84.229828 4.487137
83.762750 5.038130
83.295692 5.579562
82.828655 6.111431
82.361639 6.633738
81.894644 7.146483
81.427670 7.649667
80.960717 8.143289
80.493785 8.627348
80.026873 9.101846
79.559982 9.566782
79.093112 10.022156
78.626263 10.467968
78.159435 10.904218
77.692628 11.330907
77.225841 11.748033
76.759076 12.155598
76.292331 12.553600
75.825607 12.942041
75.358904 13.320920
74.892222 13.690237
74.425560 14.049992
73.958920 14.400185
73.492300 14.740816
73.025701 15.071885
72.559123 15.393393
72.092566 15.705338
71.626030 16.007722
71.159514 16.300544
70.693020 16.583804
70.226546 16.857502
69.760093 17.121638
69.293661 17.376212
68.827250 17.621224
68.360860 17.856675
67.894490 18.082563
67.428142 18.298890
66.961814 18.505654
66.495507 18.702857
66.029221 18.890498
65.562955 19.068577
65.096711 19.237094
64.630488 19.396049
64.164285 19.545442
63.698103 19.685274
63.231942 19.815543
62.765802 19.936251
62.299683 20.047397
61.833584 20.148980
61.367507 20.241002
60.901450 20.323462
60.435414 20.396360
59.969399 20.459697
59.503405 20.513471
59.037431 20.557683
58.571479 20.592334
58.105547 20.617422
57.639637 20.632949
57.173747 20.638914
56.707878 20.635317
56.242029 20.622158
55.776202 20.599437
55.310395 20.567154
54.844610 20.525310
54.378845 20.473903
53.913101 20.412935
53.447378 20.342404
52.981676 20.262312
52.515994 20.172658
52.050334 20.073442
51.584694 19.964664
51.119075 19.846324
50.653477 19.718422
50.187900 19.580959
49.722343 19.433933
49.256808 19.277346
48.791293 19.111196
48.325799 18.935485
47.860327 18.750212
47.394874 18.555377
46.929443 18.350980
46.464033 18.137021
45.998643 17.913500
45.533275 17.680418
45.067927 17.437773
44.602600 17.185567
44.137294 16.923799
43.672008 16.652468
43.206744 16.371576
42.741500 16.081122
42.276278 15.781106
41.811076 15.471529
41.345895 15.152389
40.880735 14.823687
40.415595 14.485424
39.950477 14.137598
39.485379 13.780211
39.020302 13.413262
38.555246 13.036751
38.090211 12.650678
37.625197 12.255043
37.160204 11.849846
36.695231 11.435087
36.230280 11.010767
35.765349 10.576884
35.300439 10.133440
34.835550 9.680434
34.370681 9.217866
33.905834 8.745736
33.441007 8.264044
32.976202 7.772790
32.511417 7.271974
32.046653 6.761596
31.581910 6.241657
31.117187 5.712155
30.652486 5.173092
30.187805 4.624467
29.723145 4.066280
