257.607502 -153.747764
257.838080 -149.629648
258.061531 -145.550307
258.277856 -141.509738
258.487054 -137.507943
258.689126 -133.544921
258.884072 -129.620672
259.071892 -125.735197
259.252585 -121.888495
259.426151 -118.080567
259.592592 -114.311411
259.751906 -110.581029
259.904094 -106.889421
260.049155 -103.236585
260.187090 -99.622523
260.317898 -96.047234
260.441581 -92.510719
260.558137 -89.012977
260.667566 -85.554008
260.769869 -82.133812
260.865046 -78.752390
260.953097 -75.409741
261.034021 -72.105866
261.107819 -68.840763
261.174490 -65.614434
261.234035 -62.426879
261.286454 -59.278096
261.331746 -56.168087
261.369913 -53.096851
261.400952 -50.064389
261.424866 -47.070700
261.441653 -44.115784
261.451313 -41.199641
261.453847 -38.322272
261.449255 -35.483676
261.437537 -32.683854
261.418692 -29.922804
261.392721 -27.200528
261.359624 -24.517026
261.319400 -21.872296
261.272050 -19.266340
261.217573 -16.699158
261.155970 -14.170748
261.087241 -11.681112
261.011385 -9.230249
260.928403 -6.818160
260.838295 -4.444844
260.741060 -2.110301
260.636699 0.185469
260.525212 2.442465
260.406598 4.660688
260.280858 6.840138
260.147992 8.980814
260.007999 11.082717
259.860880 13.145847
259.706635 15.170203
259.545263 17.155786
259.376765 19.102596
259.201140 21.010633
259.018389 22.879896
258.828512 24.710386
258.631509 26.502102
258.427379 28.255045
258.216122 29.969215
257.997740 31.644612
257.772231 33.281235
257.539595 34.879085
257.299834 36.438162
257.052946 37.958465
256.798931 39.439995
256.537791 40.882752
256.269524 42.286736
255.994130 43.651946
255.711610 44.978383
255.421964 46.266046
255.125192 47.514936
254.821293 48.725053
254.510268 49.896397
254.192116 51.028967
253.866838 52.122764
253.534434 53.177788
253.194903 54.194038
252.848246 55.171515
252.494463 56.110219
252.133553 57.010150
251.765517 57.871307
251.390355 58.693691
251.008066 59.477301
250.618651 60.222138
250.222110 60.928202
249.818442 61.595493
249.407648 62.224010
248.989727 62.813754
248.564681 63.364725
248.132507 63.876922
247.693208 64.350346
247.246782 64.784997
246.793230 65.180874
246.332551 65.537978
245.864746 65.856309
245.389815 66.135867
244.907757 66.376651
244.418573 66.578662
243.922263 66.741899
243.418826 66.866363
242.908263 66.952054
242.390574 66.998972
241.865758 67.007116
241.333816 66.976487
240.794747 66.907085
240.248553 66.798909
239.695231 66.651960
239.134784 66.466238
238.567210 66.241743
237.992510 65.978474
237.410683 65.676432
236.821730 65.335616
236.225651 64.956028
235.622445 64.537665
235.012113 64.080530
234.394655 63.584621
233.770070 63.049939
233.138359 62.476484
232.499522 61.864255
231.853558 61.213253
231.200694 60.524861
230.545884 59.829507
229.891157 59.139638
229.236513 58.455255
228.581951 57.776357
227.927472 57.102945
227.273076 56.435018
226.618762 55.772577
225.964532 55.115622
225.310383 54.464152
224.656318 53.818168
224.002335 53.177669
223.348435 52.542656
222.694618 51.913128
222.040883 51.289086
221.387231 50.670529
220.733662 50.057458
220.080175 49.449873
219.426771 48.847773
218.773450 48.251159
218.120211 47.660030
217.467056 47.074387
216.813982 46.494229
216.160992 45.919557
215.508084 45.350370
214.855259 44.786670
214.202517 44.228454
213.549857 43.675724
212.897280 43.128480
212.244786 42.586721
211.592374 42.050448
210.940045 41.519661
210.287799 40.994359
209.635635 40.474542
208.983554 39.960211
208.331556 39.451366
207.679641 38.948006
207.027808 38.450132
206.376058 37.957743
205.724390 37.470840
205.072805 36.989423
204.421303 36.513491
203.769884 36.043044
203.118547 35.578083
202.467293 35.118608
201.816122 34.664618
201.165033 34.216114
200.514028 33.773096
199.863104 33.335562
199.212264 32.903515
198.561506 32.476953
197.910831 32.055877
197.260238 31.640286
196.609729 31.230181
195.959301 30.825561
195.308957 30.426427
194.658695 30.032778
194.008516 29.644615
193.358420 29.261938
192.708406 28.884746
192.058475 28.513040
191.408627 28.146819
190.758862 27.786084
190.109179 27.430834
189.459579 27.081070
188.810061 26.736791
188.160626 26.397998
187.511274 26.064691
186.862005 25.736869
186.212818 25.414533
185.563714 25.097682
184.914693 24.786317
184.265754 24.480437
183.616898 24.180043
182.968125 23.885135
182.319434 23.595712
181.670826 23.311774
181.022301 23.033323
180.373859 22.760356
179.725499 22.492876
179.077222 22.230881
178.429027 21.974371
177.780915 21.723347
177.132886 21.477809
176.484940 21.237756
175.837076 21.003188
175.189295 20.774107
174.541597 20.550511
173.893981 20.332400
173.246448 20.119775
172.598998 19.912635
171.951631 19.710981
171.304346 19.514813
170.657144 19.324130
170.010024 19.138933
169.362987 18.959221
168.716033 18.784995
168.069162 18.616254
167.422373 18.452999
166.775667 18.295230
166.129044 18.142946
165.482503 17.996148
164.836045 17.854835
164.189670 17.719008
163.543377 17.588666
162.897167 17.463810
162.251040 17.344439
161.604996 17.230554
160.959034 17.122155
160.313155 17.019241
159.667358 16.921813
159.021645 16.829870
158.376013 16.743413
157.730465 16.662441
157.084999 16.586955
156.439616 16.516955
155.794316 16.452440
155.149099 16.393410
154.503964 16.339866
153.858911 16.291808
153.213942 16.249236
152.569055 16.212148
151.924251 16.180547
151.279529 16.154431
150.634891 16.133800
149.990587 16.118021
149.348131 16.103289
148.707777 16.088968
148.069522 16.075060
147.433369 16.061565
146.799316 16.048481
146.167364 16.035810
145.537512 16.023551
144.909761 16.011705
144.284111 16.000270
143.660561 15.989248
143.039112 15.978639
142.419764 15.968441
141.802516 15.958656
141.187369 15.949283
140.574322 15.940323
139.963377 15.931774
139.354531 15.923639
138.747787 15.915915
138.143143 15.908603
137.540600 15.901704
136.940157 15.895218
136.341815 15.889143
135.745574 15.883481
135.151433 15.878231
134.559393 15.873393
133.969453 15.868968
133.381615 15.864955
132.795876 15.861354
132.212239 15.858166
131.630702 15.855390
131.051266 15.853026
130.473930 15.851074
129.898695 15.849535
129.325561 15.848408
128.754527 15.847693
128.185594 15.847391
127.618762 15.847500
127.054030 15.848023
126.491399 15.848957
125.930868 15.850304
125.372439 15.852063
124.816109 15.854234
124.261881 15.856818
123.709753 15.859814
123.159726 15.863222
122.611799 15.867042
122.065973 15.871275
121.522248 15.875920
120.980623 15.880977
120.441099 15.886447
119.903675 15.892329
119.368353 15.898623
118.835131 15.905330
118.304009 15.912448
117.774988 15.919980
117.248068 15.927923
116.723248 15.936279
116.200529 15.945047
115.679911 15.954227
115.161393 15.963819
114.644976 15.973824
114.130660 15.984241
113.618444 15.995071
113.108329 16.006312
112.600315 16.017966
112.094401 16.030033
111.590588 16.042511
111.088875 16.055402
110.589263 16.068705
110.091752 16.082421
109.596341 16.096548
109.103031 16.111088
108.611822 16.126041
108.122713 16.141405
107.635705 16.157182
107.150798 16.173371
106.667991 16.189973
106.187285 16.206987
105.708679 16.224413
105.232174 16.242251
104.757770 16.260502
104.285467 16.279165
103.815264 16.298240
103.347161 16.317727
102.881160 16.337627
102.417259 16.357939
101.955458 16.378664
101.495759 16.399800
101.038159 16.421349
100.582661 16.443311
100.129263 16.465684
99.677966 16.488470
99.228769 16.511668
98.781673 16.535278
98.336678 16.559301
97.893784 16.583736
97.452990 16.608583
97.014296 16.633843
96.577704 16.659515
96.143212 16.685599
95.710820 16.712096
95.280529 16.739004
94.852339 16.766325
94.426250 16.794059
94.002261 16.822204
93.580373 16.850762
93.160585 16.879732
92.742898 16.909115
92.327312 16.938910
91.913826 16.969117
91.502441 16.999736
91.093157 17.030768
90.685973 17.062212
90.280890 17.094068
89.877907 17.126336
89.477026 17.159017
89.078244 17.192110
88.681564 17.225616
88.286984 17.259533
87.894505 17.293863
87.504126 17.328606
87.115848 17.363760
86.729671 17.399327
86.345594 17.435306
85.962539 17.471386
85.577866 17.506806
85.191455 17.541530
84.803307 17.575559
84.413422 17.608893
84.021800 17.641532
83.628440 17.673476
83.233342 17.704725
82.836508 17.735279
82.437935 17.765137
82.037626 17.794301
81.635579 17.822769
81.231795 17.850542
80.826273 17.877620
80.419014 17.904003
80.010017 17.929691
79.599283 17.954684
79.186812 17.978982
78.772603 18.002584
78.356657 18.025492
77.938973 18.047704
77.519552 18.069221
77.098394 18.090043
76.675498 18.110170
76.250865 18.129602
75.824495 18.148339
75.396387 18.166381
74.966541 18.183727
74.534959 18.200379
74.101638 18.216335
73.666581 18.231596
73.229786 18.246162
72.791254 18.260033
72.350984 18.273209
71.908977 18.285690
71.465232 18.297476
71.019750 18.308566
70.572531 18.318962
70.123574 18.328662
69.672880 18.337667
69.220448 18.345977
68.766280 18.353592
68.310373 18.360512
67.852729 18.366737
67.393348 18.372266
66.932230 18.377101
66.469374 18.381240
66.004781 18.384685
65.538450 18.387434
65.070382 18.389488
64.600576 18.390847
64.129033 18.391511
63.655753 18.391480
63.180735 18.390753
62.703980 18.389332
62.225488 18.387215
61.745258 18.384403
61.263290 18.380897
60.779586 18.376695
60.294143 18.371798
59.806964 18.366206
59.318047 18.359918
58.827393 18.352936
58.335001 18.345258
57.840872 18.336886
57.345005 18.327818
56.847401 18.318055
56.348060 18.307597
55.846981 18.296444
55.344165 18.284596
54.839612 18.272053
54.333321 18.258815
53.825293 18.244881
53.315527 18.230253
52.804024 18.214929
52.290783 18.198910
51.775805 18.182196
51.259090 18.164787
50.740637 18.146683
50.220447 18.127884
49.698520 18.108389
49.174855 18.088200
48.649453 18.067315
48.122313 18.045735
47.593436 18.023461
47.062821 18.000491
46.530469 17.976826
45.996380 17.952465
45.460553 17.927410
44.922989 17.901660
44.383688 17.875214
43.842649 17.848074
43.299873 17.820238
42.755359 17.791707
42.209108 17.762481
41.661119 17.732560
41.111393 17.701944
40.559930 17.670633
40.006729 17.638626
39.451791 17.605925
38.895116 17.572528
38.336703 17.538436
37.776553 17.503649
37.214665 17.468167
36.651040 17.431990
36.085677 17.395118
35.518578 17.357551
34.949740 17.319289
34.379166 17.280331
33.806853 17.240678
33.232804 17.200331
32.657017 17.159288
32.079493 17.117550
31.500231 17.075117
30.919232 17.031989
30.336496 16.988165
29.752022 16.943647
29.165810 16.898433
28.577862 16.852525
27.988176 16.805921
27.396752 16.758622
26.803591 16.710628
26.208693 16.661939
25.612057 16.612555
25.013684 16.562476
