278.642866 111.167231
278.059462 109.419616
277.472431 107.697848
276.881773 106.001927
276.287486 104.331853
275.689572 102.687625
275.088030 101.069245
274.482861 99.476711
273.874063 97.910024
273.261638 96.369185
272.645586 94.854192
272.025905 93.365046
271.402597 91.901747
270.775661 90.464294
270.145098 89.052689
269.510907 87.666931
268.873088 86.307019
268.231641 84.972955
267.586567 83.664737
266.937865 82.382367
266.285535 81.125843
265.629578 79.895166
264.969992 78.690336
264.306780 77.511353
263.639939 76.358217
262.969471 75.230927
262.295375 74.129485
261.617651 73.053890
260.936300 72.004141
260.251321 70.980239
259.562714 69.982185
258.870480 69.009977
258.174618 68.063616
257.475128 67.143102
256.772010 66.248435
256.065265 65.379615
255.354892 64.536641
254.640891 63.719515
253.923263 62.928236
253.202007 62.162803
252.477123 61.423217
251.748612 60.709479
251.016472 60.021587
250.280706 59.359542
249.541311 58.723344
248.798289 58.112993
248.051639 57.528489
247.301361 56.969831
246.547456 56.437021
245.789923 55.930057
245.028762 55.448941
244.263973 54.993671
243.495557 54.564248
242.723513 54.160673
241.947842 53.782944
241.168542 53.431062
240.385615 53.105027
239.599060 52.804838
238.808878 52.530497
238.015068 52.282003
237.217630 52.059355
236.416565 51.862554
235.611871 51.691601
234.803550 51.546494
233.991602 51.427234
233.176025 51.333821
232.356821 51.266255
231.533990 51.224536
230.707530 51.208664
229.877443 51.218638
229.043728 51.254460
228.206386 51.316129
227.365415 51.403644
226.520817 51.517006
225.672592 51.656215
224.820738 51.821272
223.965257 52.012175
223.106149 52.228925
222.243412 52.471521
221.377048 52.739965
220.507056 53.034256
219.633436 53.354393
218.756189 53.700378
217.875314 54.072209
216.990811 54.469888
216.102681 54.893413
215.210923 55.342785
214.315537 55.818004
213.416524 56.319070
212.513882 56.845983
211.607614 57.398742
210.697717 57.977349
209.784193 58.581802
208.867041 59.212103
207.946261 59.868250
207.021853 60.550245
206.093818 61.258086
205.162156 61.991774
204.226865 62.751309
203.287947 63.536691
202.345401 64.347920
201.399227 65.184995
200.449426 66.047918
199.495997 66.936687
198.538940 67.851304
197.578256 68.791767
196.613943 69.758078
195.646004 70.750235
194.674436 71.768239
193.699241 72.812090
192.720418 73.881788
191.737967 74.977332
190.751889 76.098724
189.762183 77.245963
188.768849 78.419048
187.771887 79.617981
186.771298 80.842760
185.767081 82.093386
184.759237 83.369859
183.747765 84.672179
182.732665 86.000346
181.713937 87.354360
180.691581 88.734221
179.665598 90.139929
178.635988 91.571483
177.603023 93.027492
176.572731 94.477316
175.547577 95.908421
174.527562 97.320806
173.512684 98.714472
172.502944 100.089419
171.498343 101.445647
170.498879 102.783156
169.504554 104.101946
168.515367 105.402016
167.531317 106.683367
166.552406 107.945999
165.578633 109.189912
164.609998 110.415105
163.646501 111.621580
162.688142 112.809335
161.734922 113.978371
160.786839 115.128688
159.843894 116.260285
158.906088 117.373164
157.973419 118.467323
157.045889 119.542763
156.123496 120.599484
155.206242 121.637486
154.294126 122.656768
153.387148 123.657331
152.485308 124.639175
151.588606 125.602300
150.697042 126.546706
149.810616 127.472393
148.929328 128.379360
148.053178 129.267608
147.182167 130.137137
146.316293 130.987947
145.455557 131.820038
144.599960 132.633409
143.749501 133.428061
142.904179 134.203994
142.063996 134.961208
141.228951 135.699703
140.399044 136.419478
139.574275 137.120534
138.754644 137.802871
137.940151 138.466489
137.130796 139.111388
136.326579 139.737568
135.527501 140.345028
134.733560 140.933769
133.944758 141.503791
133.161093 142.055094
132.382567 142.587677
131.609179 143.101542
130.840928 143.596687
130.077816 144.073113
129.319842 144.530820
128.567006 144.969807
127.819308 145.390076
127.076748 145.791625
126.339327 146.174455
125.607043 146.538566
124.879897 146.883958
124.157890 147.210630
123.441020 147.518583
122.729289 147.807818
122.022695 148.078333
121.321240 148.330128
120.624923 148.563205
119.933744 148.777562
119.247702 148.973200
118.566799 149.150119
117.891035 149.308319
117.220408 149.447800
116.554919 149.568561
115.894568 149.670603
115.239355 149.753926
114.589281 149.818530
113.944344 149.864415
113.304546 149.891580
112.669886 149.900027
112.040363 149.889754
111.415979 149.860762
110.796733 149.813050
110.182625 149.746620
109.573655 149.661470
108.969823 149.557601
108.371129 149.435013
107.777573 149.293706
107.189155 149.133680
106.605876 148.954934
106.027734 148.757469
105.454731 148.541285
104.886865 148.306382
104.324138 148.052760
103.766549 147.780418
103.214097 147.489357
102.666784 147.179577
102.124609 146.851078
101.587572 146.503860
101.055673 146.137922
100.528912 145.753266
100.007290 145.349890
99.490805 144.927795
98.979458 144.486981
98.473250 144.027447
97.972179 143.549194
97.476247 143.052223
96.985452 142.536532
96.499796 142.002121
96.019278 141.448992
95.543898 140.877143
95.073656 140.286576
94.608552 139.677289
94.148586 139.049282
93.693758 138.402557
93.244068 137.737113
92.799516 137.052949
92.360103 136.350066
91.925827 135.628464
91.496690 134.888143
91.072690 134.129102
90.653829 133.351342
90.240105 132.554864
89.831520 131.739666
89.428073 130.905748
89.029764 130.053112
88.636281 129.184012
88.245755 128.311980
87.857874 127.439272
87.472637 126.565889
87.090045 125.691829
86.710098 124.817093
86.332796 123.941681
85.958138 123.065594
85.586125 122.188830
85.216757 121.311390
84.850034 120.433274
84.485956 119.554482
84.124522 118.675014
83.765733 117.794870
83.409589 116.914050
83.056090 116.032554
82.705235 115.150382
82.357025 114.267534
82.011460 113.384010
81.668540 112.499810
81.328265 111.614934
80.990634 110.729381
80.655648 109.843153
80.323307 108.956249
79.993611 108.068669
79.666559 107.180412
79.342153 106.291480
79.020391 105.401872
78.701274 104.511587
78.384801 103.620627
78.070973 102.728990
77.759791 101.836678
77.451253 100.943689
77.145359 100.050025
76.842111 99.155684
76.541507 98.260668
76.243548 97.364975
75.948234 96.468606
75.655565 95.571562
75.365540 94.673841
75.078160 93.775444
74.793425 92.876371
74.511335 91.976623
74.231889 91.076198
73.955089 90.175097
73.680933 89.273320
73.409421 88.370867
73.140555 87.467738
72.874333 86.563933
72.610757 85.659452
72.349825 84.754295
72.091537 83.848462
71.835895 82.941953
71.582897 82.034768
71.332544 81.126907
71.084836 80.218370
70.839773 79.309157
70.597354 78.399267
70.357580 77.488702
70.120451 76.577461
69.885967 75.665544
69.654128 74.752950
69.424933 73.839681
69.198383 72.925736
68.974478 72.011114
68.753217 71.095817
68.534602 70.179843
68.318631 69.263194
68.105305 68.345868
67.894624 67.427867
67.686587 66.509189
67.481196 65.589835
67.278449 64.669806
67.078347 63.749100
66.880889 62.827718
66.686077 61.905661
66.493909 60.982927
66.304386 60.059517
66.117508 59.135431
65.933274 58.210670
65.751686 57.285232
65.572742 56.359118
65.396443 55.432328
65.222788 54.504862
65.051779 53.576720
64.883414 52.647902
64.717694 51.718408
64.554619 50.788238
64.394188 49.857392
64.236403 48.925870
64.081262 47.993672
63.928766 47.060797
63.778914 46.127247
63.631708 45.193021
63.487146 44.258119
63.345229 43.322540
63.205957 42.386286
63.069330 41.449356
62.935347 40.511749
62.804009 39.573467
62.675316 38.634509
62.549268 37.694874
62.425864 36.754564
62.305105 35.813577
62.186992 34.871915
62.071522 33.929576
61.958698 32.986562
61.848518 32.042871
61.740983 31.098504
61.636093 30.153462
61.533848 29.207743
61.434248 28.261348
61.337292 27.314277
61.242981 26.366531
61.151315 25.418108
61.062293 24.469009
60.975917 23.519234
60.892185 22.568783
60.811098 21.617656
60.732656 20.665853
60.656858 19.713374
60.583705 18.760219
60.513197 17.806388
60.445334 16.851881
60.380116 15.896698
60.315978 14.944637
60.249095 14.004982
60.179293 13.078156
60.106573 12.164157
60.030934 11.262987
59.952377 10.374645
59.870901 9.499132
59.786506 8.636446
59.699193 7.786589
59.608962 6.949560
59.515812 6.125360
59.419743 5.313987
59.320755 4.515443
59.218849 3.729727
59.114025 2.956839
59.006282 2.196780
58.895620 1.449549
58.782040 0.715146
58.665541 -0.006429
58.546124 -0.715176
58.423788 -1.411094
58.298533 -2.094184
58.170360 -2.764446
58.039268 -3.421879
57.905258 -4.066485
57.768329 -4.698262
57.628481 -5.317211
57.485715 -5.923331
57.340031 -6.516624
57.191427 -7.097088
57.039906 -7.664724
56.885465 -8.219531
56.728106 -8.761511
56.567829 -9.290662
56.404633 -9.806985
56.238518 -10.310480
56.069485 -10.801146
55.897533 -11.278984
55.722663 -11.743994
55.544874 -12.196176
55.364166 -12.635530
55.180540 -13.062055
54.993995 -13.475752
54.804532 -13.876621
54.612150 -14.264661
54.416850 -14.639874
54.218630 -15.002258
54.017493 -15.351813
53.813437 -15.688541
53.606462 -16.012440
53.396569 -16.323512
53.183757 -16.621754
52.968026 -16.907169
52.749377 -17.179756
52.527809 -17.439514
52.303323 -17.686444
52.075918 -17.920545
51.845595 -18.141819
51.612353 -18.350264
51.376192 -18.545881
51.137113 -18.728670
50.895116 -18.898630
50.650199 -19.055762
50.402364 -19.200066
50.151611 -19.331542
49.897939 -19.450190
49.641348 -19.556009
49.381839 -19.649000
49.119411 -19.729163
48.854065 -19.796498
48.585800 -19.851004
48.314617 -19.892682
48.040515 -19.921532
47.763494 -19.937554
47.483555 -19.940747
47.200697 -19.931112
46.914920 -19.908649
46.626225 -19.873358
46.334612 -19.825238
46.040080 -19.764290
45.742629 -19.690514
45.442260 -19.603910
45.138972 -19.504478
44.832766 -19.392217
44.523641 -19.267128
44.211597 -19.129211
43.896635 -18.978465
43.578754 -18.814891
43.257955 -18.638489
42.934237 -18.449259
42.607600 -18.247201
42.278045 -18.032314
41.945572 -17.804599
41.610179 -17.564056
41.271869 -17.310685
40.930639 -17.044485
40.586491 -16.765457
40.239425 -16.473601
39.889440 -16.168917
39.536536 -15.851404
39.180714 -15.521063
38.821973 -15.177894
38.460313 -14.821897
38.095735 -14.453072
37.728239 -14.071418
37.357824 -13.676936
36.984490 -13.269626
36.608238 -12.849487
36.229067 -12.416520
35.846977 -11.970725
35.461969 -11.512102
35.074042 -11.040651
34.683197 -10.556371
34.289434 -10.059263
33.892751 -9.549327
33.493150 -9.026563
33.090631 -8.490970
32.685193 -7.942549
32.276836 -7.381300
31.865561 -6.807223
31.451367 -6.220317
31.034254 -5.620583
30.614223 -5.008021
30.191274 -4.382631
29.765406 -3.744412
