248.330001 168.321747
247.856556 162.769299
247.383398 157.279691
246.910530 151.852921
246.437949 146.488989
245.965658 141.187896
245.493654 135.949642
245.021939 130.774227
244.550513 125.661651
244.079375 120.611913
243.608525 115.625013
243.137964 110.700953
242.667692 105.839731
242.197708 101.041348
241.728012 96.305803
241.258605 91.633097
240.789486 87.023230
240.320656 82.476201
239.852114 77.992012
239.383861 73.570661
238.915896 69.212148
238.448219 64.916474
237.980831 60.683639
237.513732 56.513643
237.046921 52.406485
236.580398 48.362166
236.114164 44.380686
235.648219 40.462044
235.182561 36.606241
234.717193 32.813277
234.252112 29.083151
233.787321 25.415864
233.322817 21.811416
232.858602 18.269806
232.394676 14.791036
231.931038 11.375103
231.467689 8.022010
231.004628 4.731755
230.541855 1.504339
230.079371 -1.660239
229.617175 -4.761977
229.155268 -7.800877
228.693650 -10.776939
228.232319 -13.690162
227.771278 -16.540546
227.310524 -19.328091
226.850059 -22.052798
226.389883 -24.714666
225.929995 -27.313695
225.470396 -29.849886
225.011085 -32.323238
224.552062 -34.733751
224.093328 -37.081426
223.634883 -39.366261
223.176725 -41.588259
222.718857 -43.747417
222.261277 -45.843737
221.803985 -47.877218
221.346981 -49.847861
220.890267 -51.755665
220.433840 -53.600630
219.977702 -55.382756
219.521853 -57.102044
219.066292 -58.758493
218.611020 -60.352103
218.156035 -61.882875
217.701340 -63.350808
217.246933 -64.755903
216.792814 -66.098158
216.338984 -67.377575
215.885442 -68.594154
215.432189 -69.747893
214.979224 -70.838794
214.526548 -71.866856
214.074160 -72.832080
213.622061 -73.734465
213.170250 -74.574011
212.718727 -75.350719
212.267493 -76.064587
211.816548 -76.715618
211.365890 -77.303809
210.915522 -77.829162
210.465442 -78.291676
210.015650 -78.691351
209.566147 -79.028188
209.116932 -79.302186
208.668006 -79.513346
208.219368 -79.661666
207.771018 -79.747148
207.322958 -79.769792
206.875185 -79.729596
206.427701 -79.626562
205.980506 -79.460689
205.533598 -79.231978
205.086980 -78.940428
204.640650 -78.586039
204.194608 -78.168812
203.748855 -77.688746
203.303390 -77.145841
202.858214 -76.540097
202.413326 -75.871515
201.968727 -75.140094
201.524416 -74.345835
201.080393 -73.488737
200.636659 -72.568800
200.193214 -71.586024
199.750057 -70.540410
199.307188 -69.431957
198.864608 -68.260665
198.422316 -67.026535
197.980313 -65.729566
197.538598 -64.369758
197.097172 -62.947112
196.656034 -61.461627
196.215185 -59.913303
195.774624 -58.302141
195.334352 -56.628139
194.894368 -54.891300
194.454672 -53.091621
194.015265 -51.229104
193.576147 -49.303748
193.137317 -47.315554
192.698775 -45.264520
192.260522 -43.150649
191.822557 -40.973938
191.384878 -38.736986
190.947424 -36.496923
190.510171 -34.277123
190.073117 -32.077585
189.636264 -29.898309
189.199612 -27.739295
188.763159 -25.600544
188.326907 -23.482054
187.890856 -21.383827
187.455004 -19.305862
187.019353 -17.248159
186.583902 -15.210718
186.148652 -13.193539
185.713602 -11.196622
185.278752 -9.219968
184.844102 -7.263575
184.409653 -5.327445
183.975404 -3.411577
183.541355 -1.515971
183.107507 0.359373
182.673859 2.214454
182.240412 4.049274
181.807164 5.863831
181.374117 7.658127
180.941270 9.432160
180.508624 11.185931
180.076178 12.919440
179.643932 14.632686
179.211887 16.325671
178.780041 17.998393
178.348397 19.650854
177.916952 21.283052
177.485708 22.894988
177.054664 24.486662
176.623820 26.058073
176.193177 27.609223
175.762734 29.140110
175.332491 30.650736
174.902449 32.141099
174.472607 33.611200
174.042965 35.061039
173.613524 36.490616
173.184283 37.899930
172.755242 39.288983
172.326401 40.657773
171.897761 42.006301
171.469321 43.334567
171.041082 44.642571
170.613042 45.930313
170.185203 47.197793
169.757565 48.445010
169.330126 49.671966
168.902888 50.878659
168.475851 52.065090
168.049013 53.231259
167.622376 54.377166
167.195940 55.502811
166.769703 56.608193
166.343667 57.693314
165.917831 58.758172
165.492196 59.802768
165.066760 60.827102
164.641526 61.831174
164.216491 62.814984
163.791657 63.778531
163.367023 64.721817
162.942589 65.644840
162.518356 66.547601
162.094323 67.430100
161.670490 68.292337
161.246858 69.134312
160.823426 69.956024
160.400194 70.757475
159.977162 71.538663
159.554331 72.299589
159.131700 73.040253
158.709270 73.760655
158.287040 74.460795
157.865010 75.140673
157.443180 75.800288
157.021551 76.439642
156.600122 77.058733
156.178893 77.657562
155.757865 78.236129
155.337037 78.794434
154.916409 79.332476
154.495982 79.850257
154.075755 80.347775
153.655728 80.825031
153.235901 81.282026
152.816275 81.718758
152.396849 82.135227
151.977624 82.531435
151.558599 82.907381
151.139774 83.263064
150.721149 83.598485
150.302725 83.913644
149.884501 84.208542
149.466477 84.483176
149.048654 84.737549
148.631031 84.971660
148.213608 85.185508
147.796386 85.379094
147.379363 85.552419
146.962542 85.705481
146.545920 85.838281
146.129499 85.950818
145.713278 86.043094
145.297258 86.115107
144.881437 86.166859
144.465817 86.198348
144.050398 86.209575
143.635178 86.200540
143.220159 86.171243
142.805341 86.121683
142.390722 86.051862
141.976304 85.961778
141.562087 85.851433
141.148069 85.720825
140.734252 85.569955
140.320635 85.398822
139.907219 85.207428
139.494003 84.995772
139.080987 84.763853
138.668171 84.511672
138.255313 84.241825
137.840951 83.969887
137.424843 83.698453
137.006989 83.427523
136.587388 83.157097
136.166041 82.887176
135.742947 82.617760
135.318108 82.348847
134.891522 82.080439
134.463189 81.812536
134.033110 81.545136
133.601285 81.278241
133.167713 81.011851
132.732396 80.745965
132.295331 80.480583
131.856521 80.215705
131.415964 79.951332
130.973660 79.687464
130.529611 79.424099
130.083815 79.161239
129.636272 78.898883
129.186983 78.637032
128.735948 78.375685
128.283167 78.114843
127.828639 77.854504
127.372365 77.594671
126.914344 77.335341
126.454577 77.076516
125.993064 76.818195
125.529804 76.560379
125.064798 76.303067
124.598046 76.046259
124.129547 75.789956
123.659302 75.534157
123.187311 75.278862
122.713573 75.024072
122.238089 74.769786
121.760858 74.516004
121.281881 74.262727
120.801158 74.009954
120.318688 73.757686
119.834472 73.505922
119.348510 73.254662
118.860801 73.003907
118.371346 72.753656
117.880145 72.503909
117.387197 72.254667
116.892503 72.005929
116.396063 71.757695
115.897876 71.509966
115.397943 71.262741
114.896263 71.016021
114.392837 70.769805
113.887665 70.524093
113.380746 70.278886
112.872081 70.034183
112.361670 69.789984
111.849512 69.546290
111.335608 69.303100
110.819958 69.060414
110.302561 68.818233
109.783418 68.576556
109.262529 68.335383
108.739893 68.094715
108.215511 67.854552
107.689382 67.614892
107.161507 67.375737
106.631886 67.137086
106.100518 66.898940
105.567404 66.661298
105.032544 66.424160
104.495937 66.187527
103.957584 65.951398
103.417485 65.715774
102.875639 65.480653
102.332047 65.246038
101.786708 65.011926
101.239623 64.778319
100.690792 64.545216
100.140215 64.312618
99.587891 64.080524
99.033820 63.848934
98.478004 63.617849
97.920441 63.387268
97.361131 63.157192
96.800076 62.927619
96.237274 62.698551
95.672725 62.469988
95.106430 62.241929
94.538389 62.014374
93.968602 61.787324
93.397068 61.560778
92.823788 61.334736
92.248761 61.109199
91.671988 60.884166
91.093469 60.659637
90.513203 60.435613
89.931191 60.212093
89.347433 59.989077
88.761928 59.766566
88.174677 59.544559
87.585679 59.323057
86.994936 59.102059
86.402445 58.881565
85.808209 58.661576
85.212226 58.442091
84.614497 58.223110
84.015021 58.004634
83.413799 57.786662
82.810831 57.569194
82.206116 57.352231
81.599655 57.135772
80.991448 56.919818
80.381494 56.704368
79.769794 56.489422
79.156347 56.274981
78.541155 56.061044
77.924215 55.847611
77.305530 55.634683
76.685098 55.422259
76.062920 55.210339
75.438995 54.998924
74.813324 54.788013
74.185907 54.577607
73.556743 54.367704
72.927378 54.157802
72.301587 53.946665
71.679543 53.734237
71.061245 53.520518
70.446694 53.305508
69.835889 53.089208
69.228830 52.871618
68.625518 52.652736
68.025951 52.432564
67.430132 52.211101
66.838058 51.988347
66.249732 51.764303
65.665151 51.538968
65.084317 51.312342
64.507229 51.084425
63.933887 50.855218
63.364292 50.624720
62.798443 50.392931
62.236341 50.159852
61.677985 49.925482
61.123375 49.689821
60.572511 49.452870
60.025394 49.214627
59.482024 48.975094
58.942399 48.734271
58.406521 48.492156
57.874390 48.248751
57.346004 48.004055
56.821366 47.758069
56.300473 47.510792
55.783327 47.262224
55.269927 47.012365
54.760273 46.761216
54.254366 46.508776
53.752206 46.255045
53.253791 46.000023
52.759123 45.743711
52.268201 45.486108
51.781026 45.227214
51.297597 44.967030
50.817914 44.705555
50.341978 44.442789
49.869788 44.178733
49.401345 43.913386
48.936647 43.646748
48.475696 43.378819
48.018492 43.109600
47.565034 42.839090
47.115322 42.567289
46.669357 42.294197
46.227137 42.019815
45.788665 41.744142
45.353938 41.467178
44.922958 41.188924
44.495725 40.909379
44.072237 40.628543
43.652496 40.346417
43.236502 40.063000
42.824254 39.778292
42.415752 39.492293
42.010996 39.205004
41.609987 38.916424
41.212724 38.626553
40.819208 38.335391
40.429438 38.042939
40.043414 37.749196
39.661136 37.454163
39.282605 37.157838
38.907821 36.860223
38.536782 36.561318
38.169490 36.261121
37.805945 35.959634
37.446146 35.656856
37.090093 35.352787
36.737786 35.047428
36.389226 34.740778
36.044412 34.432837
35.703345 34.123606
35.366024 33.813084
35.032449 33.501271
34.702620 33.188167
34.376538 32.873773
34.054203 32.558088
33.735613 32.241112
33.420770 31.922846
33.109674 31.603288
32.802323 31.282441
32.498720 30.960302
32.198862 30.636873
31.902751 30.312153
31.610386 29.986142
31.321767 29.658840
31.036895 29.330248
30.755769 29.000365
30.478390 28.669192
30.204757 28.336728
29.934870 28.002973
29.668730 27.667927
29.406336 27.331590
29.147688 26.993963
28.892787 26.655045
28.641632 26.314837
28.394223 25.973337
28.150561 25.630547
27.910645 25.286467
27.674476 24.941095
27.442053 24.594433
27.213376 24.246480
26.988446 23.897237
26.767261 23.546702
26.549824 23.194877
26.336132 22.841762
26.126187 22.487355
25.919989 22.131658
25.717536 21.774670
25.518830 21.416392
25.323871 21.056822
25.132658 20.695962
24.945191 20.333812
24.761470 19.970370
24.581496 19.605638
24.405268 19.239615
24.232787 18.872302
24.064052 18.503698
23.899063 18.133803
