257.419472 154.062376
256.929424 153.031981
256.441041 152.005820
255.954322 150.983892
255.469267 149.966198
254.985876 148.952737
254.504150 147.943510
254.024087 146.938517
253.545689 145.937756
253.068955 144.941230
252.593885 143.948937
252.120479 142.960877
251.648737 141.977051
251.178659 140.997458
250.710246 140.022099
250.243496 139.050974
249.778411 138.084082
249.314990 137.121423
248.853233 136.162998
248.393141 135.208806
247.934712 134.258848
247.477947 133.313124
247.022847 132.371633
246.569411 131.434375
246.117639 130.501351
245.667531 129.572561
245.219087 128.648004
244.772308 127.727680
244.327192 126.811590
243.883741 125.899733
243.441954 124.992110
243.001831 124.088721
242.563372 123.189565
242.126577 122.294642
241.691447 121.403953
241.257980 120.517498
240.826178 119.635276
240.396040 118.757288
239.967566 117.883533
239.540756 117.014011
239.115610 116.148723
238.692129 115.287669
238.270312 114.430848
237.850158 113.578260
237.431669 112.729906
237.014844 111.885786
236.599683 111.045899
236.186187 110.210246
235.774354 109.378826
235.364186 108.551639
234.955682 107.728687
234.548842 106.909967
234.143666 106.095481
233.740154 105.285229
233.338306 104.479210
232.938123 103.677425
232.539603 102.879873
232.142748 102.086554
231.747557 101.297470
231.354030 100.512618
230.962167 99.732000
230.571969 98.955616
230.183434 98.183465
229.796564 97.415548
229.411358 96.651864
229.027816 95.892414
228.645938 95.137197
228.265724 94.386214
227.887174 93.639464
227.510289 92.896948
227.135068 92.158665
226.761511 91.424616
226.389618 90.694800
226.019389 89.969218
225.650824 89.247869
225.283923 88.530754
224.918687 87.817872
224.555115 87.109224
224.193206 86.404809
223.832962 85.704628
223.474383 85.008680
223.117467 84.316966
222.762215 83.629485
222.408628 82.946238
222.056705 82.267224
221.706446 81.592444
221.357851 80.921897
221.010920 80.255584
220.665653 79.593504
220.322051 78.935658
219.980112 78.282045
219.639838 77.632666
219.301228 76.987521
218.964282 76.346608
218.629000 75.709930
218.295382 75.077485
217.963429 74.449273
217.633139 73.825295
217.304514 73.205550
216.977553 72.590039
216.652256 71.978762
216.328623 71.371717
216.006655 70.768907
215.686350 70.170330
215.367710 69.575986
215.050734 68.985876
214.735422 68.400000
214.421774 67.818356
214.109790 67.240947
213.799470 66.667771
213.490815 66.098828
213.183824 65.534119
212.878496 64.973644
212.574833 64.417402
212.272834 63.865393
211.972500 63.317618
211.673829 62.774077
211.376823 62.234769
211.081480 61.699694
210.787802 61.168853
210.495788 60.642246
210.205438 60.119872
209.916753 59.601731
209.629731 59.087824
209.344374 58.578151
209.060538 58.072561
208.775096 57.567767
208.486766 57.062423
208.195550 56.556528
207.901447 56.050084
207.604456 55.543089
207.304579 55.035544
207.001815 54.527449
206.696164 54.018804
206.387626 53.509609
206.076201 52.999864
205.761889 52.489568
205.444690 51.978722
205.124604 51.467327
204.801631 50.955381
204.475771 50.442885
204.147025 49.929839
203.815391 49.416243
203.480870 48.902096
203.143463 48.387400
202.803168 47.872153
202.459987 47.356356
202.113918 46.840009
201.764963 46.323112
201.413121 45.805665
201.058391 45.287668
200.700775 44.769121
200.340272 44.250023
199.976882 43.730376
199.610605 43.210178
199.241441 42.689430
198.869390 42.168132
198.494452 41.646284
198.116627 41.123885
197.735915 40.600937
197.352316 40.077438
196.965830 39.553390
196.576458 39.028791
196.184198 38.503642
195.789052 37.977943
195.391018 37.451694
194.990098 36.924895
194.586290 36.397545
194.179596 35.869646
193.770014 35.341196
193.357546 34.812196
192.942191 34.282646
192.523949 33.752546
192.102819 33.221896
191.678803 32.690695
191.251900 32.158945
190.822110 31.626644
190.389433 31.093794
189.953869 30.560393
189.515419 30.026442
189.074081 29.491941
188.629856 28.956890
188.182744 28.421288
187.732746 27.885137
187.279860 27.348435
186.824088 26.811183
186.365428 26.273381
185.903882 25.735029
185.439448 25.196127
184.972128 24.656675
184.501920 24.116673
184.028826 23.576120
183.552845 23.035018
183.073977 22.493365
182.592222 21.951162
182.107580 21.408409
181.620051 20.865106
181.129635 20.321253
180.636332 19.776849
180.140142 19.231896
179.641065 18.686392
179.139101 18.140338
178.634251 17.593734
178.126513 17.046580
177.615888 16.498876
177.102377 15.950622
176.585978 15.401817
176.066693 14.852463
175.544520 14.302558
175.019461 13.752103
174.491515 13.201098
173.960681 12.649543
173.426961 12.097438
172.890354 11.544783
172.350860 10.991577
171.808479 10.437822
171.263211 9.883516
170.715056 9.328660
170.164014 8.773254
169.610085 8.217298
169.053269 7.660792
168.493566 7.103736
167.930977 6.546129
167.365500 5.987972
166.797136 5.429266
166.225886 4.870009
165.651748 4.310202
165.074724 3.749845
164.494812 3.188938
163.912014 2.627480
163.326329 2.065473
162.737756 1.502915
162.146297 0.939807
161.551951 0.376149
160.954718 -0.188059
160.354598 -0.752817
159.751591 -1.318125
159.145697 -1.883983
158.536916 -2.450392
157.925248 -3.017351
157.310693 -3.584859
156.693251 -4.152918
156.072922 -4.721527
155.449707 -5.290686
154.823604 -5.860396
154.194614 -6.430655
153.562738 -7.001465
152.927974 -7.572824
152.290324 -8.144734
151.649786 -8.717194
151.007112 -9.289170
150.366801 -9.854459
149.729604 -10.412026
149.095520 -10.961871
148.464550 -11.503996
147.836694 -12.038398
147.211950 -12.565079
146.590321 -13.084039
145.971805 -13.595277
145.356402 -14.098794
144.744114 -14.594589
144.134938 -15.082663
143.528876 -15.563015
142.925928 -16.035646
142.326093 -16.500555
141.729372 -16.957743
141.135765 -17.407209
140.545270 -17.848954
139.957890 -18.282977
139.373623 -18.709279
138.792469 -19.127859
138.214430 -19.538718
137.639503 -19.941855
137.067690 -20.337271
136.498991 -20.724965
135.933405 -21.104938
135.370933 -21.477189
134.811574 -21.841719
134.255329 -22.198528
133.702198 -22.547615
133.152180 -22.888980
132.605275 -23.222624
132.061484 -23.548546
131.520807 -23.866747
130.983243 -24.177227
130.448793 -24.479985
129.917456 -24.775021
129.389233 -25.062336
128.864123 -25.341930
128.342127 -25.613802
127.823244 -25.877952
127.307475 -26.134382
126.794820 -26.383089
126.285278 -26.624075
125.778850 -26.857340
125.275535 -27.082883
124.775333 -27.300704
124.278246 -27.510805
123.784271 -27.713183
123.293411 -27.907840
122.805664 -28.094776
122.321030 -28.273990
121.839510 -28.445483
121.361103 -28.609254
120.885811 -28.765304
120.413631 -28.913632
119.944565 -29.054239
119.478613 -29.187124
119.015774 -29.312288
118.556049 -29.429730
118.099437 -29.539451
117.645939 -29.641450
117.195554 -29.735728
116.748283 -29.822284
116.304126 -29.901119
115.863082 -29.972232
115.425151 -30.035624
114.990335 -30.091295
114.558631 -30.139244
114.130041 -30.179471
113.704565 -30.211977
113.282203 -30.236761
112.862953 -30.253824
112.446818 -30.263166
112.033796 -30.264786
111.623887 -30.258684
111.217092 -30.244861
110.813411 -30.223317
110.412843 -30.194051
110.015389 -30.157063
109.621048 -30.112354
109.229820 -30.059924
108.841707 -29.999772
108.456707 -29.931898
108.074820 -29.856303
107.696047 -29.772987
107.320387 -29.681949
106.947841 -29.583190
106.578409 -29.476709
106.212090 -29.362506
105.848885 -29.240583
105.488793 -29.110937
105.131815 -28.973570
104.777950 -28.828482
104.427199 -28.675672
104.079561 -28.515141
103.735037 -28.346888
103.393626 -28.170914
103.055329 -27.987218
102.720146 -27.795801
102.388076 -27.596662
102.059120 -27.389802
101.733277 -27.175220
101.410547 -26.952917
101.090932 -26.722892
100.774430 -26.485146
100.461041 -26.239679
100.150766 -25.986489
99.843604 -25.725579
99.539556 -25.456947
99.238622 -25.180593
98.940801 -24.896518
98.646093 -24.604721
98.354500 -24.305203
98.066019 -23.997964
97.780653 -23.683003
97.498399 -23.360320
97.219260 -23.029916
96.943234 -22.691791
96.670321 -22.345944
96.400522 -21.992375
96.133836 -21.631085
95.870265 -21.262074
95.609806 -20.885341
95.352461 -20.500886
95.096032 -20.112385
94.835146 -19.728817
94.569558 -19.350592
94.299270 -18.977710
94.024280 -18.610170
93.744589 -18.247973
93.460196 -17.891118
93.171103 -17.539606
92.877308 -17.193436
92.578812 -16.852609
92.275615 -16.517125
91.967716 -16.186982
91.655116 -15.862183
91.337816 -15.542726
91.015813 -15.228611
90.689110 -14.919839
90.357705 -14.616410
90.021600 -14.318323
89.680792 -14.025578
89.335284 -13.738176
88.985075 -13.456117
88.630164 -13.179400
88.270552 -12.908026
87.906239 -12.641994
87.537224 -12.381305
87.163509 -12.125958
86.785092 -11.875954
86.401974 -11.631292
86.014154 -11.391973
85.621634 -11.157996
85.224412 -10.929362
84.822489 -10.706070
84.415865 -10.488121
84.004539 -10.275515
83.588513 -10.068251
83.167785 -9.866329
82.742356 -9.669750
82.312225 -9.478514
81.877394 -9.292620
81.437861 -9.112069
80.993627 -8.936860
80.544692 -8.766993
80.091055 -8.602470
79.632718 -8.443288
79.169679 -8.289450
78.701938 -8.140953
78.229497 -7.997800
77.752354 -7.859988
77.270511 -7.727520
76.783966 -7.600394
76.292719 -7.478610
75.796772 -7.362169
75.296123 -7.251071
74.790773 -7.145315
74.280722 -7.044901
73.765969 -6.949830
73.246516 -6.860102
72.722361 -6.775716
72.193505 -6.696672
71.659948 -6.622971
71.121689 -6.554613
70.578729 -6.491597
70.031068 -6.433924
69.478706 -6.381593
68.921643 -6.334605
68.359878 -6.292959
67.793412 -6.256656
67.222245 -6.225696
66.646377 -6.200078
66.065807 -6.179802
65.480536 -6.164869
64.890564 -6.155278
64.295891 -6.151030
63.696516 -6.152125
63.092441 -6.158562
62.483664 -6.170341
61.870186 -6.187464
61.252006 -6.209928
60.629126 -6.237735
60.001544 -6.270885
59.369261 -6.309377
58.732277 -6.353212
58.090591 -6.402389
57.444204 -6.456909
56.793116 -6.516771
56.137327 -6.581976
55.476837 -6.652524
54.811645 -6.728413
54.141752 -6.809646
53.467158 -6.896221
52.787863 -6.988138
52.103866 -7.085398
51.415169 -7.188001
50.721770 -7.295946
50.023669 -7.409233
49.320868 -7.527864
48.613365 -7.651836
47.901161 -7.781151
47.184256 -7.915809
46.462650 -8.055809
45.736342 -8.201152
45.005333 -8.351837
44.269623 -8.507865
43.529212 -8.669235
42.784100 -8.835948
42.034286 -9.008004
41.279771 -9.185401
40.520555 -9.368142
39.756638 -9.556225
38.988019 -9.749650
38.214699 -9.948418
37.436678 -10.152529
36.653956 -10.361982
35.866532 -10.576778
35.074408 -10.796916
34.277582 -11.022396
33.476054 -11.253219
32.669826 -11.489385
31.858896 -11.730893
31.043266 -11.977744
30.222934 -12.229937
29.397900 -12.487473
28.568166 -12.750351
27.733730 -13.018572
26.894593 -13.292136
