297.508088 -38.586755
296.901909 -40.154994
296.294293 -41.691013
295.685239 -43.194812
295.074748 -44.666391
294.462819 -46.105750
293.849453 -47.512889
293.234650 -48.887808
292.618409 -50.230508
292.000730 -51.540987
291.381614 -52.819247
290.761061 -54.065286
290.139070 -55.279106
289.515642 -56.460706
288.890776 -57.610086
288.264473 -58.727245
287.636733 -59.812185
287.007555 -60.864905
286.376940 -61.885405
285.744887 -62.873685
285.111396 -63.829746
284.476469 -64.753586
283.840104 -65.645206
283.202301 -66.504606
282.563061 -67.331787
281.922383 -68.126747
281.280268 -68.889488
280.636716 -69.620009
279.991726 -70.318309
279.345299 -70.984390
278.697434 -71.618251
278.048132 -72.219892
277.397392 -72.789313
276.745215 -73.326514
276.091601 -73.831495
275.436549 -74.304256
274.780060 -74.744797
274.122133 -75.153118
273.462769 -75.529220
272.801967 -75.873101
272.139728 -76.184763
271.476051 -76.464204
270.810937 -76.711426
270.144386 -76.926427
269.476397 -77.109209
268.806970 -77.259771
268.136106 -77.378113
267.463805 -77.464235
266.790067 -77.518137
266.114890 -77.539819
265.438277 -77.529281
264.760226 -77.486523
264.080737 -77.411545
263.399811 -77.304348
262.717448 -77.164930
262.033647 -76.993292
261.348409 -76.789435
260.661733 -76.553358
259.973620 -76.285060
259.284070 -75.984543
258.593082 -75.651806
257.900656 -75.286849
257.206793 -74.889671
256.511493 -74.460274
255.814755 -73.998657
255.116580 -73.504821
254.416967 -72.978764
253.715917 -72.420487
253.013430 -71.829990
252.309505 -71.207274
251.604142 -70.552337
250.897342 -69.865180
250.189105 -69.145804
249.479430 -68.394208
248.768318 -67.610391
248.055768 -66.794355
247.341781 -65.946099
246.626357 -65.065623
245.909495 -64.152927
245.191195 -63.208011
244.471458 -62.230875
243.750284 -61.221519
243.027672 -60.179943
242.303623 -59.106147
241.578136 -58.000132
240.851212 -56.861896
240.122851 -55.691441
239.393052 -54.488765
238.661815 -53.253870
237.929141 -51.986754
237.195030 -50.687419
236.459481 -49.355864
235.722495 -47.992089
234.984072 -46.596094
234.244211 -45.167879
233.502912 -43.707444
232.760176 -42.214789
232.016003 -40.689914
231.270392 -39.132819
230.523343 -37.543505
229.774858 -35.921970
229.024935 -34.268215
228.273574 -32.582241
227.520776 -30.864047
226.766540 -29.113632
226.010867 -27.330998
225.253757 -25.516144
224.495209 -23.669070
223.735224 -21.789775
222.973801 -19.878261
222.210941 -17.934527
221.446643 -15.958573
220.680908 -13.950400
219.913736 -11.910006
219.145126 -9.837392
218.375078 -7.732559
217.603594 -5.595505
216.830671 -3.426231
216.056312 -1.224738
215.280514 1.008975
214.503280 3.274909
213.724608 5.573062
212.944498 7.903435
212.162951 10.266028
211.379967 12.660841
210.595615 15.086063
209.811424 17.501837
209.028020 19.891858
208.245403 22.256128
207.463573 24.594645
206.682530 26.907410
205.902274 29.194423
205.122805 31.455683
204.344123 33.691192
203.566228 35.900948
202.789121 38.084952
202.012800 40.243204
201.237266 42.375704
200.462519 44.482451
199.688559 46.563447
198.915386 48.618690
198.143000 50.648181
197.371401 52.651919
196.600589 54.629906
195.830564 56.582140
195.061327 58.508623
194.292876 60.409352
193.525212 62.284330
192.758335 64.133556
191.992245 65.957029
191.226942 67.754750
190.462426 69.526719
189.698697 71.272936
188.935756 72.993401
188.173601 74.688113
187.412233 76.357073
186.651652 78.000281
185.891858 79.617737
185.132851 81.209441
184.374631 82.775392
183.617198 84.315591
182.860553 85.830039
182.104694 87.318733
181.349622 88.781676
180.595337 90.218867
179.841839 91.630305
179.089128 93.015991
178.337205 94.375925
177.586068 95.710106
176.835718 97.018536
176.086155 98.301213
175.337379 99.558138
174.589390 100.789311
173.842189 101.994732
173.095774 103.174401
172.350146 104.328317
171.605305 105.456481
170.861251 106.558893
170.117984 107.635553
169.375505 108.686460
168.633812 109.711616
167.892906 110.711019
167.152787 111.684670
166.413455 112.632569
165.674911 113.554715
164.937153 114.451110
164.200182 115.321752
163.463998 116.166642
162.728601 116.985780
161.993992 117.779165
161.260169 118.546799
160.527133 119.288680
159.794884 120.004809
159.063422 120.695186
158.332748 121.359810
157.602860 121.998683
156.873759 122.611803
156.145445 123.199171
155.417918 123.760787
154.691179 124.296651
153.965226 124.806762
153.240060 125.291122
152.515681 125.749729
151.792090 126.182584
151.069285 126.589686
150.347267 126.971037
149.626036 127.326635
148.905593 127.656481
148.185936 127.960575
147.467066 128.238917
146.748983 128.491507
146.031688 128.718344
145.315179 128.919429
144.599457 129.094762
143.884522 129.244343
143.170375 129.368171
142.457014 129.466248
141.744440 129.538572
141.032653 129.585144
140.321654 129.605964
139.611441 129.601031
138.902015 129.570347
138.193376 129.513910
137.485525 129.431721
136.778460 129.323780
136.072182 129.190087
135.366692 129.030641
134.661988 128.845443
133.958071 128.634493
133.254941 128.397791
132.552599 128.135337
131.851043 127.847130
131.150274 127.533172
130.450293 127.193461
129.751098 126.827998
129.052690 126.436782
128.355070 126.019815
127.658236 125.577095
126.962189 125.108623
126.266929 124.614399
125.572457 124.094423
124.878771 123.548695
124.185872 122.977214
123.493761 122.379981
122.802436 121.756996
122.111898 121.108259
121.422148 120.433770
120.733184 119.733528
120.045007 119.007534
119.357618 118.255788
118.671594 117.481700
117.990408 116.705729
117.314640 115.931287
116.644290 115.158372
115.979357 114.386984
115.319841 113.617125
114.665742 112.848793
114.017061 112.081989
113.373797 111.316713
112.735950 110.552964
112.103521 109.790743
111.476509 109.030050
110.854914 108.270885
110.238737 107.513247
109.627977 106.757137
109.022634 106.002555
108.422709 105.249500
107.828201 104.497973
107.239111 103.747974
106.655437 102.999503
106.077182 102.252559
105.504343 101.507144
104.936922 100.763255
104.374918 100.020895
103.818331 99.280062
103.267162 98.540758
102.721410 97.802980
102.181076 97.066731
101.646159 96.332009
101.116659 95.598815
100.592576 94.867149
100.073911 94.137010
99.560663 93.408399
99.052833 92.681316
98.550420 91.955761
98.053424 91.231733
97.561845 90.509234
97.075684 89.788261
96.594940 89.068817
96.119614 88.350900
95.649705 87.634511
95.185213 86.919650
94.726139 86.206317
94.272481 85.494511
93.824242 84.784233
93.381419 84.075482
92.944014 83.368260
92.512026 82.662565
92.085456 81.958398
91.664303 81.255759
91.248567 80.554647
90.838249 79.855063
90.433348 79.157007
90.033864 78.460478
89.639798 77.765478
89.251148 77.072005
88.867917 76.380059
88.490102 75.689642
88.117705 75.000752
87.750726 74.313390
87.389163 73.627556
87.033018 72.943249
86.682291 72.260470
86.336980 71.579219
85.997087 70.899496
85.662612 70.221300
85.333553 69.544632
85.009912 68.869492
84.691689 68.195879
84.378882 67.523794
84.071493 66.853237
83.769522 66.184208
83.472967 65.516706
83.181831 64.850733
82.896111 64.186286
82.615809 63.523368
82.340924 62.861977
82.071456 62.202115
81.807406 61.543779
81.548773 60.886972
81.295557 60.231692
81.047759 59.577940
80.805378 58.925716
80.568415 58.275019
80.336868 57.625851
80.110739 56.978209
79.890028 56.332096
79.674734 55.687511
79.464857 55.044453
79.260397 54.402923
79.061355 53.762920
78.867730 53.124445
78.679523 52.487498
78.496733 51.852079
78.319360 51.218188
78.147404 50.585824
77.980866 49.954988
77.819745 49.325680
77.664042 48.697899
77.513756 48.071646
77.368887 47.446921
77.229435 46.823724
77.095401 46.202054
76.966784 45.581912
76.843585 44.963298
76.725803 44.346212
76.613438 43.730653
76.506491 43.116622
76.404960 42.504119
76.308848 41.893143
76.218152 41.283695
76.132874 40.675775
76.053013 40.069383
75.978570 39.464518
75.909544 38.861181
75.845935 38.259372
75.787744 37.659091
75.734970 37.060337
75.687613 36.463111
75.645674 35.867413
75.609152 35.273242
75.578047 34.680600
75.552359 34.089485
75.532089 33.499897
75.517237 32.911838
75.504432 32.327030
75.485441 31.749687
75.459888 31.180001
75.427774 30.617971
75.389098 30.063599
75.343861 29.516883
75.292062 28.977823
75.233702 28.446421
75.168781 27.922675
75.097298 27.406586
75.019254 26.898154
74.934648 26.397378
74.843481 25.904260
74.745752 25.418798
74.641462 24.940992
74.530611 24.470844
74.413198 24.008352
74.289224 23.553517
74.158688 23.106338
74.021591 22.666817
73.877932 22.234952
73.727712 21.810743
73.570931 21.394192
73.407588 20.985297
73.237684 20.584059
73.061218 20.190478
72.878191 19.804553
72.688602 19.426285
72.492452 19.055674
72.289741 18.692720
72.080468 18.337422
71.864634 17.989781
71.642238 17.649797
71.413281 17.317470
71.177763 16.992799
70.935683 16.675785
70.687042 16.366428
70.431839 16.064727
70.170075 15.770684
69.901749 15.484297
69.626862 15.205566
69.345413 14.934493
69.057403 14.671076
68.762832 14.415316
68.461699 14.167212
68.154005 13.926766
67.839749 13.693976
67.518932 13.468843
67.191554 13.251366
66.857614 13.041547
66.517113 12.839384
66.170050 12.644877
65.816426 12.458028
65.456240 12.278835
65.089493 12.107299
64.716185 11.943420
64.336315 11.787197
63.949884 11.638631
63.556891 11.497722
63.157337 11.364470
62.751221 11.238874
62.338544 11.120935
61.919306 11.010653
61.493506 10.908027
61.061145 10.813059
60.622222 10.725747
60.176738 10.646091
59.724692 10.574093
59.266085 10.509751
58.800917 10.453066
58.329187 10.404038
57.850896 10.362666
57.366043 10.328951
56.874629 10.302893
56.376653 10.284491
55.872117 10.273747
55.361018 10.270659
54.843358 10.275228
54.319137 10.287453
53.788354 10.307335
53.251010 10.334874
52.707105 10.370070
52.156638 10.412922
51.599610 10.463432
51.036020 10.521598
50.465869 10.587420
49.889156 10.660900
49.305882 10.742036
48.716046 10.830828
48.119649 10.927278
47.516691 11.031384
46.907171 11.143147
46.291090 11.262567
45.668448 11.389644
45.039244 11.524377
44.403478 11.666767
43.761151 11.816813
43.112263 11.974517
42.456813 12.139877
41.794802 12.312894
41.126229 12.493567
40.451095 12.681898
39.769400 12.877885
39.081143 13.081529
38.386325 13.292829
37.684945 13.511787
36.977004 13.738401
36.262501 13.972671
35.541437 14.214599
34.813812 14.464183
34.079625 14.721424
33.338877 14.986322
32.591567 15.258876
31.837696 15.539087
31.077263 15.826955
30.310269 16.122480
29.536714 16.425661
28.756597 16.736499
27.969919 17.054994
27.176679 17.381145
26.376878 17.714953
25.570516 18.056418
24.757592 18.405540
23.938106 18.762319
23.112059 19.126754
