283.808643 -97.224761
283.748048 -94.059178
283.680647 -90.929084
283.606440 -87.834478
283.525428 -84.775361
283.437610 -81.751734
283.342987 -78.763595
283.241558 -75.810944
283.133324 -72.893783
283.018284 -70.012110
282.896439 -67.165926
282.767788 -64.355231
282.632331 -61.580025
282.490069 -58.840308
282.341002 -56.136079
282.185128 -53.467339
282.022450 -50.834088
281.852965 -48.236326
281.676676 -45.674052
281.493580 -43.147268
281.303679 -40.655972
281.106973 -38.200165
280.903461 -35.779847
280.693143 -33.395017
280.476020 -31.045677
280.252091 -28.731825
280.021357 -26.453462
279.783817 -24.210588
279.539472 -22.003202
279.288321 -19.831306
279.030364 -17.694898
278.765602 -15.593979
278.494035 -13.528549
278.215661 -11.498607
277.930483 -9.504155
277.638498 -7.545191
277.339709 -5.621716
277.034113 -3.733730
276.721712 -1.881232
276.402506 -0.064224
276.076494 1.717296
275.743676 3.463327
275.404053 5.173869
275.057624 6.848923
274.704390 8.488487
274.344350 10.092563
273.977505 11.661150
273.603854 13.194248
273.223397 14.691858
272.836135 16.153978
272.442068 17.580610
272.041195 18.971753
271.633516 20.327407
271.219032 21.647572
270.797742 22.932249
270.369647 24.181437
269.934746 25.395136
269.493039 26.573346
269.044527 27.716067
268.589210 28.823300
268.127087 29.895044
267.658158 30.931299
267.182424 31.932065
266.699884 32.897342
266.210539 33.827131
265.714388 34.721430
265.211431 35.580241
264.701669 36.403563
264.185102 37.191397
263.661729 37.943741
263.131550 38.660597
262.594566 39.341964
262.050776 39.987842
261.500181 40.598231
260.942780 41.173132
260.378573 41.712544
259.807561 42.216467
259.229744 42.684901
258.645121 43.117846
258.053692 43.515303
257.455458 43.877270
256.850418 44.203749
256.238573 44.494739
255.619922 44.750241
254.994465 44.970253
254.362203 45.154777
253.723136 45.303812
253.077263 45.417358
252.424584 45.495415
251.765100 45.537984
251.098810 45.545063
250.425715 45.516654
249.745814 45.452756
249.059108 45.353370
248.365596 45.218494
247.665278 45.048130
246.958155 44.842277
246.244226 44.600935
245.523492 44.324104
244.795952 44.011785
244.061607 43.663976
243.320456 43.280679
242.572500 42.861893
241.817738 42.407619
241.056170 41.917855
240.287797 41.392603
239.512619 40.831862
238.730635 40.235632
237.941845 39.603913
237.146250 38.936705
236.343849 38.234009
235.534642 37.495824
234.718630 36.722150
233.895813 35.912987
233.066190 35.068336
232.229761 34.188195
231.386527 33.272566
230.536487 32.321448
229.679642 31.334841
228.815991 30.312746
227.945535 29.255162
227.068273 28.162088
226.184206 27.033526
225.293333 25.869476
224.395654 24.669936
223.491426 23.436699
222.586281 22.209174
221.682525 21.003483
220.780156 19.819626
219.879175 18.657604
218.979582 17.517415
218.081377 16.399061
217.184560 15.302541
216.289131 14.227854
215.395090 13.175002
214.502437 12.143984
213.611171 11.134800
212.721294 10.147451
211.832805 9.181935
210.945703 8.238253
210.059989 7.316406
209.175664 6.416392
208.292726 5.538213
207.411176 4.681868
206.531014 3.847357
205.652240 3.034680
204.774854 2.243837
203.898856 1.474829
203.024246 0.727654
202.151024 0.002314
201.279189 -0.701193
200.408743 -1.382865
199.539685 -2.042703
198.672014 -2.680707
197.805731 -3.296877
196.940837 -3.891213
196.077330 -4.463715
195.215211 -5.014382
194.354480 -5.543216
193.495137 -6.050215
192.637182 -6.535380
191.780615 -6.998712
190.925436 -7.440209
190.071645 -7.859872
189.219241 -8.257700
188.368226 -8.633695
187.518598 -8.987856
186.670359 -9.320182
185.823507 -9.630675
184.978044 -9.919333
184.133968 -10.186157
183.291280 -10.431147
182.449980 -10.654303
181.610068 -10.855625
180.771544 -11.035113
179.934408 -11.192767
179.098660 -11.328586
178.264299 -11.442572
177.431327 -11.534723
176.599743 -11.605040
175.769546 -11.653523
174.940738 -11.680172
174.113317 -11.684987
173.287284 -11.667968
172.462639 -11.629114
171.639383 -11.568427
170.817514 -11.485905
169.997033 -11.381550
169.177940 -11.255360
168.360234 -11.107336
167.543917 -10.937478
166.728988 -10.745786
165.915447 -10.532260
165.103293 -10.296900
164.292528 -10.039705
163.483150 -9.760677
162.675160 -9.459814
161.868559 -9.137117
161.063345 -8.792586
160.259519 -8.426221
159.457081 -8.038022
158.656031 -7.627989
157.856369 -7.196122
157.058095 -6.742420
156.261209 -6.266885
155.465710 -5.769515
154.671600 -5.250312
153.878878 -4.709274
153.087543 -4.146402
152.297596 -3.561696
151.509038 -2.955156
150.721867 -2.326781
149.936084 -1.676573
149.151689 -1.004530
148.368682 -0.310654
147.587063 0.405057
146.806832 1.142602
146.027989 1.901981
145.250534 2.683194
144.474467 3.486241
143.699787 4.311122
142.926496 5.157837
142.154592 6.026387
141.384077 6.916770
140.614949 7.828988
139.847209 8.763040
139.080857 9.718926
138.315893 10.696646
137.552318 11.696200
136.790129 12.717588
136.029329 13.760811
135.269917 14.825867
134.511893 15.912758
133.755257 17.021482
133.000008 18.152041
132.246148 19.304434
131.493675 20.478661
130.742591 21.674722
129.992894 22.892617
129.244585 24.132347
128.497664 25.393910
127.752131 26.677308
127.007986 27.982539
126.265229 29.309605
125.523860 30.658505
124.783879 32.029239
124.045286 33.421807
123.308081 34.836209
122.572263 36.272445
121.837834 37.730516
121.105312 39.205375
120.377821 40.666751
119.655881 42.109599
118.939491 43.533919
118.228652 44.939710
117.523363 46.326973
116.823625 47.695708
116.129437 49.045915
115.440800 50.377593
114.757714 51.690743
114.080178 52.985364
113.408193 54.261458
112.741758 55.519023
112.080874 56.758060
111.425540 57.978568
110.775757 59.180549
110.131524 60.364001
109.492842 61.528924
108.859711 62.675320
108.232130 63.803187
107.610100 64.912526
106.993620 66.003336
106.382691 67.075618
105.777312 68.129372
105.177484 69.164598
104.583207 70.181295
103.994480 71.179465
103.411303 72.159105
102.833678 73.120218
102.261603 74.062802
101.695078 74.986858
101.134104 75.892386
100.578680 76.779385
100.028807 77.647856
99.484485 78.497799
98.945713 79.329214
98.412492 80.142100
97.884821 80.936458
97.362701 81.712288
96.846131 82.469589
96.335112 83.208362
95.829644 83.928607
95.329726 84.630324
94.835359 85.313512
94.346542 85.978172
93.863276 86.624304
93.385560 87.251907
92.913395 87.860982
92.446781 88.451529
91.985717 89.023548
91.530203 89.577038
91.080240 90.112000
90.635828 90.628434
90.196966 91.126339
89.763655 91.605716
89.335895 92.066565
88.913685 92.508886
88.497025 92.932678
88.085916 93.337942
87.680358 93.724678
87.280350 94.092885
86.885893 94.442564
86.496987 94.773715
86.113631 95.086338
85.735825 95.380432
85.363570 95.655998
84.996866 95.913036
84.635712 96.151545
84.280109 96.371526
83.930056 96.572979
83.585554 96.755904
83.246602 96.920300
82.913201 97.066168
82.585351 97.193508
82.263051 97.302319
81.946302 97.392603
81.635103 97.464357
81.329455 97.517584
81.029357 97.552282
80.734810 97.568452
80.445814 97.566094
80.162368 97.545208
79.884473 97.505793
79.612128 97.447850
79.345334 97.371378
79.084090 97.276379
78.828397 97.162851
78.578254 97.030794
78.333662 96.880210
78.094621 96.711097
77.861130 96.523456
77.633190 96.317287
77.410800 96.092589
77.193961 95.849363
76.982672 95.587609
76.776934 95.307326
76.576747 95.008515
76.382110 94.691176
76.193024 94.355309
76.009488 94.000913
75.831503 93.627989
75.659068 93.236537
75.492184 92.826556
75.330850 92.398048
75.175067 91.951011
75.024835 91.485445
74.880153 91.001352
74.741022 90.498730
74.607441 89.977579
74.479411 89.437901
74.356931 88.879694
74.240002 88.302959
74.128624 87.707696
74.022796 87.093904
73.922519 86.461584
73.827792 85.810736
73.738616 85.141359
73.654990 84.453455
73.576915 83.747021
73.504391 83.022060
73.437417 82.278570
73.375993 81.516553
73.320121 80.736006
73.269798 79.936932
73.225027 79.119329
73.182736 78.288792
73.135422 77.458993
73.082744 76.630555
73.024702 75.803477
72.961296 74.977760
72.892526 74.153403
72.818391 73.330407
72.738893 72.508770
72.654031 71.688495
72.563804 70.869579
72.468214 70.052024
72.367259 69.235830
72.260940 68.420996
72.149257 67.607522
72.032211 66.795408
71.909800 65.984655
71.782025 65.175263
71.648885 64.367231
71.510382 63.560559
71.366515 62.755247
71.217284 61.951296
71.062688 61.148706
70.902729 60.347475
70.737405 59.547606
70.566717 58.749096
70.390666 57.951947
70.209250 57.156158
70.022470 56.361730
69.830326 55.568662
69.632818 54.776955
69.429946 53.986608
69.221710 53.197621
69.008109 52.409994
68.789145 51.623729
68.564816 50.838823
68.335124 50.055278
68.100067 49.273093
67.859647 48.492269
67.613862 47.712805
67.362713 46.934701
67.106200 46.157958
66.844323 45.382575
66.577082 44.608553
66.304477 43.835891
66.026508 43.064589
65.743174 42.294648
65.454477 41.526067
65.160415 40.758847
64.860990 39.992987
64.556200 39.228487
64.246046 38.465348
63.930529 37.703569
63.609647 36.943151
63.283401 36.184093
62.951791 35.426395
62.614817 34.670058
62.272479 33.915081
61.924776 33.161464
61.571710 32.409208
61.213280 31.658312
60.849485 30.908777
60.480327 30.160602
60.105804 29.413788
59.725917 28.668333
59.340666 27.924240
58.950051 27.181506
58.554072 26.440133
58.152729 25.700121
57.746022 24.961469
57.333951 24.224177
56.916516 23.488246
56.493716 22.753675
56.065553 22.020464
55.632026 21.288614
55.193134 20.558124
54.748878 19.828994
54.299259 19.101225
53.844275 18.374817
53.383927 17.649769
52.918215 16.926081
52.447139 16.203753
51.970699 15.482786
51.488894 14.763180
51.001726 14.044933
50.509194 13.328047
50.011297 12.612522
49.508037 11.898357
48.999412 11.185552
48.485423 10.474108
47.966071 9.764024
47.441354 9.055300
46.911273 8.347937
46.375828 7.641934
45.835019 6.937292
45.288846 6.234010
44.737308 5.532089
44.180407 4.831527
43.618142 4.132327
43.050512 3.434486
42.477519 2.738006
41.899161 2.042887
41.315439 1.349127
40.726354 0.656729
40.131904 -0.034310
39.532090 -0.723988
38.926912 -1.412305
38.316370 -2.099263
37.700463 -2.784859
37.079193 -3.469096
36.452559 -4.151972
35.820560 -4.833488
35.183198 -5.513643
34.540471 -6.192438
33.892381 -6.869872
33.238926 -7.545946
32.580107 -8.220660
31.915924 -8.894013
31.246377 -9.566006
30.571466 -10.236639
29.891191 -10.905911
29.205552 -11.573823
28.514549 -12.240374
27.818181 -12.905565
27.116450 -13.569396
26.409354 -14.231866
