243.655609 175.019840
244.262344 170.996318
244.857045 166.999985
245.439713 163.030842
246.010346 159.088890
246.568946 155.174128
247.115512 151.286555
247.650045 147.426173
248.172543 143.592981
248.683008 139.786978
249.181438 136.008166
249.667835 132.256544
250.142198 128.532112
250.604527 124.834870
251.054823 121.164818
251.493084 117.521956
251.919312 113.906284
252.333506 110.317803
252.735666 106.756511
253.125792 103.222409
253.503884 99.715498
253.869943 96.235776
254.223967 92.783245
254.565958 89.357903
254.895915 85.959752
255.213838 82.588790
255.519728 79.245019
255.813583 75.928438
256.095405 72.639047
256.365193 69.376845
256.622947 66.141834
256.868667 62.934013
257.102353 59.753382
257.324006 56.599941
257.533624 53.473690
257.731209 50.374630
257.916760 47.302759
258.090277 44.258078
258.251760 41.240587
258.401210 38.250287
258.538625 35.287176
258.664007 32.351256
258.777355 29.442525
258.878669 26.560985
258.967949 23.706635
259.045196 20.879474
259.110408 18.079504
259.163587 15.306724
259.204732 12.561134
259.233843 9.842734
259.250920 7.151524
259.255964 4.487504
259.248973 1.850674
259.229949 -0.758966
259.198891 -3.341416
259.155799 -5.896676
259.100673 -8.424745
259.033514 -10.925625
258.954320 -13.399315
258.863093 -15.845814
258.759832 -18.265124
258.644537 -20.657243
258.517208 -23.022173
258.377845 -25.359912
258.226449 -27.670461
258.063019 -29.953820
257.887554 -32.209990
257.700056 -34.438969
257.500525 -36.640758
257.288959 -38.815357
257.065359 -40.962766
256.829726 -43.082985
256.582059 -45.176014
256.322358 -47.241852
256.050623 -49.280501
255.766854 -51.291960
255.471052 -53.276228
255.163215 -55.233307
254.843345 -57.163196
254.511441 -59.065894
254.167503 -60.941402
253.811532 -62.789721
253.443526 -64.610849
253.063487 -66.404787
252.671414 -68.171536
252.267307 -69.911094
251.851166 -71.623462
251.422991 -73.308640
250.982782 -74.966628
250.530540 -76.597426
250.066264 -78.201034
249.589954 -79.777452
249.101610 -81.326680
248.601232 -82.848717
248.088820 -84.343565
247.564375 -85.811223
247.027896 -87.251690
246.479383 -88.664968
245.918836 -90.051055
245.346255 -91.409953
244.761640 -92.741660
244.164992 -94.046177
243.556310 -95.323505
242.935594 -96.573642
242.302844 -97.796589
241.658060 -98.992346
241.001242 -100.160913
240.332391 -101.302290
239.651505 -102.416477
238.958586 -103.503474
238.253633 -104.563281
237.536647 -105.595898
236.807626 -106.601324
236.066571 -107.579561
235.313483 -108.530608
234.548361 -109.454464
233.771205 -110.351131
232.982015 -111.220607
232.180791 -112.062894
231.367534 -112.877990
230.542243 -113.665896
229.704917 -114.426613
228.855558 -115.160139
227.994166 -115.866475
227.120739 -116.545621
226.235747 -117.198061
225.349500 -117.834442
224.466217 -118.459120
223.585896 -119.072094
222.708539 -119.673365
221.834145 -120.262932
220.962713 -120.840796
220.094245 -121.406957
219.228740 -121.961415
218.366198 -122.504169
217.506619 -123.035219
216.650003 -123.554567
215.796350 -124.062211
214.945661 -124.558151
214.097934 -125.042388
213.253171 -125.514922
212.411370 -125.975753
211.572533 -126.424880
210.736659 -126.862303
209.903747 -127.288024
209.073799 -127.702041
208.246814 -128.104354
207.422792 -128.494965
206.601733 -128.873872
205.783638 -129.241075
204.968505 -129.596575
204.156335 -129.940372
203.347129 -130.272465
202.540885 -130.592855
201.737605 -130.901542
200.937288 -131.198525
200.139933 -131.483805
199.345542 -131.757382
198.554114 -132.019255
197.765649 -132.269425
196.980147 -132.507891
196.197608 -132.734654
195.418033 -132.949714
194.641420 -133.153070
193.867770 -133.344723
193.097084 -133.524673
192.329361 -133.692919
191.564600 -133.849462
190.802803 -133.994301
190.043969 -134.127437
189.288098 -134.248870
188.535190 -134.358600
187.785245 -134.456626
187.038263 -134.542948
186.294244 -134.617567
185.553189 -134.680483
184.815096 -134.731696
184.079967 -134.771205
183.347800 -134.799011
182.618597 -134.815113
181.892356 -134.819512
181.169079 -134.812208
180.448765 -134.793200
179.731414 -134.762489
179.017026 -134.720075
178.305601 -134.665957
177.597140 -134.600136
176.891641 -134.522611
176.189105 -134.433383
175.489533 -134.332452
174.792923 -134.219817
174.099277 -134.095479
173.408594 -133.959438
172.720873 -133.811693
172.036116 -133.652245
171.354322 -133.481094
170.675491 -133.298239
169.999623 -133.103680
169.326719 -132.897419
168.656777 -132.679454
167.989798 -132.449785
167.325783 -132.208414
166.664730 -131.955339
166.006641 -131.690560
165.351515 -131.414078
164.699351 -131.125893
164.050151 -130.826005
163.403914 -130.514413
162.760640 -130.191117
162.120329 -129.856119
161.482982 -129.509417
160.848597 -129.151011
160.217175 -128.780902
159.588717 -128.399090
158.963221 -128.005575
158.340689 -127.600356
157.721119 -127.183434
157.104513 -126.754808
156.490870 -126.314479
155.880190 -125.862447
155.272473 -125.398711
154.667719 -124.923272
154.065928 -124.436129
153.467100 -123.937283
152.871236 -123.426734
152.278334 -122.904482
151.688396 -122.370526
151.101420 -121.824866
150.517408 -121.267504
149.936358 -120.698438
149.358272 -120.117668
148.783149 -119.525195
148.210989 -118.921019
147.641792 -118.305140
147.075558 -117.677557
146.512288 -117.038270
145.951980 -116.387281
145.394635 -115.724588
144.840254 -115.050191
144.288835 -114.364092
143.740380 -113.666288
143.194888 -112.956782
142.652358 -112.235572
142.112792 -111.502659
141.576189 -110.758042
141.042549 -110.001722
140.511872 -109.233699
139.984159 -108.453972
139.459408 -107.662542
138.937620 -106.859409
138.418591 -106.045816
137.901096 -105.229234
137.384929 -104.410905
136.870090 -103.590830
136.356581 -102.769009
135.844400 -101.945443
135.333548 -101.120130
134.824025 -100.293071
134.315830 -99.464267
133.808964 -98.633716
133.303427 -97.801420
132.799219 -96.967377
132.296339 -96.131589
131.794789 -95.294054
131.294566 -94.454774
130.795673 -93.613747
130.298109 -92.770975
129.801873 -91.926457
129.306966 -91.080192
128.813387 -90.232182
128.321138 -89.382426
127.830217 -88.530923
127.340625 -87.677675
126.852362 -86.822681
126.365427 -85.965941
125.879821 -85.107455
125.395544 -84.247222
124.912596 -83.385244
124.430976 -82.521520
123.950686 -81.656050
123.471724 -80.788834
122.994090 -79.919872
122.517786 -79.049164
122.042810 -78.176710
121.569163 -77.302510
121.096845 -76.426565
120.625855 -75.548873
120.156194 -74.669435
119.687862 -73.788251
119.220859 -72.905321
118.755184 -72.020646
118.290839 -71.134224
117.827821 -70.246056
117.366133 -69.356142
116.905774 -68.464483
116.446743 -67.571077
115.989041 -66.675926
115.532667 -65.779028
115.077623 -64.880385
114.623907 -63.979995
114.171520 -63.077860
113.720462 -62.173978
113.270732 -61.268351
112.822331 -60.360977
112.375259 -59.451858
111.929516 -58.540993
111.485102 -57.628381
111.042016 -56.714024
110.600259 -55.797921
110.159830 -54.880072
109.720731 -53.960476
109.282960 -53.039135
108.846518 -52.116048
108.411405 -51.191215
107.977620 -50.264636
107.545164 -49.336311
107.114037 -48.406240
106.684239 -47.474423
106.255769 -46.540860
105.828629 -45.605551
105.402817 -44.668496
104.978333 -43.729695
104.555179 -42.789148
104.133353 -41.846855
103.712856 -40.902816
103.293688 -39.957032
102.875848 -39.009501
102.459337 -38.060224
102.044155 -37.109201
101.630302 -36.156433
101.217777 -35.201918
100.806581 -34.245657
100.396714 -33.287651
99.988176 -32.327898
99.580967 -31.366400
99.175086 -30.403155
98.770534 -29.438165
98.367310 -28.471428
97.965416 -27.502946
97.564850 -26.532717
97.165613 -25.560743
96.767705 -24.587023
96.371125 -23.611556
95.975874 -22.634344
95.581952 -21.655386
95.189359 -20.674681
94.798094 -19.692231
94.408159 -18.708035
94.019552 -17.722093
93.632273 -16.734405
93.246324 -15.744970
92.861703 -14.753790
92.478411 -13.760864
92.096448 -12.766192
91.715813 -11.769774
91.336507 -10.771610
90.958530 -9.771700
90.581882 -8.770044
90.206562 -7.766642
89.832572 -6.761495
89.459910 -5.754601
89.088576 -4.745961
88.718572 -3.735575
88.349896 -2.723443
87.982549 -1.709566
87.616531 -0.693942
87.251841 0.323428
86.888480 1.342543
86.526448 2.363405
86.165745 3.386013
85.806370 4.410366
85.448325 5.436466
85.091607 6.464311
84.736219 7.493903
84.382160 8.525240
84.028351 9.553642
83.672156 10.567663
83.313457 11.566784
82.952252 12.551003
82.588543 13.520323
82.222329 14.474741
81.853609 15.414259
81.482384 16.338877
81.108655 17.248593
80.732420 18.143410
80.353680 19.023325
79.972435 19.888340
79.588686 20.738454
79.202431 21.573668
78.813671 22.393981
78.422406 23.199393
78.028636 23.989905
77.632360 24.765516
77.233580 25.526226
76.832295 26.272036
76.428505 27.002945
76.022209 27.718954
75.613409 28.420062
75.202104 29.106269
74.788293 29.777576
74.371978 30.433982
73.953157 31.075487
73.531831 31.702092
73.108001 32.313796
72.681665 32.910599
72.252824 33.492502
71.821478 34.059504
71.387627 34.611606
70.951272 35.148807
70.512411 35.671107
70.071044 36.178507
69.627173 36.671006
69.180797 37.148605
68.731916 37.611302
68.280530 38.059100
67.826638 38.491996
67.370242 38.909992
66.911341 39.313087
66.449934 39.701282
65.986023 40.074576
65.519606 40.432969
65.050685 40.776462
64.579258 41.105054
64.105326 41.418746
63.628889 41.717537
63.149948 42.001427
62.668501 42.270416
62.184549 42.524505
61.698092 42.763694
61.209130 42.987982
60.717663 43.197369
60.223691 43.391855
59.727213 43.571441
59.228231 43.736126
58.726744 43.885911
58.222752 44.020795
57.716254 44.140778
57.207252 44.245861
56.695744 44.336043
56.181732 44.411324
55.665214 44.471705
55.146192 44.517185
54.624664 44.547764
54.100631 44.563443
53.574093 44.564222
53.045051 44.550099
52.513503 44.521076
51.979450 44.477153
51.442892 44.418328
50.903829 44.344603
50.362261 44.255978
49.818187 44.152452
49.271609 44.034025
48.722526 43.900697
48.170938 43.752469
47.616844 43.589341
47.060246 43.411311
46.501142 43.218381
45.939534 43.010551
45.375420 42.787820
44.808802 42.550188
44.239678 42.297655
43.668049 42.030222
43.093916 41.747888
42.517277 41.450654
41.938133 41.138519
41.356484 40.811483
40.772330 40.469547
40.185671 40.112710
39.596507 39.740973
39.004838 39.354335
38.410664 38.952796
37.813984 38.536356
37.214800 38.105016
36.613111 37.658776
36.008916 37.197634
35.402217 36.721592
34.793012 36.230650
34.181303 35.724807
33.567088 35.204063
32.950369 34.668418
32.331144 34.117873
31.709414 33.552428
31.085179 32.972081
30.458440 32.376834
29.829195 31.766687
29.197445 31.141638
28.563190 30.501689
27.926430 29.846840
27.287165 29.177090
26.645394 28.492439
26.001119 27.792888
25.354339 27.078436
24.705054 26.349083
24.053263 25.604830
23.398968 24.845676
22.742167 24.071621
22.082862 23.282666
21.421051 22.478810
20.756736 21.660054
