169.403685 -247.593198
170.226264 -242.040913
171.039436 -236.538918
171.843201 -231.087214
172.637559 -225.685801
173.422511 -220.334679
174.198055 -215.033847
174.964192 -209.783306
175.720923 -204.583055
176.468247 -199.433095
177.206163 -194.333426
177.934673 -189.284047
178.653776 -184.284959
179.363472 -179.336162
180.063762 -174.437655
180.754644 -169.589439
181.436119 -164.791514
182.108188 -160.043879
182.770849 -155.346535
183.424104 -150.699481
184.067952 -146.102718
184.702392 -141.556246
185.327426 -137.060064
185.943053 -132.614173
186.549274 -128.218573
187.146087 -123.873263
187.733493 -119.578244
188.311493 -115.333516
188.880085 -111.139078
189.439271 -106.994931
189.989049 -102.901074
190.529421 -98.857508
191.060386 -94.864233
191.581944 -90.921248
192.094095 -87.028554
192.596839 -83.186151
193.090177 -79.394038
193.574107 -75.652216
194.048631 -71.960685
194.513747 -68.319444
194.969457 -64.728494
195.415760 -61.187834
195.852655 -57.697465
196.280144 -54.257387
196.698226 -50.867599
197.106902 -47.528102
197.506170 -44.238896
197.896031 -40.999980
198.276486 -37.811355
198.647533 -34.673021
199.009174 -31.584977
199.361408 -28.547224
199.704234 -25.559761
200.037654 -22.622589
200.361667 -19.735708
200.676274 -16.899117
200.981473 -14.112817
201.277265 -11.376808
201.563651 -8.691089
201.840629 -6.055661
202.108201 -3.470524
202.366365 -0.935677
202.615123 1.548879
202.854474 3.983145
203.084418 6.367120
203.304955 8.700804
203.516085 10.984198
203.717809 13.217301
203.910125 15.400113
204.093034 17.532635
204.266537 19.614866
204.430633 21.646806
204.585322 23.628456
204.730603 25.559815
204.866478 27.440884
204.992946 29.271661
205.110008 31.052149
205.217662 32.782345
205.315909 34.462251
205.404750 36.091867
205.484183 37.671191
205.554210 39.200225
205.614830 40.678969
205.666042 42.107422
205.707848 43.485584
205.740247 44.813455
205.763239 46.091036
205.776825 47.318327
205.781003 48.495326
205.775774 49.622035
205.761139 50.698454
205.737096 51.724581
205.703647 52.700418
205.660791 53.625965
205.608528 54.501221
205.546858 55.326186
205.475781 56.100860
205.395297 56.825244
205.305406 57.499337
205.206109 58.123140
205.097404 58.696652
204.979293 59.219873
204.851775 59.692804
204.714849 60.115444
204.568517 60.487793
204.412778 60.809852
204.247632 61.081620
204.073079 61.303098
203.889120 61.474285
203.695753 61.595181
203.492979 61.665787
203.280799 61.686102
203.059212 61.656126
202.828217 61.575860
202.587816 61.445303
202.338008 61.264455
202.078793 61.033317
201.810171 60.751888
201.532142 60.420169
201.244707 60.038159
200.947864 59.605858
200.641615 59.123266
200.325958 58.590384
200.000895 58.007212
199.666425 57.373748
199.322765 56.691515
198.974706 55.993972
198.624205 55.294807
198.271263 54.594020
197.915879 53.891612
197.558055 53.187581
197.197789 52.481928
196.835083 51.774654
196.469935 51.065757
196.102346 50.355239
195.732316 49.643098
195.359844 48.929336
194.984932 48.213952
194.607578 47.496945
194.227783 46.778317
193.845547 46.058067
193.460870 45.336195
193.073751 44.612701
192.684192 43.887586
192.292191 43.160848
191.897749 42.432488
191.500866 41.702506
191.101542 40.970903
190.699776 40.237678
190.295570 39.502830
189.888922 38.766361
189.479833 38.028270
189.068303 37.288556
188.654332 36.547221
188.237920 35.804264
187.819066 35.059685
187.397771 34.313484
186.974035 33.565662
186.547858 32.816217
186.119240 32.065150
185.688181 31.312462
185.254680 30.558151
184.818738 29.802219
184.380355 29.044664
183.939531 28.285488
183.496266 27.524690
183.050560 26.762270
182.602412 25.998227
182.151823 25.232563
181.698793 24.465277
181.243322 23.696370
180.785410 22.925840
180.325057 22.153688
179.862262 21.379914
179.397026 20.604519
178.929349 19.827501
178.459231 19.048862
177.986672 18.268601
177.511672 17.486717
177.034230 16.703212
176.554347 15.918085
176.072023 15.131336
175.587258 14.342965
175.100052 13.552972
174.610404 12.761357
174.118316 11.968120
173.623786 11.173261
173.126815 10.376781
172.627403 9.578678
172.125550 8.778954
171.621255 7.977607
171.114520 7.174639
170.605343 6.370049
170.093725 5.563836
169.579666 4.756002
169.063166 3.946546
168.544224 3.135468
168.022842 2.322768
167.499018 1.508446
166.972753 0.692503
166.444047 -0.125063
165.912899 -0.944251
165.379311 -1.765060
164.843281 -2.587492
164.304811 -3.411545
163.763899 -4.237221
163.220545 -5.064518
162.674751 -5.893437
162.126516 -6.723978
161.575839 -7.556141
161.022721 -8.389926
160.467162 -9.225333
159.909162 -10.062362
159.348721 -10.901013
158.785838 -11.741285
158.220515 -12.583180
157.652750 -13.426697
157.082544 -14.271835
156.509897 -15.118596
155.934809 -15.966978
155.357279 -16.816982
154.777309 -17.668608
154.194897 -18.521856
153.610044 -19.376727
153.022750 -20.233219
152.433014 -21.091332
151.840838 -21.951068
151.246220 -22.812426
150.649161 -23.675406
150.049661 -24.540007
149.447720 -25.406231
148.843338 -26.274076
148.236514 -27.143544
147.627250 -28.014633
147.015544 -28.887344
146.401397 -29.761678
145.784809 -30.637633
145.165780 -31.515210
144.544309 -32.394409
143.920397 -33.275230
143.294045 -34.157672
142.665251 -35.041737
142.034015 -35.927424
141.400339 -36.814732
140.764222 -37.703663
140.125663 -38.594215
139.484663 -39.486390
138.841222 -40.380186
138.195340 -41.275604
137.547017 -42.172645
136.896984 -43.069425
136.249631 -43.954658
135.605689 -44.826460
134.965158 -45.684833
134.328039 -46.529776
133.694331 -47.361290
133.064035 -48.179373
132.437150 -48.984027
131.813676 -49.775251
131.193613 -50.553046
130.576962 -51.317411
129.963723 -52.068345
129.353894 -52.805851
128.747477 -53.529926
128.144471 -54.240572
127.544877 -54.937788
126.948694 -55.621574
126.355922 -56.291931
125.766562 -56.948857
125.180613 -57.592354
124.598075 -58.222422
124.018949 -58.839059
123.443234 -59.442267
122.870930 -60.032045
122.302038 -60.608393
121.736557 -61.171312
121.174487 -61.720801
120.615829 -62.256860
120.060582 -62.779489
119.508746 -63.288689
118.960322 -63.784459
118.415309 -64.266799
117.873707 -64.735709
117.335517 -65.191190
116.800738 -65.633241
116.269370 -66.061862
115.741414 -66.477053
115.216869 -66.878815
114.695735 -67.267147
114.178013 -67.642049
113.663702 -68.003522
113.152803 -68.351564
112.645314 -68.686177
112.141238 -69.007360
111.640572 -69.315114
111.143318 -69.609438
110.649475 -69.890332
110.159043 -70.157796
109.672023 -70.411830
109.188414 -70.652435
108.708217 -70.879610
108.231431 -71.093356
107.758056 -71.293671
107.288092 -71.480557
106.821540 -71.654013
106.358399 -71.814039
105.898670 -71.960636
105.442352 -72.093803
104.989445 -72.213540
104.539949 -72.319847
104.093865 -72.412725
103.651192 -72.492173
103.211931 -72.558191
102.776081 -72.610779
102.343642 -72.649938
101.914615 -72.675667
101.488999 -72.687966
101.066794 -72.686835
100.648001 -72.672275
100.232618 -72.644285
99.820648 -72.602865
99.412088 -72.548016
99.006940 -72.479736
98.605204 -72.398027
98.206878 -72.302889
97.811964 -72.194320
97.420461 -72.072322
97.032370 -71.936894
96.647690 -71.788036
96.266421 -71.625749
95.888564 -71.450032
95.514118 -71.260885
95.143083 -71.058308
94.775460 -70.842302
94.411248 -70.612865
94.050448 -70.369999
93.693058 -70.113704
93.339080 -69.843978
92.988514 -69.560823
92.641358 -69.264238
92.297614 -68.954224
91.957282 -68.630779
91.620361 -68.293905
91.286851 -67.943601
90.956752 -67.579868
90.630065 -67.202705
90.306789 -66.812111
89.986924 -66.408089
89.670471 -65.990636
89.357429 -65.559754
89.047799 -65.115442
88.741580 -64.657700
88.438772 -64.186529
88.139375 -63.701927
87.843390 -63.203896
87.550816 -62.692436
87.261654 -62.167545
86.975903 -61.629225
86.693563 -61.077475
86.414634 -60.512295
86.139117 -59.933686
85.867011 -59.341647
85.598317 -58.736178
85.333034 -58.117279
85.071162 -57.484950
84.812701 -56.839192
84.557652 -56.180004
84.306015 -55.507387
84.057788 -54.821339
83.812973 -54.121862
83.571569 -53.408955
83.333577 -52.682619
83.098996 -51.942852
82.867826 -51.189656
82.640068 -50.423031
82.413588 -49.649175
82.183174 -48.883244
81.948588 -48.125927
81.709830 -47.377225
81.466901 -46.637136
81.219800 -45.905661
80.968528 -45.182801
80.713084 -44.468554
80.453469 -43.762921
80.189682 -43.065902
79.921723 -42.377498
79.649593 -41.697707
79.373291 -41.026530
79.092817 -40.363967
78.808172 -39.710018
78.519356 -39.064683
78.226368 -38.427963
77.929208 -37.799856
77.627876 -37.180363
77.322373 -36.569484
77.012699 -35.967219
76.698853 -35.373568
76.380835 -34.788531
76.058646 -34.212108
75.732285 -33.644299
75.401752 -33.085104
75.067048 -32.534523
74.728173 -31.992556
74.385125 -31.459203
74.037907 -30.934464
73.686516 -30.418339
73.330954 -29.910828
72.971220 -29.411930
72.607315 -28.921647
72.239239 -28.439978
71.866990 -27.966923
71.490570 -27.502482
71.109979 -27.046655
70.725216 -26.599441
70.336281 -26.160842
69.943174 -25.730857
69.545897 -25.309486
69.144447 -24.896728
68.738826 -24.492585
68.329033 -24.097056
67.915069 -23.710140
67.496933 -23.331839
67.074626 -22.962152
66.648147 -22.601078
66.217496 -22.248619
65.782674 -21.904774
65.343680 -21.569542
64.900515 -21.242925
64.453178 -20.924921
64.001669 -20.615532
63.545989 -20.314756
63.086138 -20.022595
62.622114 -19.739047
62.153919 -19.464114
61.681553 -19.197794
61.205015 -18.940089
60.724305 -18.690997
60.239424 -18.450520
59.750371 -18.218656
59.257147 -17.995407
58.759751 -17.780771
58.258183 -17.574749
57.752444 -17.377342
57.242533 -17.188548
56.728451 -17.008368
56.210197 -16.836803
55.687771 -16.673851
55.161174 -16.519513
54.630405 -16.373789
54.095465 -16.236680
53.556353 -16.108184
53.013070 -15.988302
52.465615 -15.877034
51.913988 -15.774380
51.358190 -15.680341
50.798220 -15.594915
50.234079 -15.518103
49.665766 -15.449905
49.093281 -15.390321
48.516625 -15.339351
47.935797 -15.296995
47.350798 -15.263253
46.761627 -15.238125
46.168284 -15.221611
45.570770 -15.213711
44.969084 -15.214425
44.363227 -15.223753
43.753198 -15.241695
43.138998 -15.268251
42.520626 -15.303421
41.898082 -15.347205
41.271367 -15.399603
40.640480 -15.460615
40.005422 -15.530241
39.366192 -15.608481
38.722790 -15.695335
38.075217 -15.790802
37.423472 -15.894884
36.767556 -16.007580
36.107468 -16.128890
35.443208 -16.258814
34.774777 -16.397351
34.102174 -16.544503
33.425400 -16.700269
32.744454 -16.864649
32.059337 -17.037642
31.370048 -17.219250
30.676587 -17.409472
29.978955 -17.608307
29.277151 -17.815757
28.571175 -18.031820
27.861028 -18.256498
27.146710 -18.489790
26.428220 -18.731695
25.705558 -18.982215
24.978725 -19.241348
24.247720 -19.509096
23.512543 -19.785457
22.773195 -20.070433
22.029675 -20.364022
