244.780749 173.442742
245.421527 171.981747
246.047926 170.517135
246.659945 169.048906
247.257585 167.577061
247.840846 166.101599
248.409727 164.622520
248.964228 163.139824
249.504350 161.653512
250.030092 160.163583
250.541455 158.670037
251.038439 157.172874
251.521043 155.672095
251.989268 154.167699
252.443113 152.659686
252.882579 151.148056
253.307665 149.632810
253.718372 148.113947
254.114699 146.591467
254.496647 145.065370
254.864215 143.535657
255.217404 142.002327
255.556213 140.465380
255.880643 138.924817
256.190694 137.380637
256.486365 135.832840
256.767656 134.281426
257.034568 132.726396
257.287101 131.167749
257.525254 129.605485
257.749028 128.039604
257.958422 126.470107
258.153437 124.896993
258.334072 123.320262
258.500328 121.739914
258.652204 120.155950
258.789701 118.568369
258.912818 116.977171
259.021556 115.382357
259.115914 113.783926
259.195893 112.181878
259.261493 110.576213
259.312713 108.966932
259.349553 107.354033
259.372014 105.737519
259.380096 104.117387
259.373798 102.493639
259.353121 100.866273
259.318064 99.235292
259.268628 97.600693
259.204812 95.962478
259.126617 94.320646
259.034042 92.675197
258.927088 91.026131
258.805754 89.373449
258.670041 87.717150
258.519949 86.057234
258.355477 84.393702
258.176625 82.726553
257.983394 81.055787
257.775784 79.381404
257.553794 77.703405
257.317424 76.021789
257.066676 74.336556
256.801547 72.647706
256.522039 70.955240
256.228152 69.259157
255.919885 67.559457
255.597239 65.856140
255.260214 64.149207
254.908808 62.438657
254.543024 60.724490
254.162860 59.006707
253.768316 57.285306
253.359393 55.560289
252.936091 53.831656
252.498409 52.099405
252.046347 50.363538
251.579907 48.624054
251.099086 46.880954
250.603886 45.134236
250.094307 43.383902
249.570348 41.629951
249.032010 39.872384
248.479292 38.111199
247.912195 36.346398
247.330718 34.577981
246.734862 32.805946
246.124627 31.030295
245.500012 29.251027
244.861017 27.468142
244.207643 25.681641
243.539890 23.891522
242.857757 22.097787
242.161244 20.300436
241.450353 18.499467
240.725081 16.694882
239.985430 14.886680
239.231400 13.074862
238.462990 11.259426
237.680201 9.440374
236.883032 7.617705
236.071484 5.791420
235.245557 3.961518
234.405250 2.127999
233.550563 0.290863
232.681497 -1.549890
231.798051 -3.394259
230.900226 -5.242245
229.988022 -7.093848
229.061438 -8.949067
228.120475 -10.807903
227.165132 -12.670356
226.195410 -14.536426
225.211308 -16.406112
224.212827 -18.279415
223.199966 -20.156335
222.172726 -22.036872
221.131106 -23.921025
220.075107 -25.808795
219.004728 -27.700182
217.919970 -29.595185
216.820833 -31.493806
215.707316 -33.396043
214.579419 -35.301896
213.437908 -37.210570
212.299606 -39.104538
211.171395 -40.976631
210.053275 -42.826848
208.945247 -44.655190
207.847310 -46.461656
206.759465 -48.246247
205.681711 -50.008963
204.614048 -51.749803
203.556477 -53.468768
202.508997 -55.165857
201.471609 -56.841071
200.444312 -58.494409
199.427106 -60.125872
198.419992 -61.735460
197.422969 -63.323172
196.436038 -64.889009
195.459198 -66.432970
194.492449 -67.955056
193.535792 -69.455266
192.589226 -70.933601
191.652751 -72.390061
190.726368 -73.824645
189.810076 -75.237354
188.903876 -76.628187
188.007767 -77.997145
187.121749 -79.344228
186.245823 -80.669435
185.379988 -81.972766
184.524245 -83.254223
183.678593 -84.513803
182.843032 -85.751509
182.017563 -86.967339
181.202185 -88.161293
180.396898 -89.333372
179.601703 -90.483576
178.816599 -91.611904
178.041587 -92.718357
177.276666 -93.802935
176.521836 -94.865637
175.777098 -95.906463
175.042451 -96.925414
174.317896 -97.922490
173.603432 -98.897690
172.899059 -99.851015
172.204778 -100.782464
171.520588 -101.692038
170.846490 -102.579737
170.182483 -103.445560
169.528567 -104.289508
168.884743 -105.111580
168.251010 -105.911777
167.627368 -106.690099
167.013818 -107.446545
166.410359 -108.181115
165.816992 -108.893811
165.233716 -109.584630
164.660531 -110.253575
164.097438 -110.900644
163.544436 -111.525837
163.001526 -112.129155
162.468707 -112.710598
161.945979 -113.270165
161.433343 -113.807857
160.930798 -114.323673
160.438344 -114.817614
159.955982 -115.289680
159.483711 -115.739870
159.021532 -116.168184
158.569444 -116.574624
158.127447 -116.959188
157.695542 -117.321876
157.273728 -117.662689
156.862006 -117.981627
156.460375 -118.278689
156.068835 -118.553875
155.687387 -118.807187
155.316030 -119.038623
154.954765 -119.248183
154.603590 -119.435868
154.262508 -119.601678
153.931516 -119.745612
153.610616 -119.867670
153.299808 -119.967854
152.999091 -120.046162
152.708465 -120.102594
152.427931 -120.137151
152.157488 -120.149833
151.897136 -120.140639
151.646876 -120.109570
151.406707 -120.056625
151.176629 -119.981805
150.956643 -119.885110
150.746749 -119.766539
150.546945 -119.626092
150.357233 -119.463771
150.177613 -119.279573
150.008084 -119.073501
149.848646 -118.845553
149.699300 -118.595729
149.560045 -118.324030
149.430881 -118.030456
149.311809 -117.715006
149.202828 -117.377681
149.103939 -117.018481
149.015141 -116.637405
148.936434 -116.234453
148.867819 -115.809626
148.809295 -115.362924
148.760862 -114.894346
148.722521 -114.403893
148.694271 -113.891565
148.676113 -113.357361
148.668046 -112.801281
148.670071 -112.223327
148.682186 -111.623496
148.704394 -111.001791
148.736692 -110.358210
148.779082 -109.692753
148.831564 -109.005421
148.894136 -108.296214
148.966800 -107.565131
149.049556 -106.812173
149.142403 -106.037339
149.245341 -105.240630
149.356173 -104.424793
149.461713 -103.606311
149.559762 -102.787933
149.650320 -101.969658
149.733389 -101.151485
149.808967 -100.333416
149.877054 -99.515449
149.937652 -98.697586
149.990759 -97.879826
150.036375 -97.062168
150.074502 -96.244614
150.105137 -95.427163
150.128283 -94.609815
150.143938 -93.792569
150.152103 -92.975427
150.152778 -92.158388
150.145962 -91.341452
150.131656 -90.524619
150.109860 -89.707889
150.080573 -88.891262
150.043796 -88.074738
149.999529 -87.258316
149.947771 -86.441998
149.888523 -85.625783
149.821784 -84.809671
149.747555 -83.993662
149.665836 -83.177756
149.576627 -82.361954
149.479927 -81.546254
149.375737 -80.730657
149.264056 -79.915163
149.144886 -79.099772
149.018225 -78.284484
148.884073 -77.469299
148.742431 -76.654218
148.593299 -75.839239
148.436677 -75.024363
148.272564 -74.209590
148.100961 -73.394921
147.921867 -72.580354
147.735283 -71.765890
147.541209 -70.951530
147.339644 -70.137272
147.130590 -69.323117
146.914044 -68.509066
146.690009 -67.695117
146.458483 -66.881272
146.219467 -66.067529
145.972960 -65.253890
145.718963 -64.440353
145.457476 -63.626920
145.188498 -62.813589
144.912030 -62.000362
144.628072 -61.187237
144.336624 -60.374216
144.037685 -59.561297
143.731255 -58.748482
143.417336 -57.935770
143.095926 -57.123161
142.767025 -56.310654
142.430635 -55.498251
142.086754 -54.685951
141.735383 -53.873753
141.376521 -53.061659
141.010169 -52.249668
140.636327 -51.437780
140.254994 -50.625995
139.866171 -49.814313
139.469858 -49.002734
139.066054 -48.191257
138.654760 -47.379884
138.235975 -46.568614
137.809701 -45.757447
137.375936 -44.946383
136.934680 -44.135422
136.485935 -43.324564
136.029699 -42.513809
135.565972 -41.703157
135.094755 -40.892609
134.616048 -40.082163
134.129851 -39.271820
133.636163 -38.461580
133.134985 -37.651443
132.626317 -36.841409
132.110158 -36.031479
131.586509 -35.221651
131.055369 -34.411926
130.516740 -33.602304
129.970619 -32.792786
129.417009 -31.983370
128.855908 -31.174057
128.287317 -30.364848
127.711236 -29.555741
127.127664 -28.746737
126.536602 -27.937837
125.938049 -27.129039
125.332006 -26.320345
124.718473 -25.511753
124.097450 -24.703265
123.468936 -23.894879
122.832932 -23.086597
122.189437 -22.278417
121.538452 -21.470341
120.879977 -20.662367
120.214011 -19.854497
119.540556 -19.046730
118.859609 -18.239065
118.171173 -17.431504
117.475246 -16.624046
116.771829 -15.816690
116.060921 -15.009438
115.342523 -14.202289
114.616635 -13.395243
113.883256 -12.588300
113.142387 -11.781459
112.394028 -10.974722
111.638179 -10.168088
110.874839 -9.361557
110.104008 -8.555129
109.325688 -7.748804
108.539877 -6.942582
107.746575 -6.136463
106.945784 -5.330447
106.137502 -4.524534
105.321729 -3.718724
104.501537 -2.916726
103.684428 -2.127610
102.870745 -1.351786
102.060487 -0.589254
101.253655 0.159984
100.450247 0.895930
99.650265 1.618583
98.853708 2.327943
98.060577 3.024010
97.270871 3.706784
96.484590 4.376266
95.701734 5.032455
94.922304 5.675352
94.146299 6.304955
93.373719 6.921266
92.604564 7.524284
91.838835 8.114009
91.076531 8.690441
90.317653 9.253581
89.562199 9.803427
88.810171 10.339981
88.061568 10.863243
87.316391 11.373211
86.574639 11.869887
85.836312 12.353270
85.101410 12.823360
84.369933 13.280157
83.641882 13.723662
82.917257 14.153874
82.196056 14.570793
81.478281 14.974419
80.763931 15.364753
80.053006 15.741793
79.345507 16.105541
78.641432 16.455997
77.940784 16.793159
77.243560 17.117029
76.549762 17.427606
75.859389 17.724890
75.172441 18.008881
74.488919 18.279580
73.808821 18.536985
73.132149 18.781098
72.458903 19.011919
71.789082 19.229446
71.122686 19.433681
70.459715 19.624623
69.800169 19.802272
69.144049 19.966628
68.491354 20.117692
67.842085 20.255463
67.196240 20.379941
66.553821 20.491126
65.914827 20.589018
65.279259 20.673618
64.647116 20.744925
64.018398 20.802939
63.393105 20.847661
62.771238 20.879089
62.152796 20.897225
61.537779 20.902068
60.926187 20.893618
60.318021 20.871876
59.713280 20.836841
59.111965 20.788513
58.514074 20.726892
57.919609 20.651978
57.328569 20.563772
56.740955 20.462273
56.156766 20.347481
55.576002 20.219396
54.998663 20.078019
54.424750 19.923348
53.854261 19.755385
53.287199 19.574130
52.723561 19.379581
52.163349 19.171740
51.606562 18.950606
51.053200 18.716179
50.503264 18.468459
49.956752 18.207447
49.413667 17.933142
48.874006 17.645544
48.337771 17.344653
47.804961 17.030469
47.275576 16.702993
46.749617 16.362224
46.227082 16.008162
45.707974 15.640808
45.192290 15.260160
44.680032 14.866220
44.171199 14.458987
43.665791 14.038461
43.163808 13.604643
42.665251 13.157532
42.170119 12.697128
41.678413 12.223431
41.190131 11.736441
40.705275 11.236159
40.223845 10.722584
39.745839 10.195716
39.271259 9.655555
38.800104 9.102102
38.332374 8.535356
37.868070 7.955317
37.407191 7.361985
36.949737 6.755360
36.495709 6.135443
36.045105 5.502233
35.597927 4.855730
35.154175 4.195934
34.713847 3.522846
34.276945 2.836465
33.843469 2.136791
33.413417 1.423824
32.986791 0.697565
32.563590 -0.041988
32.143814 -0.794833
31.727464 -1.560971
31.314539 -2.340401
30.905039 -3.133125
30.498964 -3.939141
30.096315 -4.758450
29.697091 -5.591051
29.301292 -6.436946
