247.858991 -169.014558
246.188832 -162.678516
244.532838 -156.402894
242.891010 -150.187691
241.263348 -144.032907
239.649851 -137.938544
238.050520 -131.904599
236.465354 -125.931074
234.894354 -120.017969
233.337520 -114.165282
231.794851 -108.373016
230.266348 -102.641169
228.752011 -96.969741
227.251839 -91.358733
225.765833 -85.808144
224.293992 -80.317975
222.836317 -74.888225
221.392808 -69.518894
219.963464 -64.209983
218.548286 -58.961492
217.147274 -53.773420
215.760427 -48.645767
214.387745 -43.578534
213.029230 -38.571720
211.684880 -33.625326
210.354695 -28.739351
209.038676 -23.913796
207.736823 -19.148660
206.449135 -14.443944
205.175613 -9.799647
203.916257 -5.215769
202.671066 -0.692311
201.440041 3.770728
200.223181 8.173347
199.020487 12.515546
197.831959 16.797327
196.657596 21.018687
195.497399 25.179629
194.351368 29.280150
193.219502 33.320253
192.101802 37.299936
190.998267 41.219199
189.908898 45.078043
188.833694 48.876468
187.772657 52.614473
186.725784 56.292059
185.693078 59.909225
184.674537 63.465972
183.670161 66.962299
182.679952 70.398207
181.703908 73.773695
180.742029 77.088764
179.794316 80.343413
178.860769 83.537643
177.941387 86.671454
177.036171 89.744845
176.145121 92.757817
175.268236 95.710369
174.405517 98.602502
173.556963 101.434215
172.722575 104.205509
171.902352 106.916383
171.096296 109.566838
170.304405 112.156873
169.526679 114.686489
168.763119 117.155686
168.013725 119.564463
167.278496 121.912820
166.557433 124.200759
165.850535 126.428277
165.157803 128.595377
164.479237 130.702056
163.814837 132.748317
163.164602 134.734158
162.528532 136.659579
161.906628 138.524581
161.298890 140.329163
160.705317 142.073326
160.125911 143.757070
159.560669 145.380394
159.009593 146.943299
158.472683 148.445784
157.949939 149.887850
157.441360 151.269496
156.946947 152.590723
156.466699 153.851530
156.000617 155.051918
155.548700 156.191887
155.110949 157.271436
154.687364 158.290565
154.277945 159.249275
153.882691 160.147566
153.501602 160.985437
153.134679 161.762889
152.781922 162.479921
152.443331 163.136534
152.118905 163.732728
151.808644 164.268501
151.512550 164.743856
151.230621 165.158791
150.962857 165.513306
150.709259 165.807403
150.469827 166.041079
150.244560 166.214336
150.033459 166.327174
149.836524 166.379592
149.653754 166.371591
149.485150 166.303170
149.330711 166.174330
149.190438 165.985071
149.064331 165.735392
148.952389 165.425293
148.854613 165.054775
148.771003 164.623838
148.701558 164.132481
148.646278 163.580705
148.605165 162.968509
148.578217 162.295894
148.565434 161.562859
148.566817 160.769405
148.582366 159.915531
148.612080 159.001238
148.655960 158.026526
148.714006 156.991394
148.786217 155.895843
148.871944 154.742067
148.956891 153.578353
149.035210 152.424456
149.106900 151.280375
149.171962 150.146110
149.230396 149.021661
149.282201 147.907029
149.327378 146.802213
149.365927 145.707213
149.397847 144.622030
149.423139 143.546662
149.441802 142.481111
149.453838 141.425376
149.459245 140.379458
149.458023 139.343356
149.450173 138.317069
149.435695 137.300600
149.414589 136.293946
149.386854 135.297109
149.352491 134.310088
149.311499 133.332883
149.263880 132.365494
149.209631 131.407922
149.148755 130.460166
149.081250 129.522226
149.007117 128.594102
148.926355 127.675795
148.838966 126.767304
148.744947 125.868629
148.644301 124.979771
148.537026 124.100728
148.423123 123.231502
148.302591 122.372092
148.175431 121.522499
148.041643 120.682721
147.901227 119.852760
147.754182 119.032615
147.600508 118.222287
147.440207 117.421775
147.273277 116.631078
147.099719 115.850199
146.919532 115.079135
146.732717 114.317888
146.539274 113.566456
146.339202 112.824842
146.132502 112.093043
145.919174 111.371061
145.699217 110.658895
145.472632 109.956545
145.239419 109.264011
144.999577 108.581294
144.753107 107.908393
144.500009 107.245308
144.240282 106.592039
143.973927 105.948587
143.700944 105.314951
143.421332 104.691131
143.135092 104.077127
142.842224 103.472940
142.542727 102.878569
142.236602 102.294014
141.923848 101.719275
141.604467 101.154353
141.278457 100.599247
140.945818 100.053957
140.606551 99.518483
140.260656 98.992826
139.908133 98.476984
139.548981 97.970960
139.183201 97.474751
138.810792 96.988359
138.431756 96.511782
138.046090 96.045022
137.653797 95.588079
137.254875 95.140951
136.849325 94.703640
136.437146 94.276145
136.018340 93.858467
135.592904 93.450604
135.160841 93.052558
134.722149 92.664328
134.276829 92.285915
133.824880 91.917317
133.366303 91.558536
132.901098 91.209571
132.429265 90.870422
131.950803 90.541090
131.465712 90.221574
130.973994 89.911874
130.475647 89.611990
129.970672 89.321923
129.459068 89.041672
128.940836 88.771237
128.415976 88.510618
127.884487 88.259816
127.346370 88.018829
126.801625 87.787659
126.250251 87.566306
125.692249 87.354768
125.127619 87.153047
124.556360 86.961142
123.978473 86.779053
123.393958 86.606781
122.802814 86.444325
122.205042 86.291685
121.600642 86.148861
120.989613 86.015854
120.371956 85.892663
119.747671 85.779288
119.116757 85.675729
118.479215 85.581986
117.835044 85.498060
117.184246 85.423950
116.526819 85.359657
115.862763 85.305179
115.192079 85.260518
114.514767 85.225673
113.830827 85.200644
113.140258 85.185432
112.443061 85.180035
111.739236 85.184455
111.028782 85.198692
110.311700 85.222744
109.587989 85.256613
108.857650 85.300298
108.122030 85.351397
107.389209 85.395491
106.660535 85.430180
105.936006 85.455462
105.215624 85.471338
104.499389 85.477807
103.787300 85.474870
103.079357 85.462526
102.375560 85.440776
101.675910 85.409619
100.980406 85.369057
100.289048 85.319087
99.601837 85.259712
98.918772 85.190930
98.239853 85.112741
97.565081 85.025146
96.894455 84.928145
96.227975 84.821737
95.565641 84.705923
94.907454 84.580703
94.253413 84.446076
93.603519 84.302042
92.957771 84.148603
92.316169 83.985756
91.678713 83.813504
91.045404 83.631845
90.416241 83.440779
89.791225 83.240308
89.170355 83.030429
88.553631 82.811145
87.941053 82.582454
87.332622 82.344356
86.728337 82.096852
86.128198 81.839942
85.532206 81.573625
84.940360 81.297902
84.352660 81.012773
83.769107 80.718237
83.189700 80.414295
82.614439 80.100946
82.043324 79.778191
81.476356 79.446029
80.913534 79.104461
80.354859 78.753487
79.800330 78.393106
79.249947 78.023319
78.703710 77.644125
78.161620 77.255525
77.623676 76.857519
77.089879 76.450106
76.560228 76.033287
76.034723 75.607061
75.513364 75.171429
74.996152 74.726390
74.483086 74.271945
73.974166 73.808094
73.469393 73.334836
72.968766 72.852172
72.472285 72.360102
71.979951 71.858625
71.491763 71.347741
71.007721 70.827452
70.527825 70.297755
70.052076 69.758653
69.580474 69.210144
69.113017 68.652228
68.649707 68.084907
68.190543 67.508178
67.735526 66.922044
67.284654 66.326503
66.837929 65.721555
66.395351 65.107201
65.956919 64.483441
65.522633 63.850274
65.092493 63.207701
64.666500 62.555722
64.244653 61.894336
63.826952 61.223543
63.413398 60.543345
63.003990 59.853740
62.598728 59.154728
62.197613 58.446310
61.800644 57.728486
61.407821 57.001255
61.019145 56.264618
60.634614 55.518574
60.254231 54.763124
59.877993 53.998267
59.505902 53.224005
59.137957 52.440335
58.774159 51.647260
58.414506 50.844778
58.059001 50.032889
57.707641 49.211594
57.360428 48.380893
57.017361 47.540785
56.678440 46.691271
56.343666 45.832350
56.013038 44.964023
55.686556 44.086290
55.364221 43.199150
55.046032 42.302604
54.731989 41.396651
54.422093 40.481292
54.116343 39.556527
53.814739 38.622355
53.517282 37.678777
53.223971 36.725792
52.934806 35.763401
52.649787 34.791604
52.368915 33.810400
52.092189 32.819790
51.819610 31.819773
51.551177 30.810350
51.286890 29.791520
51.026749 28.763284
50.770755 27.725642
50.518907 26.678593
50.271205 25.622138
50.027650 24.556276
49.788241 23.481008
49.552979 22.396334
49.321862 21.302253
49.094892 20.198766
48.872069 19.085872
48.652204 17.971368
48.432399 16.874309
48.212521 15.795562
47.992570 14.735126
47.772546 13.693002
47.552449 12.669189
47.332279 11.663688
47.112035 10.676498
46.891719 9.707621
46.671330 8.757054
46.450868 7.824800
46.230333 6.910856
46.009725 6.015225
45.789044 5.137905
45.568290 4.278897
45.347463 3.438200
45.126563 2.615814
44.905590 1.811741
44.684544 1.025979
44.463425 0.258528
44.242233 -0.490611
44.020968 -1.221438
43.799630 -1.933954
43.578219 -2.628158
43.356735 -3.304050
43.135178 -3.961631
42.913548 -4.600900
42.691845 -5.221858
42.470070 -5.824504
42.248221 -6.408839
42.026299 -6.974862
41.804304 -7.522574
41.582236 -8.051973
41.360095 -8.563062
41.137882 -9.055838
40.915595 -9.530304
40.693235 -9.986457
40.470802 -10.424299
40.248296 -10.843829
40.025718 -11.245048
39.803066 -11.627955
39.580341 -11.992551
39.357543 -12.338835
39.134673 -12.666807
38.911729 -12.976468
38.688712 -13.267818
38.465623 -13.540855
38.242460 -13.795581
38.019224 -14.031996
37.795916 -14.250099
37.572534 -14.449890
37.349080 -14.631370
37.125552 -14.794538
36.901951 -14.939395
36.678278 -15.065940
36.454531 -15.174173
36.230712 -15.264095
36.006819 -15.335705
35.782854 -15.389004
35.558815 -15.423991
35.334704 -15.440667
35.110519 -15.439031
34.886262 -15.419083
34.661931 -15.380824
34.437528 -15.324253
34.213051 -15.249371
33.988502 -15.156177
33.763879 -15.044671
33.539184 -14.914854
33.314416 -14.766725
33.089574 -14.600285
32.864660 -14.415533
32.639672 -14.212470
32.414612 -13.991094
32.189479 -13.751408
31.964272 -13.493410
31.738993 -13.217100
31.513641 -12.922478
31.288215 -12.609545
31.062717 -12.278301
30.837146 -11.928745
30.611502 -11.560877
30.385784 -11.174698
30.159994 -10.770207
29.934131 -10.347404
29.708195 -9.906290
29.482185 -9.446864
29.256103 -8.969127
29.029948 -8.473078
28.803720 -7.958718
28.577419 -7.426046
28.351045 -6.875062
28.124597 -6.305767
27.898077 -5.718161
27.671484 -5.112242
27.444818 -4.488012
27.218079 -3.845471
26.991267 -3.184618
26.764382 -2.505453
26.537424 -1.807977
26.310393 -1.092189
26.083289 -0.358090
25.856112 0.394321
25.628862 1.165044
25.401539 1.954078
25.174143 2.761424
24.946674 3.587081
24.719132 4.431050
24.491517 5.293331
24.263829 6.173923
24.036068 7.072826
23.808234 7.990042
23.580327 8.925568
23.352347 9.879407
23.124294 10.851557
22.896168 11.842018
22.667970 12.850792
22.439698 13.877876
22.211353 14.923273
21.982935 15.986981
21.754444 17.069000
21.525880 18.169331
21.297244 19.287974
21.068534 20.424928
20.839751 21.580194
