288.708128 -81.532918
288.653903 -80.810528
288.595282 -80.091591
288.532264 -79.376107
288.464851 -78.664078
288.393042 -77.955502
288.316836 -77.250379
288.236235 -76.548710
288.151238 -75.850495
288.061845 -75.155733
287.968056 -74.464425
287.869871 -73.776571
287.767290 -73.092170
287.660313 -72.411223
287.548940 -71.733730
287.433171 -71.059690
287.313006 -70.389103
287.188445 -69.721971
287.059488 -69.058291
286.926135 -68.398066
286.788386 -67.741294
286.646241 -67.087976
286.499700 -66.438111
286.348764 -65.791700
286.193431 -65.148742
286.033702 -64.509239
285.869578 -63.873188
285.701057 -63.240592
285.528140 -62.611449
285.350828 -61.985759
285.169119 -61.363524
284.983014 -60.744741
284.792514 -60.129413
284.597617 -59.517538
284.398325 -58.909117
284.194636 -58.304149
283.986552 -57.702635
283.774072 -57.104574
283.557195 -56.509967
283.335923 -55.918814
283.110254 -55.331114
282.880190 -54.746868
282.645730 -54.166076
282.406874 -53.588737
282.163621 -53.014852
281.915973 -52.444420
281.663929 -51.877442
281.407489 -51.313918
281.146653 -50.753847
280.881420 -50.197230
280.611792 -49.644066
280.337768 -49.094356
280.059348 -48.548100
279.776532 -48.005297
279.489320 -47.465948
279.197712 -46.930052
278.901708 -46.397610
278.601309 -45.868622
278.296513 -45.343087
277.987321 -44.821006
277.673733 -44.302379
277.355749 -43.787205
277.033369 -43.275485
276.706594 -42.767218
276.375422 -42.262405
276.039854 -41.761046
275.699891 -41.263140
275.355531 -40.768688
275.006775 -40.277689
274.653624 -39.790144
274.296076 -39.306053
273.934133 -38.825415
273.567793 -38.348231
273.197058 -37.874501
272.821926 -37.404224
272.442399 -36.937400
272.058475 -36.474031
271.670156 -36.014115
271.277440 -35.557652
270.880329 -35.104643
270.478822 -34.655088
270.072919 -34.208986
269.662619 -33.766338
269.247924 -33.327144
268.828833 -32.891403
268.405346 -32.459116
267.977462 -32.030282
267.545183 -31.604902
267.108508 -31.182976
266.667437 -30.764503
266.221970 -30.349484
265.772107 -29.937919
265.317848 -29.529807
264.859193 -29.125148
264.396142 -28.723944
263.928695 -28.326193
263.456852 -27.931895
262.980613 -27.541051
262.499979 -27.153661
262.014948 -26.769724
261.525521 -26.389241
261.031698 -26.012212
260.533479 -25.638636
260.030865 -25.268514
259.523854 -24.901845
259.012447 -24.538631
258.496645 -24.178869
257.976446 -23.822561
257.451852 -23.469707
256.922861 -23.120307
256.389474 -22.774360
255.851692 -22.431867
255.309513 -22.092827
254.762939 -21.757241
254.211969 -21.425108
253.656602 -21.096429
253.096840 -20.771204
252.532681 -20.449433
251.964127 -20.131115
251.391177 -19.816250
250.813830 -19.504839
250.232088 -19.196882
249.645950 -18.892379
249.055416 -18.591329
248.460486 -18.293732
247.861192 -17.999418
247.258247 -17.704623
246.651943 -17.407806
246.042280 -17.108967
245.429257 -16.808107
244.812875 -16.505225
244.193134 -16.200322
243.570033 -15.893397
242.943574 -15.584451
242.313754 -15.273483
241.680576 -14.960493
241.044038 -14.645482
240.404141 -14.328450
239.760884 -14.009395
239.114268 -13.688320
238.464293 -13.365222
237.810958 -13.040104
237.154264 -12.712963
236.494211 -12.383801
235.830799 -12.052618
235.164027 -11.719413
234.493896 -11.384186
233.820405 -11.046938
233.143555 -10.707668
232.463346 -10.366377
231.779778 -10.023064
231.092850 -9.677730
230.402563 -9.330374
229.708916 -8.980996
229.011910 -8.629597
228.311545 -8.276176
227.607821 -7.920734
226.900737 -7.563271
226.190294 -7.203785
225.476491 -6.842278
224.759330 -6.478750
224.038809 -6.113200
223.314928 -5.745629
222.587688 -5.376036
221.857089 -5.004421
221.123131 -4.630785
220.385813 -4.255127
219.645136 -3.877448
218.901100 -3.497747
218.153704 -3.116025
217.402949 -2.732281
216.648835 -2.346515
215.891361 -1.958728
215.130528 -1.568919
214.366336 -1.177089
213.598784 -0.783238
212.827873 -0.387364
212.053602 0.010531
211.275973 0.410447
210.494984 0.812385
209.710636 1.216344
208.922928 1.622325
208.131861 2.030328
207.337435 2.440352
206.539649 2.852398
205.738504 3.266465
204.934000 3.682554
204.126136 4.100664
203.314913 4.520796
202.500331 4.942950
201.682389 5.367125
200.861088 5.793321
200.036428 6.221540
199.208409 6.651779
198.377030 7.084041
197.542292 7.518323
196.704194 7.954628
195.862737 8.392954
195.017921 8.833301
194.169745 9.275670
193.318211 9.720061
192.463316 10.166473
191.605063 10.614907
190.743450 11.065362
189.878478 11.517839
189.010146 11.972337
188.138456 12.428857
187.263405 12.887399
186.384996 13.347962
185.503227 13.810546
184.618099 14.275152
183.729612 14.741780
182.837765 15.210429
181.942559 15.681100
181.043993 16.153793
180.142068 16.628506
179.236784 17.105242
178.328141 17.583999
177.416138 18.064778
176.500776 18.547578
175.582055 19.032399
174.659974 19.519243
173.734534 20.008108
172.805734 20.498994
171.873576 20.991902
170.938058 21.486831
169.999180 21.983782
169.056944 22.482755
168.111348 22.983749
167.162392 23.486765
166.210078 23.991802
165.254404 24.498861
164.295370 25.007941
163.332978 25.519043
162.367226 26.032167
161.398114 26.547312
160.425644 27.064478
159.449814 27.583666
158.470624 28.104876
157.488076 28.628107
156.502168 29.153360
155.512901 29.680635
154.520274 30.209930
153.524288 30.741248
152.524943 31.274587
151.522238 31.809948
150.516174 32.347330
149.506751 32.886733
148.493969 33.428159
147.477827 33.971605
146.459312 34.515511
145.444344 35.050499
144.433909 35.575006
143.428007 36.089034
142.426638 36.592580
141.429802 37.085647
140.437499 37.568232
139.449730 38.040338
138.466493 38.501963
137.487789 38.953107
136.513619 39.393772
135.543982 39.823955
134.578877 40.243659
133.618306 40.652882
132.662268 41.051624
131.710763 41.439886
130.763791 41.817668
129.821352 42.184969
128.883446 42.541790
127.950073 42.888130
127.021234 43.223990
126.096927 43.549370
125.177154 43.864269
124.261913 44.168687
123.351206 44.462626
122.445031 44.746084
121.543390 45.019061
120.646282 45.281558
119.753707 45.533575
118.865665 45.775111
117.982156 46.006167
117.103180 46.226742
116.228738 46.436837
115.358828 46.636451
114.493451 46.825585
113.632608 47.004239
112.776297 47.172412
111.924520 47.330105
111.077276 47.477318
110.234564 47.614050
109.396386 47.740301
108.562741 47.856072
107.733629 47.961363
106.909050 48.056173
106.089005 48.140503
105.273492 48.214353
104.462512 48.277722
103.656066 48.330610
102.854152 48.373018
102.056772 48.404946
101.263924 48.426394
100.475610 48.437361
99.691829 48.437847
98.912581 48.427853
98.137866 48.407379
97.367684 48.376424
96.602035 48.334989
95.840919 48.283073
95.084336 48.220677
94.332286 48.147801
93.584770 48.064444
92.841786 47.970607
92.103336 47.866289
91.369418 47.751491
90.640034 47.626213
89.915183 47.490454
89.194865 47.344214
88.479080 47.187494
87.767828 47.020294
87.061109 46.842614
86.358923 46.654453
85.661270 46.455811
84.968151 46.246689
84.279564 46.027087
83.595511 45.797004
82.915990 45.556441
82.241003 45.305398
81.570548 45.043874
80.904627 44.771869
80.243239 44.489384
79.586384 44.196419
78.934062 43.892973
78.286273 43.579047
77.643017 43.254641
77.004295 42.919754
76.370105 42.574387
75.740448 42.218539
75.115325 41.852211
74.494734 41.475402
73.878677 41.088113
73.267153 40.690344
72.660162 40.282094
72.057703 39.863363
71.459778 39.434153
70.866386 38.994462
70.277528 38.544290
69.693202 38.083638
69.113409 37.612506
68.538149 37.130893
67.967423 36.638800
67.401229 36.136226
66.839569 35.623172
66.282441 35.099638
65.729847 34.565623
65.181786 34.021127
64.638258 33.466152
64.099263 32.900695
63.564801 32.324759
63.034872 31.738342
62.509476 31.141444
61.988613 30.534067
61.472284 29.916208
60.960487 29.287870
60.453224 28.649051
59.950493 27.999751
59.452296 27.339971
58.958631 26.669711
58.469500 25.988970
57.984902 25.297749
57.504837 24.596047
57.029305 23.883865
56.558306 23.161203
56.091840 22.428060
55.629908 21.684436
55.172508 20.930333
54.719110 20.170543
54.268416 19.416788
53.820367 18.669600
53.374962 17.928978
52.932202 17.194924
52.492087 16.467437
52.054617 15.746516
51.619791 15.032163
51.187610 14.324377
50.758073 13.623157
50.331181 12.928505
49.906934 12.240420
49.485332 11.558901
49.066374 10.883950
48.650061 10.215566
48.236392 9.553748
47.825369 8.898498
47.416990 8.249815
47.011255 7.607698
46.608166 6.972149
46.207721 6.343166
45.809920 5.720751
45.414765 5.104903
45.022254 4.495621
44.632388 3.892907
44.245166 3.296760
43.860589 2.707179
43.478657 2.124166
43.099370 1.547719
42.722727 0.977840
42.348729 0.414527
41.977375 -0.142218
41.608666 -0.692396
41.242602 -1.236008
40.879183 -1.773052
40.518408 -2.303530
40.160278 -2.827440
39.804793 -3.344784
39.451952 -3.855560
39.101756 -4.359770
38.754205 -4.857412
38.409299 -5.348488
38.067037 -5.832996
37.727419 -6.310938
37.390447 -6.782312
37.056119 -7.247120
36.724436 -7.705360
36.395397 -8.157034
36.069004 -8.602140
35.745255 -9.040680
35.424150 -9.472652
35.105690 -9.898058
34.789875 -10.316896
34.476705 -10.729168
34.166179 -11.134872
33.858298 -11.534010
33.553062 -11.926580
33.250471 -12.312584
32.950524 -12.692020
32.653221 -13.064890
32.358564 -13.431192
32.066551 -13.790928
31.777183 -14.144097
31.490459 -14.490698
31.206380 -14.830733
30.924946 -15.164200
30.646157 -15.491101
30.370012 -15.811435
30.096512 -16.125201
29.825657 -16.432401
29.557446 -16.733033
29.291880 -17.027099
29.028959 -17.314598
28.768682 -17.595529
28.511050 -17.869894
28.256063 -18.137692
28.003720 -18.398922
27.754022 -18.653586
27.506969 -18.901682
27.262561 -19.143212
27.020797 -19.378175
26.781678 -19.606570
26.545203 -19.828399
26.311373 -20.043661
26.080188 -20.252355
25.851648 -20.454483
25.625752 -20.650044
25.402501 -20.839038
25.181895 -21.021464
24.963933 -21.197324
24.748616 -21.366617
24.535944 -21.529342
24.325916 -21.685501
24.118533 -21.835093
23.913795 -21.978117
23.711701 -22.114575
23.512252 -22.244466
23.315448 -22.367790
23.121289 -22.484546
22.929774 -22.594736
22.740904 -22.698359
22.554678 -22.795415
22.371098 -22.885903
22.190161 -22.969825
22.011870 -23.047180
21.836223 -23.117968
21.663221 -23.182188
21.492864 -23.239842
21.325151 -23.290929
21.160083 -23.335449
20.997660 -23.373402
20.837882 -23.404787
20.680748 -23.429606
20.526258 -23.447858
20.374414 -23.459543
20.225214 -23.464661
20.078659 -23.463212
19.934748 -23.455195
19.793483 -23.440612
19.654861 -23.419462
19.518885 -23.391745
19.385553 -23.357461
19.254866 -23.316610
19.126824 -23.269191
19.001426 -23.215206
