212.132034 212.132034
213.192100 207.307778
214.239270 202.527886
215.273544 197.792357
216.294923 193.101192
217.303406 188.454390
218.298994 183.851952
219.281686 179.293878
220.251482 174.780167
221.208383 170.310820
222.152388 165.885836
223.083498 161.505216
224.001712 157.168960
224.907031 152.877067
225.799454 148.629537
226.678981 144.426372
227.545613 140.267570
228.399350 136.153131
229.240191 132.083056
230.068136 128.057345
230.883185 124.075997
231.685339 120.139013
232.474598 116.246393
233.250961 112.398136
234.014428 108.594242
234.765000 104.834713
235.502676 101.119546
236.227457 97.448744
236.939342 93.822305
237.638332 90.240229
238.324426 86.702518
238.997624 83.209169
239.657927 79.760185
240.305334 76.355564
240.939846 72.995306
241.561462 69.679413
242.170183 66.407882
242.766008 63.180716
243.348937 59.997913
243.918971 56.859473
244.476109 53.765397
245.020352 50.715685
245.551699 47.710336
246.070151 44.749351
246.575707 41.832730
247.068367 38.960472
247.548132 36.132578
248.015001 33.349047
248.468975 30.609880
248.910053 27.915076
249.338236 25.264636
249.753523 22.658560
250.155915 20.096847
250.545410 17.579498
250.922011 15.106512
251.285716 12.677890
251.636525 10.293632
251.974438 7.953737
252.299457 5.658206
252.611579 3.407039
252.910806 1.200234
253.197137 -0.962206
253.470573 -3.080283
253.731113 -5.153996
253.978758 -7.183346
254.213507 -9.168332
254.435361 -11.108954
254.644319 -13.005213
254.840381 -14.857108
255.023548 -16.664640
255.193819 -18.427808
255.351195 -20.146612
255.495675 -21.821053
255.627260 -23.451131
255.745949 -25.036844
255.851742 -26.578194
255.944640 -28.075181
256.024642 -29.527804
256.091749 -30.936063
256.145960 -32.299959
256.187276 -33.619491
256.215696 -34.894660
256.231220 -36.125465
256.233849 -37.311906
256.223582 -38.453984
256.200420 -39.551698
256.164362 -40.605049
256.115409 -41.614036
256.053560 -42.578659
255.978815 -43.498919
255.891175 -44.374815
255.790639 -45.206348
255.677208 -45.993517
255.550881 -46.736322
255.411659 -47.434764
255.259541 -48.088842
255.094528 -48.698557
254.916619 -49.263908
254.725814 -49.784896
254.522114 -50.261519
254.305518 -50.693780
254.076027 -51.081676
253.833640 -51.425209
253.578357 -51.724379
253.310179 -51.979185
253.029106 -52.189627
252.735136 -52.355706
252.428272 -52.477421
252.108511 -52.554773
251.775855 -52.587761
251.430304 -52.576385
251.071857 -52.520646
250.700514 -52.420543
250.316276 -52.276077
249.919142 -52.087247
249.509113 -51.854053
249.086188 -51.576496
248.650368 -51.254575
248.201652 -50.888291
247.740040 -50.477643
247.265533 -50.022631
246.778130 -49.523256
246.277832 -48.979517
245.764638 -48.391415
245.238549 -47.758949
244.699970 -47.083749
244.157844 -46.401672
243.615828 -45.727385
243.073921 -45.060890
242.532125 -44.402185
241.990439 -43.751270
241.448863 -43.108147
240.907397 -42.472814
240.366041 -41.845273
239.824795 -41.225522
239.283659 -40.613561
238.742633 -40.009392
238.201717 -39.413013
237.660911 -38.824425
237.120215 -38.243628
236.579630 -37.670622
236.039154 -37.105407
235.498788 -36.547982
234.958533 -35.998348
234.418387 -35.456505
233.878352 -34.922453
233.338426 -34.396191
232.798611 -33.877720
232.258905 -33.367040
231.719310 -32.864151
231.179824 -32.369053
230.640449 -31.881745
230.101184 -31.402228
229.562029 -30.930502
229.022983 -30.466567
228.484048 -30.010423
227.945223 -29.562069
227.406508 -29.121506
226.867903 -28.688734
226.329408 -28.263753
225.791023 -27.846563
225.252748 -27.437163
224.714584 -27.035554
224.176529 -26.641736
223.638584 -26.255709
223.100749 -25.877472
222.563025 -25.507026
222.025410 -25.144371
221.487905 -24.789507
220.950511 -24.442434
220.413226 -24.103151
219.876052 -23.771660
219.338987 -23.447959
218.802033 -23.132048
218.265189 -22.823929
217.728454 -22.523600
217.191830 -22.231063
216.655316 -21.946316
216.118912 -21.669359
215.582618 -21.400194
215.046434 -21.138819
214.510360 -20.885235
213.974395 -20.639442
213.438542 -20.401440
212.902798 -20.171228
212.367164 -19.948808
211.831640 -19.734178
211.296226 -19.527339
210.760922 -19.328290
210.225729 -19.137033
209.690645 -18.953566
209.155671 -18.777890
208.620808 -18.610005
208.086054 -18.449910
207.551411 -18.297607
207.016877 -18.153094
206.482454 -18.016372
205.948140 -17.887441
205.413937 -17.766300
204.879844 -17.652951
204.345860 -17.547392
203.811987 -17.449624
203.278224 -17.359646
202.744571 -17.277460
202.211028 -17.203064
201.677595 -17.136459
201.144272 -17.077645
200.611059 -17.026622
200.077956 -16.983389
199.544963 -16.947948
199.012080 -16.920297
198.479307 -16.900436
197.946644 -16.888367
197.414092 -16.884088
196.881649 -16.887601
196.349316 -16.898904
195.817094 -16.917997
195.284981 -16.944882
194.752979 -16.979557
194.221086 -17.022023
193.689304 -17.072280
193.157631 -17.130328
192.626069 -17.196167
192.094617 -17.269796
191.563275 -17.351216
191.032042 -17.440427
190.500920 -17.537429
189.969908 -17.642221
189.439006 -17.754804
188.908214 -17.875178
188.377532 -18.003343
187.846960 -18.139299
187.316498 -18.283045
186.786146 -18.434583
186.255904 -18.593911
185.725772 -18.761029
185.195751 -18.935939
184.665839 -19.118639
184.136037 -19.309130
183.606345 -19.507412
183.076764 -19.713485
182.547292 -19.927349
182.017931 -20.149003
181.488679 -20.378448
180.959538 -20.615684
180.430506 -20.860711
179.901585 -21.113528
179.372774 -21.374136
178.844073 -21.642536
178.315481 -21.918725
177.786680 -22.201225
177.255744 -22.481145
176.722354 -22.757006
176.186510 -23.028807
175.648212 -23.296548
175.107459 -23.560230
174.564252 -23.819851
174.018590 -24.075412
173.470474 -24.326914
172.919904 -24.574356
172.366880 -24.817738
171.811401 -25.057059
171.253468 -25.292321
170.693081 -25.523524
170.130239 -25.750666
169.564943 -25.973748
168.997193 -26.192771
168.426988 -26.407733
167.854329 -26.618636
167.279215 -26.825479
166.701648 -27.028262
166.121626 -27.226985
165.539149 -27.421648
164.954219 -27.612251
164.366834 -27.798795
163.776995 -27.981278
163.184701 -28.159702
162.589953 -28.334066
161.992751 -28.504370
161.393094 -28.670614
160.790983 -28.832798
160.186418 -28.990922
159.579399 -29.144986
158.969925 -29.294991
158.357996 -29.440935
157.743614 -29.582820
157.126777 -29.720645
156.507486 -29.854410
155.885740 -29.984115
155.261541 -30.109760
154.634886 -30.231345
154.005778 -30.348871
153.374215 -30.462336
152.740198 -30.571742
152.103727 -30.677087
151.464801 -30.778373
150.823421 -30.875599
150.179586 -30.968765
149.533298 -31.057871
148.884555 -31.142918
148.233357 -31.223904
147.579706 -31.300831
146.923600 -31.373697
146.265039 -31.442504
145.604024 -31.507251
144.940555 -31.567938
144.274632 -31.624565
143.606255 -31.677132
142.935423 -31.725640
142.262136 -31.770087
141.586396 -31.810475
140.908201 -31.846802
140.227551 -31.879070
139.544448 -31.907278
138.858890 -31.931426
138.170878 -31.951514
137.480411 -31.967543
136.787490 -31.979511
136.092115 -31.987420
135.394285 -31.991268
134.694002 -31.991057
133.991263 -31.986786
133.286071 -31.978455
132.578424 -31.966064
131.868323 -31.949613
131.155767 -31.929102
130.440758 -31.904532
129.723294 -31.875901
129.003375 -31.843211
128.281002 -31.806461
127.556175 -31.765651
126.828894 -31.720781
126.099158 -31.671851
125.366968 -31.618861
124.632324 -31.561811
123.895225 -31.500702
123.155672 -31.435532
122.413664 -31.366303
121.669203 -31.293014
120.922287 -31.215665
120.172916 -31.134256
119.421092 -31.048787
118.666813 -30.959258
117.910080 -30.865670
117.150892 -30.768021
116.389250 -30.666313
115.625154 -30.560544
114.858603 -30.450716
114.089598 -30.336828
113.318139 -30.218880
112.544225 -30.096872
111.767857 -29.970805
110.989035 -29.840677
110.207759 -29.706490
109.424028 -29.568242
108.637843 -29.425935
107.849203 -29.279568
107.058109 -29.129141
106.264561 -28.974654
105.468559 -28.816107
104.670102 -28.653501
103.869191 -28.486834
103.065825 -28.316108
102.260005 -28.141322
101.451731 -27.962475
100.641003 -27.779569
99.827820 -27.592603
99.012183 -27.401577
98.194092 -27.206492
97.373546 -27.007346
96.550546 -26.804141
95.725091 -26.596875
94.897183 -26.385550
94.066820 -26.170165
93.234002 -25.950720
92.400676 -25.727755
91.571595 -25.502593
90.746975 -25.275292
89.926816 -25.045852
89.111120 -24.814275
88.299884 -24.580559
87.493110 -24.344705
86.690798 -24.106713
85.892947 -23.866582
85.099557 -23.624314
84.310629 -23.379907
83.526163 -23.133361
82.746157 -22.884678
81.970614 -22.633856
81.199532 -22.380896
80.432911 -22.125798
79.670752 -21.868561
78.913054 -21.609187
78.159817 -21.347674
77.411043 -21.084022
76.666729 -20.818233
75.926877 -20.550305
75.191487 -20.280239
74.460558 -20.008035
73.734090 -19.733693
73.012084 -19.457212
72.294540 -19.178593
71.581456 -18.897836
70.872835 -18.614940
70.168675 -18.329906
69.468976 -18.042734
68.773739 -17.753424
68.082963 -17.461976
67.396648 -17.168389
66.714796 -16.872664
66.037404 -16.574801
65.364474 -16.274799
64.696006 -15.972660
64.031999 -15.668382
63.372453 -15.361965
62.717369 -15.053411
62.066746 -14.742718
61.420585 -14.429887
60.778886 -14.114918
60.141647 -13.797811
59.508871 -13.478565
58.880555 -13.157181
58.256702 -12.833659
57.637309 -12.507998
57.022378 -12.180200
56.411909 -11.850263
55.805901 -11.518187
55.204354 -11.183974
54.607269 -10.847622
54.014646 -10.509132
53.426484 -10.168504
52.842783 -9.825738
52.263544 -9.480833
51.688766 -9.133790
51.118450 -8.784609
50.552595 -8.433289
49.991202 -8.079832
49.434270 -7.724236
48.881800 -7.366502
48.333791 -7.006629
47.790243 -6.644618
47.251157 -6.280470
46.716533 -5.914182
46.186370 -5.545757
45.660668 -5.175193
45.139428 -4.802491
44.622650 -4.427651
44.110332 -4.050673
43.602477 -3.671556
43.099083 -3.290301
42.600150 -2.906908
42.105678 -2.521377
41.615669 -2.133707
41.130120 -1.743899
40.649033 -1.351953
40.172408 -0.957868
39.700244 -0.561646
39.232541 -0.163285
38.769300 0.237214
38.310521 0.639852
37.856203 1.044628
37.406346 1.451541
36.960951 1.860594
36.520017 2.271784
36.083545 2.685113
35.651534 3.100580
35.223985 3.518185
34.800897 3.937928
34.382271 4.359810
33.968106 4.783830
33.558402 5.209988
33.153160 5.638284
32.752380 6.068719
32.356061 6.501292
31.964203 6.936003
31.576807 7.372852
31.193872 7.811840
30.815399 8.252966
30.441387 8.696230
30.071837 9.141632
29.706748 9.589173
29.346121 10.038852
28.989955 10.490669
28.638251 10.944624
28.291008 11.400718
27.948226 11.858950
27.609906 12.319320
27.276048 12.781829
26.946651 13.246475
26.621715 13.713260
26.301241 14.182183
25.985228 14.653245
25.673677 15.126444
25.366587 15.601782
25.063959 16.079258
24.765792 16.558873
24.472087 17.040625
24.182843 17.524516
23.898061 18.010545
23.617740 18.498713
