198.197105 -225.206366
197.610890 -218.491795
197.029433 -211.848102
196.452734 -205.275287
195.880793 -198.773352
195.313610 -192.342295
194.751184 -185.982117
194.193517 -179.692817
193.640608 -173.474396
193.092456 -167.326854
192.549063 -161.250191
192.010427 -155.244406
191.476549 -149.309500
190.947430 -143.445473
190.423068 -137.652324
189.903464 -131.930054
189.388618 -126.278663
188.878530 -120.698151
188.373200 -115.188517
187.872628 -109.749762
187.376814 -104.381885
186.885758 -99.084888
186.399460 -93.858768
185.917920 -88.703528
185.441138 -83.619166
184.969113 -78.605684
184.501847 -73.663079
184.039338 -68.791354
183.581588 -63.990507
183.128595 -59.260539
182.680361 -54.601449
182.236884 -50.013238
181.798165 -45.495906
181.364204 -41.049453
180.935002 -36.673878
180.510557 -32.369182
180.090870 -28.135365
179.675941 -23.972426
179.265770 -19.880366
178.860357 -15.859185
178.459701 -11.908883
178.063804 -8.029459
177.672665 -4.220914
177.286284 -0.483247
176.904660 3.183540
176.527795 6.779449
176.155687 10.304480
175.788338 13.758631
175.425746 17.141904
175.067912 20.454298
174.714837 23.695814
174.366519 26.866451
174.022959 29.966209
173.684157 32.995089
173.350113 35.953089
173.020827 38.840211
172.696299 41.656455
172.376529 44.401819
172.061517 47.076305
171.751263 49.679913
171.445766 52.212641
171.145028 54.674491
170.849048 57.065462
170.557825 59.385555
170.271361 61.634769
169.989654 63.813104
169.712706 65.920560
169.440515 67.957138
169.173082 69.922837
168.910408 71.817657
168.652491 73.641599
168.399332 75.394662
168.150931 77.076846
167.907288 78.688151
167.668403 80.228578
167.434276 81.698126
167.204907 83.096796
166.980296 84.424587
166.760442 85.681499
166.545347 86.867532
166.335010 87.982687
166.129430 89.026963
165.928609 90.000360
165.732545 90.902879
165.541240 91.734518
165.354692 92.495280
165.172902 93.185162
164.995871 93.804166
164.823597 94.352291
164.656081 94.829537
164.493323 95.235905
164.335323 95.571394
164.182081 95.836004
164.033597 96.029736
163.889871 96.152589
163.750903 96.204563
163.616692 96.185659
163.487240 96.095875
163.362546 95.935214
163.242609 95.703673
163.127431 95.401254
163.017010 95.027956
162.911348 94.583779
162.810443 94.068724
162.714297 93.482790
162.622908 92.825977
162.536277 92.098286
162.454404 91.299715
162.377289 90.430267
162.304932 89.489939
162.237333 88.478733
162.174492 87.396648
162.116409 86.243684
162.063084 85.019842
162.014517 83.725121
161.970708 82.359521
161.931656 80.923043
161.897363 79.415686
161.867827 77.837450
161.843050 76.188336
161.823030 74.468342
161.807769 72.677470
161.797265 70.815720
161.791519 68.883091
161.790532 66.879583
161.794109 64.808054
161.798004 62.731388
161.800480 60.675309
161.801536 58.639816
161.801173 56.624910
161.799390 54.630591
161.796189 52.656859
161.791567 50.703714
161.785527 48.771155
161.778067 46.859184
161.769187 44.967799
161.758888 43.097001
161.747170 41.246790
161.734033 39.417165
161.719476 37.608128
161.703499 35.819677
161.686104 34.051813
161.667288 32.304536
161.647054 30.577846
161.625400 28.871742
161.602327 27.186226
161.577834 25.521296
161.551922 23.876953
161.524590 22.253197
161.495840 20.650027
161.465669 19.067445
161.434080 17.505449
161.401071 15.964040
161.366642 14.443218
161.330794 12.942983
161.293527 11.463335
161.254840 10.004273
161.214734 8.565798
161.173209 7.147910
161.130264 5.750609
161.085900 4.373895
161.040117 3.017767
160.992914 1.682227
160.944291 0.367273
160.894250 -0.927094
160.842788 -2.200875
160.789908 -3.454068
160.735608 -4.686674
160.679889 -5.898694
160.622750 -7.090127
160.564192 -8.260973
160.504214 -9.411233
160.442817 -10.540905
160.380001 -11.649991
160.315766 -12.738490
160.250111 -13.806402
160.183036 -14.853727
160.114542 -15.880465
160.044629 -16.886617
159.973296 -17.872181
159.900544 -18.837159
159.826373 -19.781550
159.750782 -20.705355
159.673772 -21.608572
159.595343 -22.491203
159.515494 -23.353246
159.434225 -24.194703
159.351538 -25.015574
159.267430 -25.815857
159.181904 -26.595553
159.094958 -27.354663
159.006593 -28.093186
158.916808 -28.811122
158.825604 -29.508471
158.732980 -30.185234
158.638938 -30.841409
158.543475 -31.476998
158.446594 -32.092000
158.348293 -32.686415
158.248572 -33.260243
158.147432 -33.813485
158.044873 -34.346140
157.940895 -34.858207
157.835497 -35.349688
157.728679 -35.820583
157.620442 -36.270890
157.510786 -36.700611
157.399711 -37.109744
157.287216 -37.498291
157.173301 -37.866251
157.057968 -38.213625
156.941215 -38.540411
156.823042 -38.846611
156.703450 -39.132224
156.582439 -39.397250
156.460008 -39.641689
156.336158 -39.865541
156.210889 -40.068807
156.084200 -40.251485
155.956092 -40.413577
155.826564 -40.555082
155.695617 -40.676001
155.563250 -40.776332
155.429465 -40.856077
155.294259 -40.915234
155.157635 -40.953805
155.019591 -40.971789
154.880128 -40.969187
154.739245 -40.945997
154.596943 -40.902221
154.453221 -40.837858
154.308080 -40.752908
154.161520 -40.647371
154.013540 -40.521248
153.864141 -40.374537
153.713322 -40.207240
153.561085 -40.019356
153.407427 -39.810885
153.252351 -39.581827
153.095855 -39.332183
152.937939 -39.061951
152.778604 -38.771133
152.617850 -38.459728
152.455676 -38.127736
152.292083 -37.775158
152.127071 -37.401992
151.960639 -37.008240
151.792788 -36.593901
151.623517 -36.158975
151.452827 -35.703462
151.280624 -35.230199
151.106342 -34.756199
150.929887 -34.284298
150.751259 -33.814497
150.570459 -33.346796
150.387485 -32.881194
150.202339 -32.417692
150.015020 -31.956290
149.825529 -31.496987
149.633864 -31.039783
149.440027 -30.584679
149.244017 -30.131675
149.045834 -29.680770
148.845479 -29.231965
148.642951 -28.785260
148.438250 -28.340654
148.231376 -27.898147
148.022329 -27.457741
147.811110 -27.019433
147.597717 -26.583226
147.382152 -26.149118
147.164415 -25.717109
146.944504 -25.287200
146.722421 -24.859391
146.498165 -24.433681
146.271736 -24.010071
146.043134 -23.588560
145.812360 -23.169149
145.579412 -22.751837
145.344292 -22.336625
145.106999 -21.923513
144.867534 -21.512500
144.625895 -21.103587
144.382084 -20.696773
144.136100 -20.292059
143.887944 -19.889444
143.637614 -19.488929
143.385112 -19.090514
143.130437 -18.694198
142.873589 -18.299982
142.614568 -17.907865
142.353375 -17.517848
142.090009 -17.129931
141.824470 -16.744113
141.556758 -16.360394
141.286873 -15.978776
141.014816 -15.599256
140.740586 -15.221837
140.464183 -14.846516
140.185608 -14.473296
139.904859 -14.102175
139.621938 -13.733154
139.336844 -13.366232
139.049577 -13.001410
138.760138 -12.638687
138.468525 -12.278064
138.174740 -11.919540
137.878782 -11.563116
137.580651 -11.208792
137.280348 -10.856567
136.977872 -10.506442
136.673223 -10.158416
136.366401 -9.812490
136.057406 -9.468664
135.746239 -9.126937
135.432899 -8.787309
135.117386 -8.449781
134.799700 -8.114353
134.479842 -7.781024
134.157810 -7.449795
133.833606 -7.120666
133.507229 -6.793636
133.178680 -6.468706
132.847957 -6.145875
132.515062 -5.825144
132.179994 -5.506512
131.842753 -5.189980
131.503340 -4.875547
131.161754 -4.563214
130.817994 -4.252981
130.472063 -3.944847
130.123958 -3.638813
129.773680 -3.334878
129.421230 -3.033043
129.066607 -2.733308
128.709811 -2.435672
128.350843 -2.140135
127.989701 -1.846698
127.626387 -1.555361
127.260900 -1.266124
126.893241 -0.978986
126.523408 -0.693947
126.151403 -0.411008
125.777225 -0.130169
125.400874 0.148571
125.022351 0.425211
124.641654 0.699752
124.258785 0.972193
123.873743 1.242535
123.486528 1.510777
123.097141 1.776919
122.705581 2.040962
122.311847 2.302905
121.915942 2.562749
121.517863 2.820493
121.117612 3.076137
120.715187 3.329682
120.310590 3.581127
119.903821 3.830473
119.494878 4.077719
119.083763 4.322866
118.670475 4.565913
118.255014 4.806861
117.837380 5.045709
117.417574 5.282457
116.995594 5.517106
116.571442 5.749655
116.145118 5.980105
115.716620 6.208455
115.285950 6.434705
114.853106 6.658856
114.418091 6.880908
113.980902 7.100859
113.541540 7.318712
113.100006 7.534464
112.655842 7.747094
112.207932 7.954099
111.756226 8.155366
111.300722 8.350895
110.841422 8.540685
110.378324 8.724737
109.911430 8.903051
109.440739 9.075626
108.966251 9.242464
108.487966 9.403563
108.005885 9.558924
107.520006 9.708546
107.030331 9.852431
106.536859 9.990577
106.039590 10.122985
105.538524 10.249654
105.033661 10.370586
104.525002 10.485779
104.012545 10.595233
103.496292 10.698950
102.976242 10.796928
102.452395 10.889168
101.924751 10.975670
101.393310 11.056434
100.858073 11.131459
100.319038 11.200746
99.776207 11.264295
99.229579 11.322105
98.679154 11.374177
98.124932 11.420511
97.566914 11.461107
97.005098 11.495965
96.439486 11.525084
95.870077 11.548465
95.296871 11.566108
94.719868 11.578012
94.139068 11.584178
93.554471 11.584606
92.966078 11.579296
92.373887 11.568247
91.777900 11.551461
91.178116 11.528935
90.574535 11.500672
89.967157 11.466671
89.355983 11.426931
88.741011 11.381453
88.122243 11.330236
87.499678 11.273282
86.873316 11.210589
86.243157 11.142158
85.609201 11.067988
84.971449 10.988081
84.329899 10.902435
83.684553 10.811051
83.035410 10.713928
82.382470 10.611068
81.725733 10.502469
81.065199 10.388132
80.400869 10.268056
79.732742 10.142243
79.060817 10.010691
78.385096 9.873401
77.705578 9.730372
77.022263 9.581605
76.335152 9.427101
75.644243 9.266857
74.949538 9.100876
74.251036 8.929156
73.548737 8.751698
72.842641 8.568502
72.132748 8.379568
71.419058 8.184895
70.701572 7.984484
69.980288 7.778335
69.255208 7.566447
68.526331 7.348821
67.793657 7.125457
67.057186 6.896355
66.316919 6.661515
65.572854 6.420936
64.824993 6.174619
64.073335 5.922564
63.317880 5.664770
62.558628 5.401238
61.795579 5.131968
61.028734 4.856960
60.258091 4.576213
59.483652 4.289729
58.705416 3.997505
57.923383 3.699544
57.137553 3.395845
56.347926 3.086407
55.554503 2.771231
54.757282 2.450316
53.956265 2.123664
53.151451 1.791273
52.342840 1.453144
51.530432 1.109276
50.714228 0.759671
49.894226 0.404327
49.070428 0.043245
48.242832 -0.323576
47.411440 -0.696134
46.576251 -1.074431
45.737266 -1.458466
44.894483 -1.848240
44.047904 -2.243751
43.197527 -2.645001
42.343354 -3.051989
41.485384 -3.464716
40.623617 -3.883180
39.758053 -4.307383
38.888693 -4.737325
38.015535 -5.173004
37.138581 -5.614422
36.257830 -6.061578
35.373282 -6.514472
34.484937 -6.973104
33.592795 -7.437475
32.696856 -7.907584
31.797121 -8.383431
30.893589 -8.865017
29.986260 -9.352340
29.075134 -9.845402
28.160211 -10.344203
