222.065438 201.710042
222.469927 198.239746
222.865573 194.805678
223.252374 191.407837
223.630332 188.046225
223.999446 184.720841
224.359717 181.431684
224.711143 178.178756
225.053726 174.962056
225.387465 171.781583
225.712361 168.637339
226.028413 165.529322
226.335621 162.457534
226.633985 159.421974
226.923506 156.422641
227.204183 153.459537
227.476016 150.532660
227.739005 147.642012
227.993151 144.787591
228.238453 141.969399
228.474911 139.187434
228.702526 136.441698
228.921297 133.732189
229.131224 131.058909
229.332307 128.421856
229.524547 125.821031
229.707943 123.256435
229.882495 120.728066
230.048204 118.235926
230.205068 115.780013
230.353090 113.360328
230.492267 110.976872
230.622600 108.629643
230.744090 106.318642
230.856737 104.043870
230.960539 101.805325
231.055498 99.603008
231.141613 97.436920
231.218884 95.307059
231.287311 93.213426
231.346895 91.156021
231.397635 89.134845
231.439532 87.149896
231.472584 85.201175
231.496793 83.288682
231.512159 81.412418
231.518680 79.572381
231.516358 77.768572
231.505192 76.000991
231.485182 74.269638
231.456329 72.574513
231.418632 70.915616
231.372091 69.292948
231.316706 67.706507
231.252478 66.156294
231.179406 64.642309
231.097490 63.164552
231.006731 61.723023
230.907127 60.317722
230.798681 58.948649
230.681390 57.615804
230.555256 56.319187
230.420277 55.058798
230.276456 53.834637
230.123790 52.646704
229.962281 51.494999
229.791928 50.379522
229.612731 49.300273
229.424691 48.257252
229.227807 47.250459
229.022079 46.279893
228.807507 45.345556
228.584092 44.447447
228.351833 43.585566
228.110730 42.759913
227.860784 41.970488
227.601993 41.217291
227.334359 40.500321
227.057882 39.819580
226.772560 39.175067
226.478395 38.566782
226.175386 37.994725
225.863534 37.458895
225.542838 36.959294
225.213298 36.495921
224.874914 36.068776
224.527686 35.677858
224.171615 35.323169
223.806700 35.004708
223.432942 34.722474
223.050339 34.476469
222.658893 34.266692
222.258604 34.093142
221.849470 33.955821
221.431493 33.854727
221.004672 33.789862
220.569007 33.761225
220.124499 33.768815
219.671147 33.812634
219.208951 33.892680
218.737911 34.008955
218.258028 34.161457
217.769301 34.350188
217.271730 34.575146
216.765316 34.836333
216.250058 35.133747
215.725956 35.467390
215.193010 35.837260
214.651221 36.243359
214.100588 36.685685
213.541111 37.164240
212.972790 37.679022
212.395626 38.230033
211.809618 38.817271
211.214766 39.440737
210.611071 40.100432
209.998532 40.796354
209.377149 41.528504
208.746922 42.296883
208.107852 43.101489
207.459938 43.942323
206.803180 44.819386
206.137579 45.732676
205.463134 46.682194
204.779845 47.667940
204.088026 48.688083
203.394592 49.702330
202.702370 50.694198
202.011360 51.663688
201.321562 52.610798
200.632977 53.535529
199.945604 54.437882
199.259443 55.317856
198.574494 56.175450
197.890758 57.010666
197.208234 57.823503
196.526922 58.613961
195.846822 59.382040
195.167935 60.127740
194.490259 60.851061
193.813796 61.552004
193.138546 62.230567
192.464507 62.886752
191.791681 63.520557
191.120067 64.131984
190.449666 64.721032
189.780476 65.287700
189.112499 65.831990
188.445734 66.353901
187.780181 66.853434
187.115841 67.330587
186.452713 67.785361
185.790797 68.217757
185.130093 68.627773
184.470602 69.015411
183.812322 69.380669
183.155255 69.723549
182.499401 70.044050
181.844758 70.342172
181.191328 70.617915
180.539110 70.871279
179.888104 71.102264
179.238311 71.310871
178.589730 71.497098
177.942361 71.660947
177.296204 71.802416
176.651260 71.921507
176.007527 72.018219
175.365007 72.092551
174.723700 72.144505
174.083604 72.174080
173.444721 72.181277
172.807050 72.166094
172.170591 72.128532
171.535345 72.068591
170.901310 71.986272
170.268488 71.881573
169.636879 71.754496
169.006481 71.605040
168.377296 71.433205
167.749323 71.238991
167.122562 71.022398
166.497014 70.783426
165.872678 70.522075
165.249553 70.238345
164.627642 69.932237
164.006942 69.603749
163.387455 69.252883
162.769180 68.879637
162.152117 68.484013
161.536267 68.066010
160.921628 67.625628
160.308202 67.162867
159.695989 66.677727
159.084987 66.170208
158.475198 65.640311
157.866621 65.088034
157.259256 64.513378
156.653103 63.916344
156.048163 63.296931
155.444435 62.655138
154.841919 61.990967
154.240616 61.304417
153.640525 60.595488
153.041645 59.864180
152.443979 59.110493
151.847524 58.334428
151.252282 57.535983
150.658252 56.715160
150.065434 55.871957
149.473828 55.006376
148.883435 54.118416
148.294254 53.208076
147.706285 52.275358
147.119529 51.320261
146.533984 50.342785
145.949652 49.342931
145.366532 48.320697
144.784625 47.276084
144.203930 46.209093
143.624446 45.119722
143.046176 44.007973
142.469117 42.873845
141.893271 41.717337
141.318637 40.538451
140.745215 39.337186
140.173005 38.113542
139.602008 36.867520
139.032223 35.599118
138.463650 34.308337
137.896289 32.995178
137.330141 31.659639
136.765205 30.301722
136.201481 28.921426
135.638969 27.518750
135.077670 26.093696
134.517583 24.646263
133.958708 23.176451
133.401045 21.684261
132.844595 20.169691
132.289357 18.632742
131.735331 17.073415
131.182518 15.491708
130.630916 13.887623
130.080527 12.261159
129.531350 10.612315
128.983386 8.941093
128.436633 7.247492
127.891093 5.531512
127.346765 3.793153
126.803815 2.037380
126.263239 0.293980
125.725202 -1.432084
125.189704 -3.140810
124.656746 -4.832198
124.126327 -6.506250
123.598447 -8.162964
123.073107 -9.802341
122.550306 -11.424381
122.030044 -13.029084
121.512321 -14.616449
120.997138 -16.186477
120.484494 -17.739168
119.974390 -19.274521
119.466824 -20.792538
118.961799 -22.293217
118.459312 -23.776559
117.959365 -25.242563
117.461957 -26.691231
116.967088 -28.122561
116.474759 -29.536554
115.984969 -30.933209
115.497718 -32.312528
115.013006 -33.674509
114.530834 -35.019153
114.051202 -36.346460
113.574108 -37.656429
113.099554 -38.949061
112.627539 -40.224356
112.158064 -41.482314
111.691127 -42.722935
111.226730 -43.946218
110.764873 -45.152164
110.305555 -46.340772
109.848776 -47.512044
109.394536 -48.665978
108.942836 -49.802575
108.493675 -50.921835
108.047053 -52.023758
107.602970 -53.108343
107.161427 -54.175591
106.722424 -55.225502
106.285959 -56.258075
105.852034 -57.273312
105.420648 -58.271211
104.991802 -59.251773
104.565495 -60.214997
104.141727 -61.160885
103.720498 -62.089435
103.301809 -63.000648
102.885659 -63.894523
102.472048 -64.771062
102.060977 -65.630263
101.652445 -66.472127
101.246452 -67.296653
100.842999 -68.103843
100.442085 -68.893695
100.043710 -69.666210
99.647875 -70.421388
99.254579 -71.159228
98.863822 -71.879731
98.475604 -72.582897
98.089926 -73.268726
97.706787 -73.937218
97.326188 -74.588372
96.948128 -75.222189
96.572607 -75.838669
96.199625 -76.437811
95.829183 -77.019616
95.461280 -77.584084
95.095916 -78.131215
94.733092 -78.661009
94.372807 -79.173465
94.015061 -79.668584
93.659855 -80.146366
93.307187 -80.606811
92.957060 -81.049918
92.609471 -81.475688
92.264422 -81.884121
91.921912 -82.275217
91.581942 -82.648975
91.244511 -83.005396
90.909619 -83.344480
90.577266 -83.666227
90.247453 -83.970636
89.920179 -84.257708
89.595444 -84.527443
89.273249 -84.779841
88.953593 -85.014901
88.636476 -85.232624
88.321899 -85.433010
88.009861 -85.616059
87.700362 -85.781771
87.393403 -85.930145
87.088982 -86.061182
86.787102 -86.174882
86.487760 -86.271244
86.190958 -86.350269
85.896695 -86.411957
85.604972 -86.456308
85.315787 -86.483322
85.029142 -86.492998
84.745037 -86.485337
84.463470 -86.460339
84.184443 -86.418003
83.907956 -86.358331
83.634007 -86.281321
83.362598 -86.186974
83.093729 -86.075289
82.827398 -85.946268
82.563607 -85.799909
82.302355 -85.636213
82.043643 -85.455179
81.787470 -85.256809
81.533836 -85.041101
81.282741 -84.808056
81.034186 -84.557673
80.788170 -84.289954
80.544694 -84.004897
80.303756 -83.702503
80.065358 -83.382772
79.829500 -83.045703
79.596180 -82.691297
79.365400 -82.319554
79.137160 -81.930474
78.909476 -81.528711
78.677503 -81.125641
78.441020 -80.721782
78.200028 -80.317134
77.954526 -79.911697
77.704515 -79.505470
77.449994 -79.098455
77.190964 -78.690650
76.927425 -78.282056
76.659375 -77.872673
76.386817 -77.462501
76.109748 -77.051540
75.828170 -76.639789
75.542083 -76.227249
75.251486 -75.813920
74.956380 -75.399802
74.656764 -74.984895
74.352639 -74.569199
74.044004 -74.152713
73.730859 -73.735438
73.413206 -73.317374
73.091042 -72.898521
72.764369 -72.478879
72.433187 -72.058447
72.097495 -71.637227
71.757293 -71.215217
71.412582 -70.792418
71.063362 -70.368830
70.709632 -69.944452
70.351392 -69.519286
69.988643 -69.093330
69.621384 -68.666585
69.249616 -68.239051
68.873339 -67.810728
68.492551 -67.381615
68.107255 -66.951714
67.717449 -66.521023
67.323133 -66.089543
66.924308 -65.657274
66.520973 -65.224216
66.113129 -64.790368
65.700775 -64.355732
65.283912 -63.920306
64.862539 -63.484091
64.436656 -63.047087
64.006265 -62.609294
63.571363 -62.170711
63.131952 -61.731340
62.688032 -61.291179
62.239602 -60.850229
61.786663 -60.408490
61.329214 -59.965961
60.867255 -59.522644
60.400787 -59.078537
59.929810 -58.633641
59.454323 -58.187956
58.974326 -57.741482
58.489820 -57.294218
58.000805 -56.846166
57.507280 -56.397324
57.009245 -55.947693
56.506701 -55.497273
55.999648 -55.046064
55.488084 -54.594066
54.972012 -54.141278
54.451430 -53.687701
53.926338 -53.233335
53.396737 -52.778180
52.862626 -52.322236
52.324006 -51.865502
51.780876 -51.407980
51.233237 -50.949668
50.681088 -50.490567
50.124430 -50.030677
49.563262 -49.569997
48.997585 -49.108529
48.427398 -48.646271
47.852702 -48.183224
47.273496 -47.719388
46.689780 -47.254763
46.101555 -46.789349
45.508821 -46.323145
44.911577 -45.856152
44.309824 -45.388371
43.703561 -44.919799
43.092788 -44.450439
42.477506 -43.980290
41.857715 -43.509351
41.233414 -43.037623
40.604603 -42.565107
39.971283 -42.091800
39.333453 -41.617705
38.691114 -41.142821
38.044266 -40.667147
37.392908 -40.190684
36.737040 -39.713432
36.076663 -39.235391
35.411776 -38.756561
34.742380 -38.276941
34.068474 -37.796533
33.390059 -37.315335
32.707134 -36.833348
32.019700 -36.350572
31.327756 -35.867006
30.631303 -35.382652
29.930340 -34.897508
29.224868 -34.411575
28.514886 -33.924853
27.800395 -33.437342
27.081394 -32.949041
26.357883 -32.459952
25.629864 -31.970073
24.897334 -31.479405
24.160295 -30.987948
23.418747 -30.495702
22.672689 -30.002666
21.922121 -29.508842
21.167044 -29.014228
20.407458 -28.518825
19.643362 -28.022633
18.874756 -27.525651
18.101641 -27.027881
17.324017 -26.529321
16.541883 -26.029972
15.755239 -25.529834
