174.040336 244.356218
175.228948 240.487706
176.403675 236.657410
177.564517 232.865331
178.711476 229.111470
179.844549 225.395825
180.963738 221.718398
182.069043 218.079187
183.160464 214.478194
184.237999 210.915417
185.301651 207.390858
186.351418 203.904515
187.387300 200.456390
188.409299 197.046481
189.417412 193.674790
190.411641 190.341315
191.391986 187.046058
192.358446 183.789017
193.311022 180.570194
194.249714 177.389587
195.174521 174.247198
196.085443 171.143025
196.982481 168.077070
197.865635 165.049331
198.734904 162.059810
199.590289 159.108505
200.431789 156.195418
201.259405 153.320548
202.073136 150.483894
202.872983 147.685458
203.658946 144.925238
204.431024 142.203236
205.189217 139.519450
205.933526 136.873882
206.663951 134.266531
207.380491 131.697396
208.083147 129.166479
208.771919 126.673778
209.446805 124.219295
210.107808 121.803028
210.754926 119.424979
211.388159 117.085147
212.007509 114.783531
212.612973 112.520133
213.204553 110.294952
213.782249 108.107987
214.346060 105.959240
214.895987 103.848709
215.432030 101.776396
215.954188 99.742300
216.462461 97.746420
216.956850 95.788758
217.437355 93.869313
217.903975 91.988084
218.356711 90.145073
218.795562 88.340279
219.220529 86.573701
219.631611 84.845341
220.028809 83.155198
220.412123 81.503271
220.781552 79.889562
221.137096 78.314070
221.478756 76.776794
221.806532 75.277736
222.120423 73.816895
222.420430 72.394270
222.706553 71.009863
222.978790 69.663673
223.237144 68.355700
223.481613 67.085943
223.712197 65.854404
223.928898 64.661082
224.131713 63.505977
224.320644 62.389088
224.495691 61.310417
224.656854 60.269963
224.804131 59.267725
224.937525 58.303705
225.057034 57.377902
225.162658 56.490316
225.254398 55.640947
225.332254 54.829794
225.396225 54.056859
225.446312 53.322141
225.482514 52.625640
225.504832 51.967355
225.513265 51.347288
225.507814 50.765438
225.488479 50.221805
225.455259 49.716389
225.408154 49.249189
225.347166 48.820207
225.272292 48.429442
225.183535 48.076894
225.080892 47.762563
224.964366 47.486449
224.833955 47.248551
224.689659 47.048871
224.531479 46.887408
224.359415 46.764162
224.173466 46.679133
223.973632 46.632321
223.759915 46.623725
223.532312 46.653347
223.290826 46.721186
223.035455 46.827242
222.766199 46.971515
222.483059 47.154005
222.186035 47.374712
221.875126 47.633636
221.550332 47.930776
221.211654 48.266134
220.859092 48.639709
220.492645 49.051501
220.112314 49.501510
219.718099 49.989736
219.309999 50.516179
218.888014 51.080839
218.452145 51.683716
218.002392 52.324810
217.538754 53.004120
217.061232 53.721648
216.569825 54.477393
216.064534 55.271355
215.545358 56.103534
215.012765 56.972313
214.477027 57.842103
213.942347 58.698348
213.408725 59.541047
212.876161 60.370200
212.344655 61.185806
211.814207 61.987867
211.284817 62.776382
210.756484 63.551351
210.229210 64.312774
209.702993 65.060650
209.177834 65.794981
208.653734 66.515766
208.130691 67.223005
207.608706 67.916698
207.087779 68.596845
206.567910 69.263446
206.049099 69.916501
205.531345 70.556010
205.014650 71.181973
204.499013 71.794390
203.984433 72.393261
203.470911 72.978586
202.958448 73.550365
202.447042 74.108598
201.936694 74.653285
201.427404 75.184426
200.919172 75.702021
200.411998 76.206070
199.905882 76.696573
199.400823 77.173530
198.896823 77.636942
198.393880 78.086807
197.891996 78.523126
197.391169 78.945899
196.891400 79.355126
196.392689 79.750808
195.895036 80.132943
195.398441 80.501532
194.902904 80.856575
194.408425 81.198073
193.915004 81.526024
193.422640 81.840429
192.931335 82.141289
192.441087 82.428602
191.951898 82.702369
191.463766 82.962591
190.976692 83.209266
190.490676 83.442395
190.005718 83.661979
189.521818 83.868016
189.038976 84.060508
188.557192 84.239453
188.076465 84.404853
187.596797 84.556706
187.118186 84.695014
186.640634 84.819775
186.164139 84.930991
185.688702 85.028660
185.214323 85.112784
184.741002 85.183362
184.268739 85.240393
183.797534 85.283879
183.327387 85.313818
182.858297 85.330212
182.390266 85.333060
181.923292 85.322361
181.457377 85.298117
180.992519 85.260327
180.528719 85.208990
180.065977 85.144108
179.604293 85.065680
179.143667 84.973706
178.684099 84.868185
178.225589 84.749119
177.768137 84.616507
177.311742 84.470349
176.856406 84.310645
176.402127 84.137395
175.948907 83.950598
175.496744 83.750256
175.045639 83.536368
174.595592 83.308934
174.146603 83.067954
173.698672 82.813428
173.251799 82.545356
172.805983 82.263738
172.361226 81.968574
171.917527 81.659864
171.474885 81.337608
171.033301 81.001806
170.592776 80.652458
170.153308 80.289564
169.714898 79.913124
169.277546 79.523138
168.841252 79.119606
168.406016 78.702529
167.971837 78.271905
167.538717 77.827735
167.106655 77.370019
166.675650 76.898757
166.245704 76.413949
165.816815 75.915596
165.388984 75.403696
164.962211 74.878250
164.536496 74.339258
164.111839 73.786721
163.688240 73.220637
163.265699 72.641007
162.844216 72.047831
162.423790 71.441110
162.004423 70.820842
161.586113 70.187028
161.168861 69.539669
160.752668 68.878763
160.337532 68.204312
159.923454 67.516314
159.510434 66.814770
159.098472 66.099681
158.687567 65.371045
158.277721 64.628864
157.868933 63.873136
157.461202 63.103863
157.054530 62.321043
156.648915 61.524678
156.243884 60.717495
155.836588 59.915870
155.426554 59.122529
155.013782 58.337475
154.598271 57.560705
154.180021 56.792222
153.759032 56.032024
153.335305 55.280111
152.908839 54.536485
152.479635 53.801143
152.047692 53.074088
151.613010 52.355318
151.175590 51.644833
150.735431 50.942634
150.292533 50.248721
149.846897 49.563093
149.398522 48.885751
148.947409 48.216694
148.493556 47.555923
148.036966 46.903438
147.577636 46.259238
147.115568 45.623324
146.650762 44.995695
146.183216 44.376352
145.712932 43.765294
145.239910 43.162522
144.764149 42.568036
144.285649 41.981835
143.804410 41.403920
143.320433 40.834290
142.833718 40.272946
142.344263 39.719887
141.852070 39.175115
141.357139 38.638627
140.859468 38.110425
140.359060 37.590509
139.855912 37.078879
139.350026 36.575534
138.841401 36.080474
138.330038 35.593700
137.815936 35.115212
137.299095 34.645009
136.779516 34.183092
136.257198 33.729460
135.732141 33.284114
135.204346 32.847054
134.673812 32.418279
134.140540 31.997790
133.604528 31.585586
133.065779 31.181668
132.524290 30.786036
131.980063 30.398689
131.433098 30.019627
130.883393 29.648852
130.330950 29.286361
129.775769 28.932157
129.217849 28.586238
128.657190 28.248604
128.093793 27.919256
127.527656 27.598194
126.958782 27.285417
126.387168 26.980926
125.812816 26.684721
125.235726 26.396801
124.655897 26.117166
124.073329 25.845817
123.488022 25.582754
122.899977 25.327976
122.309193 25.081484
121.715671 24.843278
121.119410 24.613357
120.520410 24.391721
119.918672 24.178372
119.314195 23.973307
118.706979 23.776529
118.097025 23.588036
117.484332 23.407828
116.868901 23.235906
116.250731 23.072270
115.629822 22.916919
115.006175 22.769854
114.379789 22.631075
113.750664 22.500581
113.118801 22.378372
112.484199 22.264449
111.846859 22.158812
111.206779 22.061460
110.563962 21.972394
109.918405 21.891614
109.270110 21.819119
108.619076 21.754909
107.965304 21.698986
107.308793 21.651347
106.649544 21.611995
105.987555 21.580928
105.322828 21.558146
104.655363 21.543650
103.985159 21.537440
103.312216 21.539515
102.636535 21.549876
101.958115 21.568522
101.276956 21.595454
100.593059 21.630672
99.906423 21.674175
99.217048 21.725964
98.524935 21.786038
97.830083 21.854398
97.132493 21.931043
96.432164 22.015974
95.729096 22.109191
95.023290 22.210693
94.314745 22.320481
93.603461 22.438554
92.889439 22.564913
92.172678 22.699558
91.453178 22.842488
90.730940 22.993704
90.005964 23.153205
89.278248 23.320992
88.547794 23.497064
87.814601 23.681422
87.078670 23.874066
86.340000 24.074995
85.598592 24.284210
84.854444 24.501710
84.109449 24.723984
83.368224 24.942447
82.630981 25.156709
81.897718 25.366770
81.168438 25.572631
80.443138 25.774290
79.721820 25.971748
79.004483 26.165005
78.291127 26.354061
77.581752 26.538916
76.876359 26.719570
76.174947 26.896023
75.477516 27.068275
74.784066 27.236326
74.094598 27.400176
73.409111 27.559825
72.727605 27.715273
72.050081 27.866519
71.376538 28.013565
70.706975 28.156410
70.041395 28.295054
69.379795 28.429497
68.722177 28.559739
68.068540 28.685779
67.418884 28.807619
66.773210 28.925258
66.131516 29.038695
65.493804 29.147932
64.860074 29.252968
64.230324 29.353802
63.604556 29.450436
62.982769 29.542869
62.364963 29.631100
61.751139 29.715131
61.141296 29.794960
60.535434 29.870589
59.933553 29.942016
59.335654 30.009243
58.741735 30.072268
58.151799 30.131092
57.565843 30.185716
56.983868 30.236138
56.405875 30.282360
55.831863 30.324380
55.261833 30.362199
54.695783 30.395818
54.133715 30.425235
53.575628 30.450451
53.021523 30.471466
52.471398 30.488281
51.925255 30.500894
51.383093 30.509306
50.844913 30.513517
50.310713 30.513527
49.780495 30.509336
49.254258 30.500944
48.732003 30.488351
48.213728 30.471557
47.699435 30.450563
47.189123 30.425367
46.682793 30.395970
46.180444 30.362371
45.682076 30.324572
45.187689 30.282572
44.697283 30.236371
44.210859 30.185969
43.728416 30.131366
43.249954 30.072562
42.775473 30.009557
42.304974 29.942350
41.838456 29.870943
41.375919 29.795335
40.917364 29.715526
40.462790 29.631515
40.012197 29.543304
39.565585 29.450892
39.122954 29.354278
38.684305 29.253464
38.249637 29.148449
37.818950 29.039232
37.392245 28.925815
36.969521 28.808196
36.550778 28.686377
36.136016 28.560356
35.725236 28.430135
35.318436 28.295712
34.915618 28.157089
34.516782 28.014264
34.121926 27.867239
33.731052 27.716012
33.344159 27.560584
32.961247 27.400956
32.582317 27.237126
32.207368 27.069095
31.836400 26.896864
31.469413 26.720431
31.106408 26.539797
30.747384 26.354962
30.392341 26.165927
30.041279 25.972690
29.694199 25.775252
29.351100 25.573613
29.011982 25.367773
28.676845 25.157732
28.345690 24.943490
28.018516 24.725047
27.695323 24.502403
27.376111 24.275558
27.060881 24.044512
26.749632 23.809265
26.442364 23.569817
26.139078 23.326168
25.839772 23.078318
25.544448 22.826267
25.253105 22.570015
24.965744 22.309562
24.682363 22.044908
24.402964 21.776052
24.127547 21.502996
23.856110 21.225739
23.588655 20.944281
23.325181 20.658621
23.065688 20.368761
22.810176 20.074700
22.558646 19.776438
