293.202621 -63.499790
292.419056 -61.118670
291.640858 -58.763723
290.868027 -56.434949
290.100562 -54.132347
289.338463 -51.855917
288.581731 -49.605660
287.830365 -47.381575
287.084366 -45.183663
286.343733 -43.011924
285.608466 -40.866356
284.878566 -38.746962
284.154033 -36.653739
283.434865 -34.586690
282.721064 -32.545812
282.012630 -30.531108
281.309562 -28.542575
280.611860 -26.580215
279.919525 -24.644028
279.232556 -22.734013
278.550954 -20.850171
277.874718 -18.992501
277.203848 -17.161003
276.538345 -15.355678
275.878208 -13.576526
275.223438 -11.823546
274.574034 -10.096738
273.929996 -8.396103
273.291325 -6.721640
272.658020 -5.073350
272.030082 -3.451232
271.407510 -1.855287
270.790305 -0.285515
270.178465 1.258086
269.571993 2.775513
268.970887 4.266769
268.375147 5.731852
267.784773 7.170762
267.199766 8.583500
266.620126 9.970065
266.045852 11.330458
265.476944 12.664679
264.913402 13.972726
264.355227 15.254602
263.802419 16.510305
263.254977 17.739835
262.712901 18.943194
262.176192 20.120379
261.644849 21.271392
261.118872 22.396233
260.598262 23.494901
260.083019 24.567397
259.573141 25.613720
259.068631 26.633871
258.569486 27.627849
258.075708 28.595655
257.587297 29.537288
257.104251 30.452749
256.626573 31.342037
256.154260 32.205153
255.687314 33.042096
255.225735 33.852867
254.769522 34.637466
254.318675 35.395892
253.873195 36.128145
253.433081 36.834226
252.998333 37.514135
252.568952 38.167871
252.144938 38.795434
251.726289 39.396825
251.313008 39.972044
250.905092 40.521090
250.502543 41.043964
250.105361 41.540665
249.713544 42.011194
249.327095 42.455550
248.946011 42.873734
248.570294 43.265745
248.199944 43.631584
247.834960 43.971250
247.475342 44.284744
247.121091 44.572065
246.772206 44.833214
246.428687 45.068191
246.090535 45.276995
245.757750 45.459626
245.430330 45.616085
245.108278 45.746372
244.791591 45.850486
244.480271 45.928427
244.174318 45.980196
243.873731 46.005793
243.578510 46.005217
243.288655 45.978469
243.004167 45.925548
242.725046 45.846455
242.451291 45.741189
242.182902 45.609751
241.919880 45.452140
241.662224 45.268357
241.409935 45.058401
241.163012 44.822273
240.921455 44.559972
240.685265 44.271499
240.454441 43.956854
240.228983 43.616036
240.008892 43.249045
239.794168 42.855882
239.584810 42.436547
239.380818 41.991039
239.182193 41.519358
238.988934 41.021505
238.801041 40.497480
238.618515 39.947282
238.441355 39.370912
238.269562 38.768369
238.103135 38.139654
237.942075 37.484766
237.786381 36.803706
237.636053 36.096473
237.491092 35.363068
237.351497 34.603490
237.217269 33.817740
237.088407 33.005817
236.964911 32.167722
236.846431 31.304686
236.725236 30.443812
236.598166 29.596187
236.465220 28.761810
236.326398 27.940681
236.181701 27.132801
236.031127 26.338170
235.874678 25.556788
235.712353 24.788654
235.544152 24.033768
235.370076 23.292132
235.190123 22.563744
235.004295 21.848604
234.812591 21.146713
234.615011 20.458071
234.411556 19.782678
234.202224 19.120533
233.987017 18.471636
233.765934 17.835988
233.538975 17.213589
233.306141 16.604439
233.067430 16.008537
232.822844 15.425884
232.572382 14.856479
232.316044 14.300323
232.053830 13.757415
231.785741 13.227757
231.511776 12.711346
231.231935 12.208185
230.946218 11.718272
230.654625 11.241608
230.357157 10.778192
230.053813 10.328025
229.744593 9.891106
229.429497 9.467436
229.108525 9.057015
228.781678 8.659842
228.448954 8.275918
228.110355 7.905243
227.765881 7.547816
227.415530 7.203638
227.059303 6.872708
226.697201 6.555027
226.329223 6.250595
225.955369 5.959411
225.575640 5.681476
225.190034 5.416790
224.798553 5.165352
224.401196 4.927163
223.997963 4.702222
223.588854 4.490530
223.173870 4.292086
222.753010 4.106892
222.326274 3.934945
221.893662 3.776248
221.455174 3.630799
221.010811 3.498599
220.560571 3.379647
220.104456 3.273944
219.642465 3.181489
219.174599 3.102283
218.700856 3.036326
218.221238 2.983618
217.735744 2.944158
217.244374 2.917946
216.747128 2.904983
216.244007 2.905269
215.735010 2.918804
215.220137 2.945587
214.699388 2.985618
214.172763 3.038899
213.640262 3.105428
213.101886 3.185205
212.557634 3.278231
212.007506 3.384506
211.451503 3.504030
210.889623 3.636802
210.321868 3.782822
209.748237 3.942091
209.168730 4.114609
208.583347 4.300376
207.992089 4.499391
207.394954 4.711654
206.791944 4.937167
206.183058 5.175928
205.568297 5.427937
204.947659 5.693195
204.321146 5.971702
203.688757 6.263458
203.050492 6.568462
202.406351 6.886714
201.756335 7.218216
201.100442 7.562965
200.438674 7.920964
199.771030 8.292211
199.097511 8.676707
198.418115 9.074451
197.732844 9.485444
197.041697 9.909685
196.344674 10.347176
195.641775 10.797914
194.933000 11.261902
194.218350 11.739138
193.497824 12.229623
192.771422 12.733356
192.039144 13.250338
191.300991 13.780568
190.556962 14.324047
189.807056 14.880775
189.051275 15.450751
188.289619 16.033976
187.522086 16.630450
186.748678 17.240172
185.969394 17.863143
185.184234 18.499362
184.393198 19.148830
183.596287 19.811547
182.793499 20.487512
181.984836 21.176726
181.170297 21.879189
180.349882 22.594900
179.523592 23.323860
178.691426 24.066068
177.853383 24.821525
177.009465 25.590231
176.160571 26.368918
175.312095 27.137983
174.464938 27.894161
173.619099 28.637450
172.774578 29.367851
171.931376 30.085364
171.089491 30.789988
170.248925 31.481725
169.409677 32.160572
168.571747 32.826532
167.735136 33.479603
166.899842 34.119786
166.065867 34.747080
165.233210 35.361487
164.401872 35.963005
163.571851 36.551634
162.743149 37.127376
161.915765 37.690229
161.089700 38.240193
160.264952 38.777270
159.441523 39.301458
158.619412 39.812758
157.798619 40.311169
156.979144 40.796693
156.160988 41.269327
155.344150 41.729074
154.528630 42.175932
153.714428 42.609902
152.901544 43.030984
152.089979 43.439177
151.279732 43.834483
150.470803 44.216899
149.663193 44.586428
148.856900 44.943068
148.051926 45.286820
147.248270 45.617683
146.445932 45.935659
145.644913 46.240746
144.845211 46.532944
144.046828 46.812255
143.249764 47.078677
142.454017 47.332211
141.659588 47.572856
140.866478 47.800613
140.074686 48.015482
139.284213 48.217463
138.495057 48.406555
137.707220 48.582759
136.920701 48.746074
136.135500 48.896502
135.351617 49.034041
134.569053 49.158691
133.787807 49.270454
133.007879 49.369328
132.229269 49.455314
131.451977 49.528411
130.676004 49.588620
129.901349 49.635941
129.128012 49.670374
128.355994 49.691918
127.585293 49.700574
126.815911 49.696342
126.047847 49.679221
125.281101 49.649212
124.515674 49.606315
123.751565 49.550530
122.988774 49.481856
122.227301 49.400294
121.467146 49.305843
120.708310 49.198504
119.950792 49.078277
119.194592 48.945162
118.439710 48.799158
117.686146 48.640266
116.933901 48.468486
116.182974 48.283818
115.433365 48.086261
114.685075 47.875815
113.938102 47.652482
113.192448 47.416260
112.448112 47.167150
111.705094 46.905152
110.963395 46.630265
110.223014 46.342490
109.483950 46.041827
108.746206 45.728275
108.009779 45.401835
107.274671 45.062507
106.540880 44.710290
105.808409 44.345186
105.077255 43.967193
104.347419 43.576311
103.618902 43.172541
102.891703 42.755883
102.165822 42.326337
101.441260 41.883902
100.718015 41.428579
99.996089 40.960368
99.275481 40.479269
98.556191 39.985281
97.838220 39.478405
97.121567 38.958640
96.406231 38.425987
95.692215 37.880446
94.979516 37.322017
94.268136 36.750699
93.558073 36.166493
92.849330 35.569399
92.141904 34.959416
91.435796 34.336545
90.731007 33.700786
90.027536 33.052139
89.325383 32.390603
88.624549 31.716179
87.925032 31.028866
87.226834 30.328666
86.529954 29.615577
85.834392 28.889599
85.140149 28.150734
84.447224 27.398980
83.755617 26.634337
83.065328 25.856807
82.376357 25.066388
81.688705 24.263081
81.002371 23.446885
80.318200 22.624591
79.638258 21.812795
78.962640 21.012252
78.291346 20.222962
77.624374 19.444924
76.961726 18.678139
76.303401 17.922606
75.649400 17.178326
74.999722 16.445299
74.354367 15.723524
73.713335 15.013002
73.076627 14.313733
72.444242 13.625717
71.816181 12.948953
71.192442 12.283441
70.573027 11.629183
69.957936 10.986177
69.347168 10.354423
68.740722 9.733923
68.138601 9.124675
67.540802 8.526679
66.947327 7.939937
66.358176 7.364447
65.773347 6.800209
65.192842 6.247225
64.616660 5.705493
64.044802 5.175013
63.477266 4.655787
62.914055 4.147813
62.355166 3.651091
61.800601 3.165622
61.250359 2.691406
60.704440 2.228443
60.162845 1.776732
59.625573 1.336274
59.092624 0.907069
58.563999 0.489116
58.039697 0.082416
57.519718 -0.313032
57.004063 -0.697226
56.492730 -1.070169
55.985722 -1.431858
55.483036 -1.782295
54.984674 -2.121479
54.490635 -2.449411
54.000920 -2.766089
53.515527 -3.071516
53.034458 -3.365689
52.557713 -3.648610
52.085291 -3.920278
51.617192 -4.180694
51.153416 -4.429857
50.693964 -4.667767
50.238835 -4.894424
49.788029 -5.109829
49.341546 -5.313982
48.899387 -5.506881
48.461551 -5.688528
48.028039 -5.858922
47.598850 -6.018064
47.173984 -6.165953
46.753442 -6.302589
46.337222 -6.427973
45.925326 -6.542104
45.517754 -6.644982
45.114505 -6.736608
44.715579 -6.816981
44.320976 -6.886101
43.930697 -6.943969
43.544741 -6.990584
43.163108 -7.025946
42.785798 -7.050056
42.412812 -7.062913
42.044150 -7.064517
41.679810 -7.054869
41.319794 -7.033968
40.964101 -7.001814
40.612732 -6.958408
40.265686 -6.903749
39.922963 -6.837838
39.584563 -6.760673
39.250487 -6.672256
38.920734 -6.572587
38.595304 -6.461665
38.274198 -6.339490
37.957415 -6.206062
37.644955 -6.061382
37.336819 -5.905449
37.033006 -5.738264
36.733516 -5.559826
36.438350 -5.370135
36.147507 -5.169191
35.860987 -4.956995
35.578790 -4.733546
35.300917 -4.498845
35.027367 -4.252891
34.758141 -3.995684
34.493237 -3.727224
34.232658 -3.447512
33.976401 -3.156548
33.724468 -2.854330
33.476858 -2.540860
33.233571 -2.216137
32.994608 -1.880162
32.759968 -1.532934
32.529651 -1.174453
32.303657 -0.804720
32.081987 -0.423734
31.864641 -0.031495
31.651617 0.371996
31.442917 0.786740
31.238540 1.212737
31.038487 1.649986
30.842756 2.098488
30.651349 2.558243
30.464266 3.029250
30.281506 3.511510
30.103069 4.005023
29.928955 4.509788
29.759165 5.025806
29.593698 5.553077
29.432554 6.091600
29.275734 6.641376
29.123236 7.202405
28.975063 7.774686
