285.798444 -91.209918
285.750833 -88.757337
285.697505 -86.324271
285.638459 -83.910720
285.573695 -81.516685
285.503215 -79.142165
285.427017 -76.787160
285.345102 -74.451671
285.257469 -72.135697
285.164119 -69.839239
285.065052 -67.562296
284.960267 -65.304869
284.849765 -63.066957
284.733545 -60.848560
284.611609 -58.649678
284.483955 -56.470312
284.350583 -54.310462
284.211494 -52.170127
284.066688 -50.049307
283.916165 -47.948003
283.759924 -45.866214
283.597966 -43.803940
283.430290 -41.761182
283.256897 -39.737939
283.077787 -37.734212
282.892960 -35.750000
282.702415 -33.785303
282.506153 -31.840122
282.304173 -29.914456
282.096476 -28.008306
281.883062 -26.121671
281.663930 -24.254551
281.439081 -22.406947
281.208515 -20.578858
280.972231 -18.770285
280.730230 -16.981227
280.482512 -15.211684
280.229076 -13.461657
279.969923 -11.731145
279.705053 -10.020148
279.434465 -8.328667
279.158160 -6.656702
278.876137 -5.004251
278.588398 -3.371317
278.294941 -1.757897
277.995766 -0.163993
277.690874 1.410396
277.380265 2.965269
277.063939 4.500627
276.741895 6.016469
276.414134 7.512797
276.080655 8.989608
275.741459 10.446905
275.396546 11.884685
275.045915 13.302951
274.689567 14.701701
274.327502 16.080936
273.959719 17.440655
273.586219 18.780859
273.207002 20.101548
272.822067 21.402721
272.431415 22.684379
272.035046 23.946521
271.632959 25.189148
271.225155 26.412259
270.811634 27.615856
270.392395 28.799936
269.967439 29.964502
269.536766 31.109552
269.100375 32.235086
268.658267 33.341106
268.210441 34.427609
267.756898 35.494598
267.297638 36.542071
266.832661 37.570028
266.361966 38.578471
265.885554 39.567397
265.403424 40.536809
264.915577 41.486705
264.422013 42.417085
263.922731 43.327951
263.417732 44.219300
262.907016 45.091135
262.390582 45.943454
261.868431 46.776258
261.340563 47.589546
260.806977 48.383319
260.267674 49.157576
259.722654 49.912318
259.171916 50.647545
258.615461 51.363256
258.053289 52.059452
257.485399 52.736133
256.911792 53.393298
256.332468 54.030947
255.747426 54.649082
255.156667 55.247701
254.560190 55.826804
253.957996 56.386392
253.350085 56.926465
252.736457 57.447022
252.117111 57.948064
251.492047 58.429591
250.861267 58.891602
250.224769 59.334098
249.582554 59.757078
248.934621 60.160543
248.280971 60.544492
247.621604 60.908927
246.956519 61.253845
246.285717 61.579249
245.609198 61.885137
244.926961 62.171509
244.239007 62.438366
243.545336 62.685708
242.845947 62.913535
242.140841 63.121846
241.430018 63.310641
240.713477 63.479921
239.991219 63.629686
239.263243 63.759936
238.529550 63.870670
237.790140 63.961888
237.045013 64.033591
236.294168 64.085779
235.537825 64.118769
234.780806 64.139548
234.025083 64.150974
233.270657 64.153047
232.517527 64.145766
231.765694 64.129133
231.015157 64.103147
230.265916 64.067807
229.517972 64.023115
228.771325 63.969069
228.025974 63.905671
227.281919 63.832919
226.539161 63.750815
225.797699 63.659357
225.057534 63.558547
224.318665 63.448383
223.581093 63.328867
222.844817 63.199997
222.109838 63.061774
221.376155 62.914198
220.643768 62.757270
219.912678 62.590988
219.182885 62.415353
218.454388 62.230365
217.727187 62.036024
217.001283 61.832330
216.276675 61.619283
215.553364 61.396883
214.831349 61.165130
214.110631 60.924024
213.391209 60.673565
212.673083 60.413753
211.956254 60.144588
211.240722 59.866070
210.526486 59.578198
209.813546 59.280974
209.101903 58.974397
208.391556 58.658466
207.682506 58.333183
206.974752 57.998547
206.268295 57.654557
205.563134 57.301215
204.859270 56.938519
204.156702 56.566471
203.455430 56.185069
202.755455 55.794315
202.056776 55.394207
201.359394 54.984747
200.663309 54.565933
199.968520 54.137766
199.275027 53.700247
198.582830 53.253374
197.891931 52.797148
197.202327 52.331569
196.514020 51.856637
195.827010 51.372353
195.141296 50.878715
194.456878 50.375724
193.773757 49.863380
193.091933 49.341683
192.411405 48.810633
191.732173 48.270230
191.054238 47.720474
190.377599 47.161364
189.702256 46.592902
189.028211 46.015087
188.355461 45.427919
187.684008 44.831398
187.013852 44.225523
186.344992 43.610296
185.677428 42.985716
185.011161 42.351782
184.346190 41.708496
183.682516 41.055856
183.020138 40.393864
182.359057 39.722518
181.699272 39.041820
181.040784 38.351768
180.383592 37.652364
179.727696 36.943606
179.073097 36.225495
178.419795 35.498032
177.767789 34.761215
177.117079 34.015045
176.467666 33.259523
175.819549 32.494647
175.172729 31.720418
174.527205 30.936836
173.882978 30.143901
173.240047 29.341613
172.598412 28.529972
171.958075 27.708978
171.319033 26.878631
170.681288 26.038931
170.044839 25.189878
169.409687 24.331472
168.775832 23.463713
168.143272 22.586601
167.512010 21.700135
166.882043 20.804317
166.253373 19.899146
165.626000 18.984622
164.999923 18.060744
164.375143 17.127514
163.751659 16.184930
163.129471 15.232994
162.508580 14.271705
161.888985 13.301062
161.270687 12.321066
160.653685 11.331718
160.037980 10.333016
159.423571 9.324962
158.810459 8.307554
158.198643 7.280793
157.588124 6.244680
156.978901 5.199213
156.370974 4.144393
155.764344 3.080220
155.159010 2.006694
154.554973 0.923816
153.952233 -0.168416
153.350788 -1.270001
152.750641 -2.380939
152.151789 -3.501230
151.554234 -4.630874
150.957915 -5.766776
150.362465 -6.890361
149.767822 -7.998536
149.173988 -9.091298
148.580962 -10.168650
147.988745 -11.230590
147.397335 -12.277119
146.806733 -13.308236
146.216940 -14.323942
145.627954 -15.324236
145.039777 -16.309119
144.452408 -17.278591
143.865847 -18.232651
143.280094 -19.171300
142.695149 -20.094537
142.111012 -21.002363
141.527684 -21.894778
140.945163 -22.771781
140.363451 -23.633372
139.782546 -24.479553
139.202450 -25.310322
138.623162 -26.125679
138.044682 -26.925625
137.467010 -27.710160
136.890147 -28.479284
136.314091 -29.232995
135.738843 -29.971296
135.164404 -30.694185
134.590773 -31.401663
134.017950 -32.093729
133.445934 -32.770384
132.874728 -33.431628
132.304329 -34.077460
131.734738 -34.707880
131.165955 -35.322890
130.597981 -35.922487
130.030814 -36.506674
129.464456 -37.075449
128.898906 -37.628813
128.334164 -38.166765
127.770230 -38.689306
127.207104 -39.196435
126.644786 -39.688153
126.083277 -40.164460
125.522575 -40.625355
124.962682 -41.070839
124.403596 -41.500911
123.845319 -41.915572
123.287850 -42.314822
122.731189 -42.698660
122.175336 -43.067087
121.620291 -43.420102
121.066055 -43.757706
120.512626 -44.079899
119.960006 -44.386680
119.408194 -44.678050
118.857189 -44.954008
118.306993 -45.214555
117.757605 -45.459691
117.209025 -45.689415
116.661254 -45.903728
116.114290 -46.102629
115.568135 -46.286119
115.022787 -46.454198
114.478248 -46.606865
113.934517 -46.744120
113.391593 -46.865965
112.849479 -46.972398
112.308172 -47.063419
111.767673 -47.139029
111.227982 -47.199228
110.689100 -47.244015
110.151025 -47.273391
109.613759 -47.287356
109.077301 -47.285909
108.541651 -47.269050
108.006809 -47.236781
107.472775 -47.189099
106.939549 -47.126007
106.407131 -47.047503
105.875522 -46.953588
105.344720 -46.844261
104.814727 -46.719523
104.285542 -46.579373
103.757165 -46.423812
103.229596 -46.252840
102.702835 -46.066456
102.176882 -45.864661
101.651738 -45.647454
101.127401 -45.414836
100.603873 -45.166807
100.081152 -44.903366
99.559240 -44.624514
99.038136 -44.330250
98.517840 -44.020575
97.998352 -43.695489
97.479672 -43.354991
96.961801 -42.999082
96.444737 -42.627761
95.928482 -42.241029
95.413034 -41.838885
94.898395 -41.421331
94.384564 -40.988364
93.871541 -40.539987
93.359326 -40.076198
92.847919 -39.596997
92.337321 -39.102385
91.827530 -38.592362
91.318548 -38.066927
90.810373 -37.526081
90.303007 -36.969824
89.796449 -36.398155
89.290699 -35.811074
88.785757 -35.208583
88.281623 -34.590679
87.778298 -33.957365
87.275780 -33.308639
86.774071 -32.644502
86.273170 -31.964953
85.773076 -31.269993
85.273791 -30.559621
84.775314 -29.833838
84.277645 -29.092644
83.780785 -28.336038
83.284732 -27.564021
82.789256 -26.784236
82.293792 -26.015369
81.798315 -25.258269
81.302823 -24.512936
80.807318 -23.779370
80.311799 -23.057571
79.816266 -22.347539
79.320720 -21.649274
78.825159 -20.962776
78.329585 -20.288045
77.833997 -19.625081
77.338395 -18.973884
76.842779 -18.334454
76.347150 -17.706791
75.851507 -17.090895
75.355850 -16.486766
74.860179 -15.894404
74.364494 -15.313809
73.868796 -14.744981
73.373083 -14.187920
72.877357 -13.642626
72.381618 -13.109099
71.885864 -12.587339
71.390097 -12.077346
70.894315 -11.579120
70.398520 -11.092661
69.902711 -10.617969
69.406889 -10.155044
68.911052 -9.703886
68.415202 -9.264495
67.919338 -8.836871
67.423460 -8.421014
66.927569 -8.016924
66.431663 -7.624600
65.935744 -7.244044
65.439811 -6.875255
64.943864 -6.518233
64.447903 -6.172978
63.951929 -5.839490
63.455941 -5.517769
62.959939 -5.207815
62.463923 -4.909628
61.967893 -4.623208
61.471850 -4.348555
60.975792 -4.085669
60.479721 -3.834550
59.983636 -3.595198
59.487538 -3.367612
58.991425 -3.151794
58.495299 -2.947743
57.999159 -2.755459
57.503005 -2.574942
57.006838 -2.406192
56.510656 -2.249209
56.014461 -2.103993
55.518252 -1.970544
55.022029 -1.848862
54.525792 -1.738946
54.029542 -1.640798
53.533278 -1.554417
53.037000 -1.479803
52.540708 -1.416956
52.044402 -1.365876
51.548083 -1.326563
51.051749 -1.299017
50.555402 -1.283238
50.059041 -1.279225
49.562667 -1.286980
49.066278 -1.306502
48.569876 -1.337791
48.073460 -1.380847
47.577030 -1.435670
47.080586 -1.502260
46.584129 -1.580617
46.087658 -1.670740
45.591173 -1.772631
45.094674 -1.886289
44.598161 -2.011714
44.101635 -2.148906
43.605094 -2.297865
43.108540 -2.458590
42.611972 -2.631083
42.115391 -2.815343
41.618795 -3.011370
41.122186 -3.219164
40.625563 -3.438725
40.128926 -3.670053
39.632275 -3.913147
39.135611 -4.168009
38.638933 -4.434638
38.142241 -4.713034
37.645535 -5.003197
37.148815 -5.305126
36.652082 -5.618823
36.155334 -5.944287
35.658573 -6.281518
35.161798 -6.630516
34.665010 -6.991281
34.168207 -7.363812
33.671391 -7.748111
33.174561 -8.144177
32.677717 -8.552010
32.180859 -8.971610
31.683988 -9.402976
31.187103 -9.846110
30.690203 -10.301011
30.193291 -10.767679
29.696364 -11.246114
29.199423 -11.736315
28.702469 -12.238284
28.205501 -12.752020
27.708519 -13.277523
27.211523 -13.814792
26.714514 -14.363829
26.217491 -14.924633
25.720454 -15.497204
25.223403 -16.081542
24.726338 -16.677646
24.229260 -17.285518
23.732167 -17.905157
23.235061 -18.536563
22.737941 -19.179735
22.240808 -19.834675
21.743660 -20.501382
21.246499 -21.179856
