189.365231 232.681777
190.009870 231.096885
190.641234 229.507506
191.259322 227.913640
191.864134 226.315288
192.455671 224.712448
193.033932 223.105122
193.598917 221.493308
194.150627 219.877008
194.689061 218.256221
195.214220 216.630946
195.726103 215.001185
196.224710 213.366937
196.710042 211.728202
197.182098 210.084980
197.640878 208.437272
198.086383 206.785076
198.518612 205.128393
198.937566 203.467224
199.343244 201.801567
199.735646 200.131424
200.114773 198.456794
200.480624 196.777677
200.833199 195.094073
201.172499 193.405982
201.498523 191.713404
201.811272 190.016339
202.110745 188.314787
202.396942 186.608748
202.669864 184.898223
202.929510 183.183210
203.175880 181.463711
203.408975 179.739724
203.628794 178.011251
203.835338 176.278291
204.028606 174.540844
204.208598 172.798910
204.375315 171.052489
204.528756 169.301581
204.668921 167.546186
204.795811 165.786305
204.909425 164.021936
205.009764 162.253080
205.096827 160.479738
205.170614 158.701909
205.231126 156.919592
205.278362 155.132789
205.312323 153.341499
205.333007 151.545722
205.340417 149.745458
205.334550 147.940707
205.315408 146.131469
205.282991 144.317745
205.237297 142.499533
205.178328 140.676835
205.106084 138.849649
205.020564 137.017977
204.921768 135.181818
204.809697 133.341171
204.684350 131.496038
204.545727 129.646418
204.393829 127.792311
204.228655 125.933717
204.050205 124.070637
203.858480 122.203069
203.653479 120.331014
203.435203 118.454473
203.203651 116.573444
202.958823 114.687929
202.700720 112.797927
202.429341 110.903438
202.144687 109.004462
201.846757 107.100999
201.535551 105.193049
201.211069 103.280612
200.873312 101.363688
200.522280 99.442277
200.157972 97.516380
199.780388 95.585995
199.389528 93.651124
198.985393 91.711765
198.567982 89.767920
198.137296 87.819588
197.693334 85.866769
197.236096 83.909463
196.765583 81.947670
196.281794 79.981390
195.784730 78.010623
195.274390 76.035369
194.750774 74.055629
194.213883 72.071401
193.663716 70.082687
193.100273 68.089486
192.523555 66.091797
191.933561 64.089622
191.330291 62.082960
190.713746 60.071811
190.083926 58.056175
189.440829 56.036052
188.784457 54.011442
188.114810 51.982346
187.431886 49.948762
186.735688 47.910691
186.026213 45.868134
185.303463 43.821090
184.567437 41.769558
183.818136 39.713540
183.055559 37.653035
182.279706 35.588043
181.490578 33.518564
180.688174 31.444598
179.872495 29.366145
179.043540 27.283206
178.201309 25.195779
177.345803 23.103866
176.477021 21.007465
175.594963 18.906578
174.699630 16.801204
173.791021 14.691342
172.869137 12.576994
171.933977 10.458159
170.985541 8.334837
170.023830 6.207028
169.048843 4.074733
168.060580 1.937950
167.059633 -0.202558
166.058996 -2.330044
165.063986 -4.437655
164.074603 -6.525393
163.090847 -8.593255
162.112718 -10.641244
161.140216 -12.669358
160.173341 -14.677598
159.212093 -16.665964
158.256472 -18.634456
157.306478 -20.583073
156.362111 -22.511816
155.423371 -24.420685
154.490258 -26.309679
153.562772 -28.178799
152.640913 -30.028045
151.724681 -31.857417
150.814076 -33.666914
149.909098 -35.456538
149.009746 -37.226287
148.116022 -38.976161
147.227925 -40.706162
146.345455 -42.416288
145.468612 -44.106539
144.597395 -45.776917
143.731806 -47.427420
142.871844 -49.058049
142.017509 -50.668804
141.168800 -52.259685
140.325719 -53.830691
139.488265 -55.381823
138.656437 -56.913081
137.830237 -58.424464
137.009664 -59.915973
136.194717 -61.387608
135.385398 -62.839369
134.581706 -64.271255
133.783640 -65.683268
132.991202 -67.075406
132.204390 -68.447669
131.423206 -69.800058
130.647648 -71.132574
129.877718 -72.445214
129.113414 -73.737981
128.354738 -75.010873
127.601688 -76.263891
126.854266 -77.497035
126.112470 -78.710305
125.376301 -79.903700
124.645760 -81.077221
123.920845 -82.230868
123.201557 -83.364640
122.487897 -84.478538
121.779863 -85.572562
121.077456 -86.646712
120.380677 -87.700987
119.689524 -88.735388
119.003998 -89.749915
118.324100 -90.744568
117.649828 -91.719346
116.981183 -92.674250
116.318165 -93.609280
115.660774 -94.524436
115.009011 -95.419717
114.362874 -96.295124
113.722364 -97.150657
113.087481 -97.986315
112.458225 -98.802100
111.834596 -99.598010
111.216594 -100.374045
110.604219 -101.130207
109.997471 -101.866494
109.396350 -102.582907
108.800856 -103.279446
108.210989 -103.956110
107.626749 -104.612900
107.048136 -105.249816
106.475150 -105.866858
105.907791 -106.464025
105.346059 -107.041318
104.789954 -107.598737
104.239476 -108.136281
103.694625 -108.653952
103.155401 -109.151748
102.621803 -109.629669
102.093833 -110.087717
101.571490 -110.525890
101.054774 -110.944189
100.543685 -111.342614
100.038222 -111.721164
99.538387 -112.079841
99.044179 -112.418642
98.555598 -112.737570
98.072643 -113.036623
97.595316 -113.315803
97.123616 -113.575107
96.657542 -113.814538
96.197096 -114.034094
95.742277 -114.233776
95.293084 -114.413584
94.849519 -114.573518
94.411580 -114.713577
93.979269 -114.833762
93.552584 -114.934073
93.131527 -115.014509
92.716096 -115.075072
92.306293 -115.115760
91.902116 -115.136573
91.503567 -115.137513
91.110644 -115.118578
90.723349 -115.079769
90.341680 -115.021085
89.965639 -114.942528
89.595224 -114.844096
89.230436 -114.725790
88.871276 -114.587609
88.517742 -114.429555
88.169835 -114.251626
87.827556 -114.053823
87.490903 -113.836145
87.159877 -113.598593
86.834479 -113.341167
86.514707 -113.063867
86.200562 -112.766693
85.892044 -112.449644
85.588676 -112.114600
85.287590 -111.772841
84.988311 -111.426244
84.690836 -111.074810
84.395167 -110.718540
84.101304 -110.357432
83.809246 -109.991488
83.518993 -109.620707
83.230546 -109.245089
82.943905 -108.864635
82.659069 -108.479343
82.376038 -108.089215
82.094813 -107.694249
81.815393 -107.294447
81.537779 -106.889808
81.261970 -106.480332
80.987967 -106.066020
80.715769 -105.646870
80.445377 -105.222884
80.176790 -104.794060
79.910009 -104.360400
79.645033 -103.921903
79.381862 -103.478569
79.120497 -103.030399
78.860938 -102.577391
78.603184 -102.119547
78.347235 -101.656865
78.093092 -101.189347
77.840755 -100.716992
77.590223 -100.239800
77.341496 -99.757772
77.094575 -99.270906
76.849459 -98.779204
76.606149 -98.282665
76.364644 -97.781289
76.124945 -97.275076
75.887051 -96.764026
75.650962 -96.248139
75.416679 -95.727416
75.184202 -95.201855
74.953530 -94.671458
74.724664 -94.136224
74.497603 -93.596153
74.272347 -93.051245
74.048897 -92.501501
73.827252 -91.946919
73.607413 -91.387501
73.389380 -90.823246
73.173151 -90.254154
72.958729 -89.680225
72.746111 -89.101459
72.535300 -88.517856
72.326293 -87.929417
72.119093 -87.336140
71.913697 -86.738027
71.710107 -86.135077
71.508323 -85.527290
71.308344 -84.914667
71.110171 -84.297206
70.913803 -83.674909
70.719240 -83.047774
70.526483 -82.415803
70.335531 -81.778995
70.146385 -81.137350
69.959045 -80.490868
69.773509 -79.839550
69.589780 -79.183394
69.407855 -78.522402
69.227737 -77.856573
69.049423 -77.185907
68.872916 -76.510404
68.698213 -75.830064
68.525316 -75.144888
68.354225 -74.454874
68.184939 -73.760024
68.017459 -73.060337
67.851784 -72.355813
67.687914 -71.646452
67.525850 -70.932255
67.365591 -70.213220
67.207138 -69.489349
67.050491 -68.760640
66.895649 -68.027095
66.742612 -67.288713
66.591381 -66.545495
66.441955 -65.797439
66.294335 -65.044546
66.148520 -64.286817
66.004510 -63.524251
65.862307 -62.756848
65.721908 -61.984608
65.583315 -61.207531
65.446528 -60.425617
65.311546 -59.638867
65.178369 -58.847279
65.046998 -58.050855
64.917433 -57.249594
64.789673 -56.443496
64.663718 -55.632561
64.539569 -54.816790
64.417225 -53.996181
64.296687 -53.170736
64.177954 -52.340454
64.061027 -51.505335
63.945905 -50.665379
63.832589 -49.820586
63.721078 -48.970956
63.611373 -48.116490
63.503473 -47.257187
63.397378 -46.393047
63.293089 -45.524070
63.190606 -44.650256
63.089928 -43.771605
62.991055 -42.888117
62.893988 -41.999793
62.798727 -41.106632
62.705270 -40.208633
62.613620 -39.305798
62.523775 -38.398127
62.435735 -37.485618
62.349501 -36.568272
62.265072 -35.646090
62.182448 -34.719071
62.101631 -33.787214
62.022618 -32.850521
61.944043 -31.913749
61.862563 -30.988528
61.778024 -30.075387
61.690427 -29.174325
61.599773 -28.285342
61.506060 -27.408440
61.409289 -26.543617
61.309461 -25.690873
61.206574 -24.850209
61.100630 -24.021625
60.991627 -23.205120
60.879567 -22.400695
60.764449 -21.608349
60.646272 -20.828083
60.525038 -20.059897
60.400746 -19.303790
60.273395 -18.559763
60.142987 -17.827816
60.009521 -17.107948
59.872997 -16.400160
59.733414 -15.704451
59.590774 -15.020822
59.445076 -14.349272
59.296320 -13.689802
59.144506 -13.042412
58.989634 -12.407101
58.831704 -11.783870
58.670716 -11.172719
58.506670 -10.573647
58.339566 -9.986654
58.169404 -9.411742
57.996184 -8.848908
57.819907 -8.298155
57.640571 -7.759481
57.458177 -7.232887
57.272725 -6.718372
57.084216 -6.215937
56.892648 -5.725581
56.698022 -5.247305
56.500339 -4.781109
56.299597 -4.326992
56.095797 -3.884955
55.888940 -3.454998
55.679024 -3.037120
55.466051 -2.631322
55.250019 -2.237603
55.030930 -1.855964
54.808783 -1.486404
54.583577 -1.128924
54.355314 -0.783524
54.123993 -0.450203
53.889613 -0.128962
53.652176 0.180199
53.411681 0.477281
53.168128 0.762284
52.921517 1.035206
52.671848 1.296049
52.419120 1.544813
52.163335 1.781497
51.904492 2.006101
51.642591 2.218626
51.377632 2.419071
51.109615 2.607437
50.838541 2.783722
50.564408 2.947929
50.287217 3.100055
50.006968 3.240103
49.723661 3.368070
49.437296 3.483958
49.147874 3.587766
48.855393 3.679495
48.559854 3.759144
48.261258 3.826714
47.959603 3.882204
47.654890 3.925614
47.347120 3.956945
47.036291 3.976196
46.722405 3.983367
46.405460 3.978459
46.085458 3.961471
45.762397 3.932404
45.436279 3.891257
45.107103 3.838031
44.774868 3.772725
44.439576 3.695339
44.101226 3.605874
43.759818 3.504329
43.415351 3.390704
43.067827 3.265000
42.717245 3.127217
42.363605 2.977353
42.006907 2.815410
41.647151 2.641388
41.284337 2.455286
40.918465 2.257104
40.549535 2.046843
40.177547 1.824502
39.802501 1.590081
39.424397 1.343581
39.043235 1.085002
38.659015 0.814342
38.271737 0.531603
37.881402 0.236785
37.488008 -0.070113
37.091556 -0.389091
36.692047 -0.720148
36.289479 -1.063285
35.883853 -1.418502
35.475170 -1.785798
35.063428 -2.165173
34.648629 -2.556629
34.230771 -2.960164
33.809856 -3.375778
33.385882 -3.803472
32.958851 -4.243246
32.528761 -4.695099
32.095614 -5.159032
31.659409 -5.635045
31.220145 -6.123137
30.777824 -6.623308
30.332445 -7.135560
29.884008 -7.659891
29.432512 -8.196301
28.977959 -8.744791
28.520348 -9.305361
