188.877488 -233.077872
188.054437 -232.811768
187.235453 -232.544115
186.420538 -232.274914
185.609691 -232.004165
184.802911 -231.731867
184.000200 -231.458021
183.201557 -231.182627
182.406982 -230.905685
181.616474 -230.627194
180.830035 -230.347156
180.047664 -230.065568
179.269361 -229.782433
178.495126 -229.497749
177.724959 -229.211517
176.958860 -228.923737
176.196829 -228.634409
175.438866 -228.343532
174.684971 -228.051107
173.935144 -227.757134
173.189385 -227.461612
172.447694 -227.164542
171.710071 -226.865924
170.976517 -226.565758
170.247030 -226.264043
169.521611 -225.960780
168.800261 -225.655969
168.082978 -225.349609
167.369763 -225.041701
166.660617 -224.732245
165.955538 -224.421241
165.254528 -224.108688
164.557585 -223.794587
163.864711 -223.478938
163.175904 -223.161741
162.491166 -222.842995
161.810496 -222.522701
161.133893 -222.200859
160.461359 -221.877468
159.792893 -221.552530
159.128495 -221.226043
158.468164 -220.898007
157.811902 -220.568424
157.159708 -220.237292
156.511582 -219.904612
155.867524 -219.570383
155.227534 -219.234606
154.591612 -218.897282
153.959758 -218.558408
153.331972 -218.217987
152.708254 -217.876017
152.088604 -217.532499
151.473022 -217.187433
150.861508 -216.840818
150.254063 -216.492655
149.650685 -216.142944
149.051375 -215.791684
148.456134 -215.438877
147.864960 -215.084521
147.277854 -214.728616
146.694817 -214.371164
146.115847 -214.012163
145.540946 -213.651614
144.970112 -213.289517
144.403347 -212.925871
143.840649 -212.560677
143.282020 -212.193935
142.727458 -211.825645
142.176965 -211.455806
141.630540 -211.084419
141.088182 -210.711484
140.549893 -210.337000
140.015672 -209.960968
139.485519 -209.583388
138.959434 -209.204260
138.437417 -208.823583
137.919468 -208.441358
137.405586 -208.057585
136.895773 -207.672264
136.390028 -207.285394
135.888351 -206.896976
135.390743 -206.507010
134.897202 -206.115495
134.407729 -205.722432
133.922324 -205.327821
133.440987 -204.931662
132.963718 -204.533954
132.490518 -204.134698
132.021385 -203.733894
131.556320 -203.331542
131.095324 -202.927641
130.638395 -202.522192
130.185534 -202.115195
129.736742 -201.706649
129.292017 -201.296555
128.851361 -200.884913
128.414772 -200.471723
127.982252 -200.056984
127.553800 -199.640697
127.129415 -199.222862
126.709099 -198.803479
126.292851 -198.382547
125.880670 -197.960067
125.472558 -197.536039
125.068514 -197.110462
124.668538 -196.683337
124.272630 -196.254664
123.880790 -195.824443
123.493018 -195.392673
123.109313 -194.959355
122.729677 -194.524489
122.354110 -194.088075
121.982610 -193.650112
121.615178 -193.210601
121.251814 -192.769542
120.892518 -192.326934
120.537290 -191.882778
120.186130 -191.437074
119.839039 -190.989822
119.496015 -190.541021
119.157059 -190.090672
118.822171 -189.638775
118.491352 -189.185329
118.164600 -188.730336
117.841917 -188.273794
117.523244 -187.815359
117.207315 -187.347453
116.893612 -186.866976
116.582136 -186.373928
116.272886 -185.868309
115.965863 -185.350118
115.661066 -184.819356
115.358495 -184.276024
115.058150 -183.720119
114.760032 -183.151644
114.464140 -182.570598
114.170475 -181.976980
113.879036 -181.370791
113.589823 -180.752031
113.302836 -180.120700
113.018076 -179.476798
112.735542 -178.820324
112.455234 -178.151279
112.177153 -177.469663
111.901298 -176.775476
111.627669 -176.068718
111.356267 -175.349388
111.087091 -174.617487
110.820141 -173.873015
110.555418 -173.115972
110.292921 -172.346358
110.032650 -171.564172
109.774606 -170.769416
109.518788 -169.962088
109.265196 -169.142189
109.013831 -168.309718
108.764692 -167.464677
108.517779 -166.607064
108.273092 -165.736880
108.030632 -164.854125
107.790398 -163.958799
107.552391 -163.050902
107.316610 -162.130433
107.083055 -161.197393
106.851726 -160.251782
106.622624 -159.293600
106.395748 -158.322847
106.171099 -157.339522
105.948676 -156.343626
105.728479 -155.335159
105.510508 -154.314121
105.294764 -153.280512
105.081246 -152.234331
104.869954 -151.175580
104.660889 -150.104257
104.454050 -149.020363
104.249438 -147.923897
104.047051 -146.814861
103.846891 -145.693253
103.648958 -144.559074
103.453250 -143.412324
103.259769 -142.253003
103.068514 -141.081111
102.879486 -139.896647
102.692684 -138.699612
102.508108 -137.490006
102.325759 -136.267829
102.145636 -135.033080
101.967739 -133.785761
101.792069 -132.525870
101.618625 -131.253408
101.447407 -129.968375
101.278415 -128.670771
101.111650 -127.360595
100.947111 -126.037848
100.784799 -124.702531
100.624713 -123.354641
100.466853 -121.994181
100.311219 -120.621150
100.157812 -119.235547
100.006631 -117.837373
99.857677 -116.426628
99.710948 -115.003312
99.566446 -113.567424
99.424171 -112.118966
99.284122 -110.657936
99.146299 -109.184335
99.010702 -107.698163
98.877332 -106.199419
98.746188 -104.688105
98.617270 -103.164219
98.490579 -101.627762
98.366114 -100.078734
98.243875 -98.517135
98.123863 -96.942964
98.006077 -95.356222
97.890517 -93.756909
97.777183 -92.145025
97.666076 -90.520570
97.557196 -88.883543
97.450541 -87.233946
97.346113 -85.571777
97.243911 -83.897037
97.143936 -82.209726
97.046187 -80.509843
96.950664 -78.797390
96.857367 -77.072365
96.766297 -75.334769
96.677453 -73.584601
96.590836 -71.821863
96.506445 -70.046553
96.424280 -68.258673
96.344341 -66.458221
96.266629 -64.645198
96.191143 -62.819603
96.117884 -60.981438
96.046850 -59.130701
95.978043 -57.267393
95.911463 -55.391514
95.847108 -53.503064
95.784980 -51.602042
95.725079 -49.688449
95.667403 -47.762286
95.611954 -45.823551
95.558732 -43.872244
95.507735 -41.908367
95.458965 -39.931918
95.412422 -37.942898
95.368104 -35.941307
95.326013 -33.927145
95.285560 -31.904752
95.243212 -29.900167
95.198381 -27.917732
95.151067 -25.957446
95.101270 -24.019309
95.048990 -22.103321
94.994226 -20.209482
94.936980 -18.337792
94.877250 -16.488251
94.815037 -14.660859
94.750342 -12.855617
94.683163 -11.072523
94.613501 -9.311579
94.541356 -7.572783
94.466728 -5.856137
94.389616 -4.161639
94.310022 -2.489291
94.227944 -0.839092
94.143384 0.788958
94.056340 2.394859
93.966813 3.978611
93.874803 5.540214
93.780310 7.079668
93.683334 8.596973
93.583875 10.092128
93.481932 11.565135
93.377507 13.015992
93.270598 14.444701
93.161207 15.851260
93.049332 17.235670
92.934974 18.597932
92.818133 19.938044
92.698809 21.256007
92.577002 22.551821
92.452712 23.825486
92.325938 25.077002
92.196682 26.306369
92.064942 27.513586
91.930719 28.698655
91.794014 29.861575
91.654825 31.002345
91.513153 32.120966
91.368998 33.217439
91.222359 34.291762
91.073238 35.343936
90.921634 36.373961
90.767546 37.381838
90.610975 38.367565
90.451922 39.331143
90.290385 40.272571
90.126365 41.191851
89.959862 42.088982
89.790876 42.963964
89.619406 43.816796
89.445454 44.647480
89.269019 45.456014
89.090100 46.242399
88.908698 47.006636
88.724814 47.748723
88.538446 48.468661
88.349595 49.166450
88.158261 49.842090
87.964443 50.495581
87.768143 51.126923
87.569360 51.736116
87.368093 52.323159
87.164344 52.888054
86.958111 53.430800
86.749395 53.951396
86.538196 54.449843
86.324514 54.926142
86.108349 55.380291
85.889701 55.812291
85.668569 56.222142
85.444955 56.609844
85.218857 56.975397
84.990277 57.318801
84.759213 57.640056
84.525666 57.939162
84.289636 58.216119
84.051123 58.470926
83.810127 58.703585
83.566647 58.914094
83.320685 59.102455
83.072240 59.268666
82.821311 59.412728
82.567899 59.534641
82.312004 59.634406
82.053627 59.712021
81.792766 59.767487
81.529421 59.800803
81.263594 59.811971
80.995284 59.800990
80.724490 59.767860
80.451214 59.712580
80.175454 59.635152
79.897212 59.535574
79.616486 59.413848
79.333277 59.269972
79.047585 59.103947
78.759409 58.915774
78.468751 58.705451
78.175610 58.472979
77.879985 58.218358
77.581878 57.941588
77.281287 57.642668
76.978213 57.321600
76.672656 56.978383
76.364616 56.613016
76.054093 56.225501
75.741087 55.815836
75.425598 55.384023
75.107625 54.930060
74.787170 54.453948
74.464231 53.955687
74.138810 53.435278
73.810905 52.892719
73.480517 52.328011
73.147646 51.741153
72.812292 51.132147
72.474454 50.500992
72.134134 49.847688
71.791331 49.172234
71.446044 48.474632
71.098274 47.754880
70.748797 47.021000
70.399510 46.292594
70.050497 45.570556
69.701760 44.854884
69.353298 44.145579
69.005112 43.442640
68.657201 42.746069
68.309565 42.055863
67.962205 41.372025
67.615120 40.694553
67.268310 40.023447
66.921776 39.358708
66.575517 38.700336
66.229533 38.048331
65.883825 37.402692
65.538392 36.763420
65.193235 36.130514
64.848352 35.503975
64.503746 34.883803
64.159414 34.269997
63.815358 33.662558
63.471577 33.061485
63.128072 32.466780
62.784842 31.878440
62.441887 31.296468
62.099207 30.720862
61.756803 30.151622
61.414675 29.588750
61.072821 29.032244
60.731243 28.482104
60.389941 27.938332
60.048913 27.400925
59.708161 26.869886
59.367685 26.345213
59.027484 25.826907
58.687558 25.314967
58.347907 24.809394
58.008532 24.310188
57.669432 23.817348
57.330608 23.330875
56.992058 22.850768
56.653785 22.377028
56.315786 21.909655
55.978063 21.448648
55.640615 20.994008
55.303443 20.545735
54.966546 20.103828
54.629924 19.668288
54.293578 19.239115
53.957507 18.816308
53.621711 18.399868
53.286191 17.989794
52.950946 17.586087
52.615976 17.188747
52.281282 16.797773
51.946863 16.413166
51.612720 16.034926
51.278851 15.663052
50.945259 15.297545
50.611941 14.938404
50.278899 14.585631
49.946132 14.239223
49.613641 13.899183
49.281425 13.565509
48.949484 13.238201
48.617818 12.917261
48.286428 12.602686
47.955314 12.294479
47.624474 11.992638
47.293910 11.697164
46.963622 11.408056
46.633608 11.125315
46.303871 10.848941
45.974408 10.578933
45.645221 10.315292
45.316309 10.058018
44.987672 9.807110
44.659311 9.562569
44.331225 9.324394
44.003415 9.092586
43.675880 8.867145
43.348620 8.648070
43.021635 8.435362
42.694926 8.229021
42.368493 8.029046
42.042334 7.835438
41.716451 7.648196
41.390843 7.467322
41.065511 7.292813
40.740454 7.124672
40.415672 6.962897
40.091166 6.807488
39.766935 6.658447
39.442980 6.515771
39.119299 6.379463
38.795895 6.249521
38.472765 6.125946
38.149911 6.008737
37.827332 5.897895
37.505028 5.793420
37.183000 5.695311
36.861248 5.603569
36.539770 5.518194
36.218568 5.439185
35.897641 5.366543
35.576990 5.300267
35.256614 5.240358
34.936513 5.186816
34.616688 5.139641
34.297138 5.098831
33.977863 5.064389
33.658864 5.036313
33.340140 5.014604
33.021691 4.999262
32.703518 4.990286
32.385620 4.987677
32.067998 4.991434
31.750651 5.001558
31.433579 5.018049
31.116782 5.040906
30.800261 5.070130
30.484015 5.105720
30.168045 5.147678
29.852350 5.196001
29.536930 5.250692
