279.009978 110.242607
277.218128 104.964715
275.440940 99.744696
273.678416 94.582551
271.930554 89.478279
270.197355 84.431881
268.478818 79.443356
266.774944 74.512705
265.085733 69.639928
263.411184 64.825024
261.751299 60.067994
260.106075 55.368837
258.475515 50.727554
256.859617 46.144144
255.258382 41.618608
253.671809 37.150945
252.099900 32.741156
250.542652 28.389240
249.000068 24.095198
247.472146 19.859030
245.958887 15.680735
244.460291 11.560314
242.976357 7.497766
241.507086 3.493092
240.052477 -0.453709
238.612532 -4.342636
237.187248 -8.173690
235.776628 -11.946870
234.380670 -15.662176
232.999375 -19.319609
231.632743 -22.919169
230.280773 -26.460854
228.943466 -29.944667
227.620822 -33.370606
226.312840 -36.738671
225.019521 -40.048862
223.740865 -43.301180
222.476871 -46.495625
221.227540 -49.632196
219.992872 -52.710894
218.772866 -55.731717
217.567523 -58.694668
216.376843 -61.599745
215.200825 -64.446948
214.039470 -67.236278
212.892778 -69.967734
211.760749 -72.641317
210.643382 -75.257026
209.540677 -77.814861
208.452636 -80.314823
207.379257 -82.756912
206.320541 -85.141126
205.276487 -87.467468
204.247096 -89.735936
203.232368 -91.946530
202.232303 -94.099251
201.246900 -96.194098
200.276160 -98.231071
199.320082 -100.210171
198.378667 -102.131398
197.451915 -103.994751
196.539826 -105.800230
195.642399 -107.547836
194.759635 -109.237568
193.891533 -110.869427
193.038095 -112.443412
192.199319 -113.959524
191.375205 -115.417762
190.565754 -116.818127
189.770966 -118.160618
188.990841 -119.445235
188.225378 -120.671979
187.474578 -121.840850
186.738441 -122.951846
186.016966 -124.004970
185.310154 -125.000219
184.618005 -125.937596
183.940518 -126.817098
183.277694 -127.638727
182.629533 -128.402483
181.996034 -129.108365
181.377198 -129.756373
180.773025 -130.346508
180.183514 -130.878770
179.608666 -131.353157
179.048481 -131.769672
178.502958 -132.128312
177.972098 -132.429080
177.455901 -132.671973
176.954367 -132.856993
176.467495 -132.984140
175.995285 -133.053413
175.537739 -133.064812
175.094855 -133.018338
174.666634 -132.913990
174.253075 -132.751769
173.854179 -132.531674
173.469946 -132.253706
173.100376 -131.917864
172.745468 -131.524149
172.405223 -131.072560
172.079640 -130.563097
171.768720 -129.995761
171.472463 -129.370552
171.190869 -128.687468
170.923937 -127.946512
170.671668 -127.147682
170.434061 -126.290978
170.211118 -125.376400
170.002837 -124.403949
169.809218 -123.373625
169.630262 -122.285427
169.465969 -121.139355
169.316339 -119.935410
169.181371 -118.673592
169.061066 -117.353900
168.955424 -115.976334
168.864444 -114.540895
168.788127 -113.047582
168.726473 -111.496395
168.679481 -109.887335
168.647152 -108.220402
168.629486 -106.495595
168.626482 -104.712914
168.638141 -102.872360
168.663816 -100.976380
168.689273 -99.078826
168.708691 -97.201726
168.722069 -95.345082
168.729406 -93.508894
168.730704 -91.693160
168.725962 -89.897882
168.715181 -88.123059
168.698359 -86.368692
168.675497 -84.634779
168.646596 -82.921323
168.611655 -81.228321
168.570673 -79.555774
168.523652 -77.903683
168.470591 -76.272048
168.411491 -74.660867
168.346350 -73.070142
168.275169 -71.499872
168.197949 -69.950057
168.114689 -68.420698
168.025388 -66.911794
167.930048 -65.423345
167.828668 -63.955351
167.721248 -62.507813
167.607789 -61.080730
167.488289 -59.674103
167.362750 -58.287930
167.231170 -56.922213
167.093551 -55.576952
166.949892 -54.252145
166.800193 -52.947794
166.644454 -51.663898
166.482675 -50.400457
166.314857 -49.157472
166.140998 -47.934942
165.961100 -46.732867
165.775161 -45.551248
165.583183 -44.390084
165.385165 -43.249375
165.181107 -42.129121
164.971010 -41.029323
164.754872 -39.949980
164.532694 -38.891092
164.304477 -37.852660
164.070220 -36.834683
163.829923 -35.837161
163.583585 -34.860095
163.331209 -33.903483
163.072792 -32.967327
162.808335 -32.051627
162.537839 -31.156381
162.261302 -30.281591
161.978726 -29.427256
161.690110 -28.593377
161.395454 -27.779953
161.094758 -26.986984
160.788022 -26.214470
160.475246 -25.462412
160.156430 -24.730809
159.831575 -24.019661
159.500680 -23.328968
159.163744 -22.658731
158.820769 -22.008949
158.471754 -21.379623
158.116700 -20.770751
157.755605 -20.182335
157.388470 -19.614375
157.015296 -19.066869
156.636081 -18.539819
156.250827 -18.033224
155.859533 -17.547085
155.462199 -17.081400
155.058825 -16.636171
154.649411 -16.211398
154.233958 -15.807079
153.812464 -15.423216
153.384931 -15.059808
152.951358 -14.716856
152.511745 -14.394359
152.066092 -14.092317
151.614399 -13.810730
151.156666 -13.549599
150.692893 -13.308922
150.223081 -13.088702
149.747228 -12.888936
149.265336 -12.709626
148.777404 -12.550771
148.283432 -12.412371
147.783420 -12.294427
147.277368 -12.196938
146.765277 -12.119904
146.247145 -12.063326
145.722974 -12.027202
145.192762 -12.011535
144.656511 -12.016322
144.114220 -12.041565
143.565889 -12.087263
143.011518 -12.153416
142.451108 -12.240024
141.884657 -12.347088
141.312167 -12.474607
140.733636 -12.622582
140.149066 -12.791011
139.558456 -12.979896
138.961806 -13.189237
138.359116 -13.419032
137.750386 -13.669283
137.135617 -13.939989
136.514807 -14.231151
135.887958 -14.542767
135.255069 -14.874840
134.616140 -15.227367
133.971171 -15.600349
133.320162 -15.993787
132.663113 -16.407681
132.000025 -16.842029
131.330896 -17.296833
130.655728 -17.772092
129.974519 -18.267806
129.287271 -18.783976
128.593983 -19.320601
127.894655 -19.877681
127.189288 -20.455216
126.477880 -21.053207
125.760432 -21.671653
125.038223 -22.306458
124.318923 -22.933044
123.603809 -23.547315
122.892883 -24.149269
122.186143 -24.738909
121.483590 -25.316232
120.785224 -25.881241
120.091045 -26.433933
119.401053 -26.974310
118.715248 -27.502372
118.033629 -28.018118
117.356198 -28.521549
116.682953 -29.012664
116.013896 -29.491463
115.349025 -29.957947
114.688341 -30.412116
114.031844 -30.853968
113.379534 -31.283506
112.731411 -31.700728
112.087475 -32.105634
111.447726 -32.498225
110.812164 -32.878500
110.180788 -33.246460
109.553600 -33.602104
108.930598 -33.945433
108.311783 -34.276446
107.697155 -34.595143
107.086714 -34.901526
106.480460 -35.195592
105.878393 -35.477343
105.280513 -35.746779
104.686820 -36.003899
104.097314 -36.248703
103.511994 -36.481192
102.930861 -36.701365
102.353916 -36.909223
101.781157 -37.104766
101.212585 -37.287992
100.648200 -37.458904
100.088002 -37.617499
99.531991 -37.763780
98.980167 -37.897744
98.432530 -38.019394
97.889079 -38.128727
97.349816 -38.225745
96.814739 -38.310448
96.283849 -38.382835
95.757147 -38.442906
95.234631 -38.490662
94.716302 -38.526103
94.202160 -38.549228
93.692204 -38.560037
93.186436 -38.558531
92.684855 -38.544709
92.187460 -38.518572
91.694253 -38.480119
91.205232 -38.429351
90.720398 -38.366267
90.239752 -38.290868
89.763292 -38.203153
89.291019 -38.103123
88.822933 -37.990777
88.359033 -37.866116
87.899321 -37.729139
87.443796 -37.579846
86.992457 -37.418238
86.545306 -37.244315
86.102341 -37.058076
85.663563 -36.859521
85.228973 -36.648651
84.798569 -36.425465
84.372352 -36.189964
83.950321 -35.942147
83.532478 -35.682015
83.118822 -35.409567
82.709352 -35.124804
82.304070 -34.827725
81.902974 -34.518331
81.506066 -34.196621
81.113344 -33.862596
80.724809 -33.516255
80.340461 -33.157598
79.960300 -32.786626
79.584326 -32.403339
79.212539 -32.007736
78.844938 -31.599817
78.481525 -31.179583
78.122298 -30.747033
77.767259 -30.302168
77.416406 -29.844987
77.069740 -29.375491
76.727261 -28.893679
76.388969 -28.399552
76.054864 -27.893109
75.724946 -27.374351
75.399215 -26.843277
75.077670 -26.299888
74.760313 -25.744183
74.447142 -25.176162
74.138159 -24.595826
73.833362 -24.003175
73.532752 -23.398208
73.236329 -22.780925
72.944093 -22.151327
72.656044 -21.509413
72.372182 -20.855184
72.092506 -20.188640
71.817018 -19.509779
71.545717 -18.818604
71.278602 -18.115112
71.015674 -17.399306
70.756934 -16.671183
70.502380 -15.930745
70.252013 -15.177992
70.005833 -14.412923
69.763840 -13.635539
69.526033 -12.845839
69.292414 -12.043823
69.062982 -11.229492
68.837736 -10.402845
68.616677 -9.563883
68.399806 -8.712606
68.187121 -7.849013
67.978623 -6.973104
67.774312 -6.084880
67.572459 -5.192081
67.368840 -4.313631
67.163263 -3.450390
66.955726 -2.602357
66.746231 -1.769532
66.534778 -0.951917
66.321365 -0.149510
66.105995 0.637689
65.888665 1.409679
65.669377 2.166460
65.448130 2.908032
65.224925 3.634396
64.999761 4.345552
64.772638 5.041499
64.543557 5.722237
64.312517 6.387766
64.079518 7.038087
63.844561 7.673199
63.607645 8.293103
63.368770 8.897798
63.127937 9.487285
62.885146 10.061563
62.640395 10.620632
62.393686 11.164493
62.145019 11.693145
61.894392 12.206588
61.641807 12.704823
61.387264 13.187849
61.130762 13.655667
60.872301 14.108276
60.611882 14.545676
60.349503 14.967868
60.085167 15.374851
59.818871 15.766626
59.550617 16.143192
59.280405 16.504549
59.008234 16.850698
58.734104 17.181638
58.458015 17.497369
58.179968 17.797892
57.899962 18.083206
57.617998 18.353312
57.334075 18.608209
57.048193 18.847898
56.760353 19.072377
56.470554 19.281649
56.178797 19.475711
55.885081 19.654565
55.589406 19.818211
55.291772 19.966647
54.992180 20.099876
54.690630 20.217895
54.387120 20.320706
54.081652 20.408309
53.774226 20.480702
53.464840 20.537887
53.153497 20.579864
52.840194 20.606632
52.524933 20.618191
52.207713 20.614542
51.888535 20.595684
51.567398 20.561617
51.244302 20.512342
50.919248 20.447858
50.592235 20.368166
50.263263 20.273265
49.932333 20.163155
49.599444 20.037837
49.264597 19.897310
48.927791 19.741575
48.589026 19.570631
48.248303 19.384478
47.905621 19.183117
47.560980 18.966547
47.214381 18.734769
46.865823 18.487782
46.515306 18.225586
46.162831 17.948182
45.808398 17.655569
45.452005 17.347747
45.093654 17.024717
44.733344 16.686478
44.371076 16.333031
44.006849 15.964375
43.640664 15.580510
43.272520 15.181437
42.902417 14.767155
42.530355 14.337665
42.156335 13.892966
41.780356 13.433058
41.402419 12.957942
41.022523 12.467617
40.640668 11.962084
40.256855 11.441341
39.871083 10.905391
39.483353 10.354231
39.093664 9.787864
38.702016 9.206287
38.308409 8.609502
37.912844 7.997508
37.515321 7.370306
37.115838 6.727895
36.714397 6.070275
36.310998 5.397447
35.905640 4.709410
35.498323 4.006165
35.089047 3.287711
34.677813 2.554048
34.264621 1.805177
33.849469 1.041097
33.432359 0.261809
33.013291 -0.532688
32.592263 -1.342394
32.169277 -2.167308
31.744333 -3.007431
31.317430 -3.862763
30.888568 -4.733303
30.457748 -5.619052
30.024969 -6.520009
29.590231 -7.436175
29.153535 -8.367550
28.714880 -9.314133
28.274266 -10.275925
27.831694 -11.252925
27.387163 -12.245134
