264.933425 140.748998
262.934231 135.183262
260.951307 129.666290
258.984654 124.198082
257.034270 118.778640
255.100156 113.407962
253.182313 108.086050
251.280739 102.812901
249.395435 97.588518
247.526401 92.412900
245.673637 87.286046
243.837143 82.207957
242.016920 77.178632
240.212966 72.198073
238.425282 67.266278
236.653868 62.383248
234.898723 57.548983
233.159849 52.763482
231.437245 48.026746
229.730911 43.338775
228.040847 38.699569
226.367053 34.109128
224.709528 29.567451
223.068274 25.074539
221.443290 20.630392
219.834576 16.235009
218.242131 11.888392
216.665957 7.590539
215.106052 3.341451
213.562418 -0.858873
212.035053 -5.010431
210.523959 -9.113225
209.029134 -13.167254
207.550580 -17.172519
206.088295 -21.129018
204.642281 -25.036753
203.212536 -28.895723
201.799061 -32.705929
200.401856 -36.467369
199.020922 -40.180045
197.656257 -43.843956
196.307862 -47.459102
194.975737 -51.025484
193.659882 -54.543101
192.360297 -58.011953
191.076982 -61.432040
189.809937 -64.803362
188.559162 -68.125920
187.324657 -71.399713
186.106422 -74.624741
184.904457 -77.801005
183.718762 -80.928503
182.549337 -84.007237
181.396182 -87.037206
180.259296 -90.018411
179.138681 -92.950850
178.034336 -95.834525
176.946261 -98.669435
175.874455 -101.455581
174.818920 -104.192961
173.779654 -106.881577
172.756659 -109.521428
171.749933 -112.112515
170.759478 -114.654836
169.785292 -117.148393
168.827377 -119.593185
167.885731 -121.989212
166.960356 -124.336475
166.051250 -126.634972
165.158414 -128.884705
164.281849 -131.085674
163.421553 -133.237877
162.577527 -135.341316
161.749771 -137.395990
160.938285 -139.401899
160.143069 -141.359044
159.364124 -143.267423
158.601448 -145.127038
157.855042 -146.937888
157.124906 -148.699974
156.411040 -150.413294
155.713443 -152.077850
155.032117 -153.693641
154.367061 -155.260668
153.718275 -156.778929
153.085759 -158.248426
152.469513 -159.669158
151.869536 -161.041126
151.285830 -162.364328
150.718394 -163.638766
150.167227 -164.864439
149.632331 -166.041347
149.113705 -167.169491
148.611348 -168.248870
148.125262 -169.279484
147.655445 -170.261333
147.201899 -171.194417
146.764622 -172.078737
146.343616 -172.914292
145.938879 -173.701082
145.550412 -174.439108
145.178216 -175.128368
144.822289 -175.768864
144.482632 -176.360595
144.159245 -176.903562
143.852129 -177.397763
143.561282 -177.843200
143.286705 -178.239872
143.028398 -178.587780
142.786361 -178.886922
142.560594 -179.137300
142.351097 -179.338913
142.157870 -179.491762
141.980913 -179.595845
141.820226 -179.651164
141.675809 -179.657718
141.547662 -179.615507
141.435784 -179.524532
141.340177 -179.384792
141.260840 -179.196287
141.197773 -178.959017
141.150975 -178.672982
141.120448 -178.338183
141.106191 -177.954619
141.108203 -177.522290
141.125935 -177.042714
141.147268 -176.549276
141.167245 -176.055633
141.185866 -175.561786
141.203131 -175.067735
141.219041 -174.573478
141.233594 -174.079018
141.246791 -173.584352
141.258632 -173.089483
141.269117 -172.594408
141.278246 -172.099129
141.286020 -171.603646
141.292437 -171.107958
141.297498 -170.612066
141.301203 -170.115969
141.303553 -169.619668
141.304546 -169.123162
141.304183 -168.626451
141.302464 -168.129536
141.299390 -167.632417
141.294959 -167.135093
141.289172 -166.637564
141.282030 -166.139831
141.273531 -165.641894
141.263676 -165.143752
141.252466 -164.645405
141.239899 -164.146854
141.225977 -163.648098
141.210698 -163.149138
141.194064 -162.649973
141.176073 -162.150604
141.156726 -161.651030
141.136024 -161.151252
141.113965 -160.651269
141.090551 -160.151082
141.065780 -159.650690
141.039654 -159.150094
141.012172 -158.649293
140.983333 -158.148288
140.953139 -157.647078
140.921588 -157.145664
140.888682 -156.644045
140.854419 -156.142221
140.818801 -155.640193
140.781827 -155.137961
140.743496 -154.635524
140.703810 -154.132882
140.662768 -153.630036
140.620369 -153.126986
140.576615 -152.623731
140.531505 -152.120271
140.485039 -151.616607
140.437216 -151.112738
140.388038 -150.608665
140.337504 -150.104387
140.285614 -149.599905
140.232367 -149.095218
140.177765 -148.590327
140.121807 -148.085231
140.064493 -147.579931
140.005823 -147.074426
139.945797 -146.568717
139.884414 -146.062803
139.821676 -145.556685
139.757582 -145.050362
139.692132 -144.543835
139.625326 -144.037103
139.557164 -143.530166
139.487646 -143.023025
139.416772 -142.515680
139.344542 -142.008130
139.270956 -141.500375
139.196014 -140.992416
139.119716 -140.484253
139.042062 -139.975885
138.963052 -139.467312
138.882686 -138.958535
138.800964 -138.449553
138.717886 -137.940367
138.633452 -137.430977
138.547662 -136.921381
138.460517 -136.411582
138.372015 -135.901577
138.282157 -135.391369
138.190943 -134.880955
138.098373 -134.370338
138.004447 -133.859515
137.909166 -133.348489
137.812528 -132.837257
137.714534 -132.325821
137.615184 -131.814181
137.514479 -131.302336
137.412417 -130.790287
137.308999 -130.278033
137.204225 -129.765574
137.098096 -129.252911
136.990610 -128.740044
136.881768 -128.226972
136.771571 -127.713695
136.660017 -127.200214
136.547107 -126.686529
136.432842 -126.172638
136.317220 -125.658544
136.200243 -125.144245
136.081909 -124.629741
135.962220 -124.115033
135.841174 -123.600120
135.718772 -123.085003
135.595015 -122.569681
135.469901 -122.054155
135.343432 -121.538424
135.215606 -121.022489
135.086425 -120.506349
134.955887 -119.990005
134.823994 -119.473456
134.690745 -118.956702
134.556139 -118.439745
134.420178 -117.922582
134.282860 -117.405215
134.144187 -116.887644
134.004158 -116.369868
133.862772 -115.851887
133.720031 -115.333702
133.575934 -114.815313
133.430480 -114.296719
133.283460 -113.778073
133.133605 -113.260294
132.980705 -112.743534
132.824759 -112.227794
132.665768 -111.713074
132.503731 -111.199372
132.338648 -110.686691
132.170521 -110.175029
131.999347 -109.664386
131.825128 -109.154763
131.647864 -108.646159
131.467554 -108.138575
131.284199 -107.632010
131.097798 -107.126464
130.908352 -106.621939
130.715860 -106.118432
130.520322 -105.615945
130.321739 -105.114478
130.120111 -104.614030
129.915437 -104.114601
129.707718 -103.616192
129.496953 -103.118803
129.283142 -102.622433
129.066286 -102.127082
128.846385 -101.632751
128.623438 -101.139440
128.397446 -100.647148
128.168408 -100.155875
127.936324 -99.665622
127.701195 -99.176388
127.463021 -98.688174
127.221801 -98.200979
126.977535 -97.714804
126.730224 -97.229648
126.479868 -96.745512
126.226466 -96.262395
125.970018 -95.780298
125.710525 -95.299220
125.447987 -94.819162
125.182403 -94.340123
124.913773 -93.862104
124.642098 -93.385104
124.367378 -92.909123
124.089612 -92.434162
123.808800 -91.960221
123.524943 -91.487299
123.238041 -91.015397
122.948093 -90.544514
122.655099 -90.074650
122.359060 -89.605806
122.059975 -89.137981
121.757845 -88.671176
121.452670 -88.205391
121.144449 -87.740624
120.833182 -87.276878
120.518870 -86.814151
120.201512 -86.352443
119.881109 -85.891755
119.557661 -85.432086
119.231167 -84.973437
118.901627 -84.515807
118.569042 -84.059197
118.233411 -83.603606
117.894735 -83.149034
117.553013 -82.695483
117.208246 -82.242950
116.860434 -81.791437
116.509575 -81.340944
116.155672 -80.891470
115.798723 -80.443016
115.438728 -79.995581
115.075688 -79.549165
114.709602 -79.103769
114.340471 -78.659392
113.968294 -78.216035
113.593072 -77.773698
113.214804 -77.332380
112.833491 -76.892081
112.449132 -76.452802
112.061728 -76.014542
111.671278 -75.577302
111.277783 -75.141081
110.881242 -74.705880
110.481656 -74.271698
110.079024 -73.838536
109.673347 -73.406393
109.264624 -72.975270
108.852856 -72.545166
108.438042 -72.116082
108.020183 -71.688017
107.599278 -71.260972
107.175328 -70.834946
106.748332 -70.409939
106.318291 -69.985952
105.885204 -69.562985
105.449072 -69.141037
105.009894 -68.720108
104.567670 -68.300199
104.122402 -67.881310
103.674087 -67.463440
103.222727 -67.046589
102.768322 -66.630758
102.310871 -66.215946
101.850375 -65.802154
101.386833 -65.389382
100.920246 -64.977628
100.450613 -64.566895
99.977934 -64.157180
99.502210 -63.748486
99.023441 -63.340810
98.541626 -62.934155
98.056766 -62.528518
97.568860 -62.123902
97.077908 -61.720304
96.583912 -61.317726
96.086869 -60.916168
95.586781 -60.515629
95.083648 -60.116110
94.577469 -59.717610
94.068244 -59.320129
93.555974 -58.923668
93.040659 -58.528227
92.522298 -58.133805
92.000891 -57.740402
91.476439 -57.348019
90.949877 -56.955658
90.423489 -56.560879
89.897379 -56.163572
89.371547 -55.763737
88.845993 -55.361374
88.320718 -54.956482
87.795721 -54.549062
87.271003 -54.139114
86.746562 -53.726638
86.222400 -53.311634
85.698516 -52.894101
85.174911 -52.474040
84.651583 -52.051451
84.128534 -51.626334
83.605763 -51.198689
83.083271 -50.768515
82.561057 -50.335813
82.039121 -49.900583
81.517463 -49.462825
80.996083 -49.022538
80.474982 -48.579724
79.954159 -48.134381
79.433615 -47.686510
78.913348 -47.236110
78.393360 -46.783183
77.873650 -46.327727
77.354219 -45.869743
76.835065 -45.409231
76.316190 -44.946190
75.797593 -44.480622
75.279275 -44.012525
74.761235 -43.541900
74.243473 -43.068747
73.725989 -42.593066
73.208784 -42.114856
72.691856 -41.634118
72.175207 -41.150852
71.658837 -40.665058
71.142744 -40.176735
70.626930 -39.685885
70.111394 -39.192506
69.596137 -38.696599
69.081158 -38.198163
68.566456 -37.697200
68.052034 -37.193708
67.537889 -36.687688
67.024023 -36.179140
66.510435 -35.668064
65.997125 -35.154459
65.484094 -34.638327
64.971341 -34.119666
64.458866 -33.598477
63.946669 -33.074759
63.434751 -32.548514
62.923111 -32.019740
62.411749 -31.488438
61.900665 -30.954608
61.389860 -30.418249
60.879333 -29.879363
60.369084 -29.337948
59.859114 -28.794005
59.349421 -28.247533
58.840007 -27.698534
58.330872 -27.147006
57.822014 -26.592950
57.313435 -26.036366
56.805134 -25.477254
56.297111 -24.915613
55.789367 -24.351445
55.281901 -23.784748
54.774713 -23.215523
54.267804 -22.643769
53.761172 -22.069488
53.254819 -21.492678
52.748745 -20.913340
52.242948 -20.331474
51.737430 -19.747080
51.232190 -19.160157
50.727228 -18.570706
50.222545 -17.978727
49.718140 -17.384220
49.214013 -16.787184
48.710164 -16.187621
48.206594 -15.585529
47.703302 -14.980909
47.200288 -14.373761
46.697552 -13.764084
46.195095 -13.151879
45.692916 -12.537147
45.191015 -11.919886
44.689393 -11.300096
44.188048 -10.677779
43.686982 -10.052933
43.186195 -9.425559
42.685685 -8.795657
42.185454 -8.163227
41.685501 -7.528268
41.185827 -6.890781
40.686430 -6.250766
40.187312 -5.608223
39.688472 -4.963152
39.189911 -4.315552
38.691628 -3.665424
38.193623 -3.012768
37.695896 -2.357584
37.198447 -1.699871
36.701277 -1.039631
36.204385 -0.376862
35.707772 0.288435
35.211436 0.956260
34.715379 1.626614
34.219600 2.299496
33.724100 2.974905
33.228877 3.652844
32.733933 4.333310
32.239267 5.016304
31.744880 5.701827
31.250770 6.389878
30.756939 7.080457
30.263387 7.773565
29.770112 8.469200
29.277116 9.167364
28.784398 9.868056
28.291958 10.571276
27.799797 11.277025
