154.646045 -257.069253
156.884354 -253.446082
159.093097 -249.839510
161.272273 -246.249539
163.421883 -242.676167
165.541926 -239.119395
167.632403 -235.579223
169.693314 -232.055651
171.724658 -228.548679
173.726436 -225.058307
175.698647 -221.584534
177.641292 -218.127362
179.554371 -214.686789
181.437883 -211.262816
183.291829 -207.855443
185.116208 -204.464670
186.911021 -201.090497
188.676268 -197.732924
190.411948 -194.391950
192.118061 -191.067577
193.794609 -187.759803
195.441589 -184.468629
197.059004 -181.194056
198.646852 -177.936082
200.205133 -174.694707
201.733849 -171.469933
203.232997 -168.261759
204.702580 -165.070184
206.142596 -161.895210
207.553045 -158.736835
208.933928 -155.595060
210.285245 -152.469885
211.606995 -149.361310
212.899179 -146.269335
214.161796 -143.193959
215.394847 -140.135184
216.598332 -137.093008
217.772250 -134.067433
218.916602 -131.058457
220.031387 -128.066081
221.116606 -125.090305
222.172259 -122.131128
223.198345 -119.188552
224.194865 -116.262576
225.161818 -113.353199
226.099205 -110.460422
227.007025 -107.584246
227.885279 -104.724669
228.733967 -101.881692
229.553088 -99.055314
230.342643 -96.245537
231.102631 -93.452360
231.833053 -90.675782
232.533909 -87.915804
233.205198 -85.172427
233.846921 -82.445649
234.459077 -79.735471
235.041667 -77.041893
235.594690 -74.364914
236.118148 -71.704536
236.612038 -69.060757
237.076362 -66.433579
237.511120 -63.823000
237.916312 -61.229021
238.291937 -58.651642
238.637995 -56.090863
238.954487 -53.546684
239.241413 -51.019104
239.498772 -48.508125
239.726565 -46.013745
239.924792 -43.535965
240.093452 -41.074785
240.232546 -38.630205
240.342073 -36.202225
240.422034 -33.790845
240.472428 -31.396065
240.493256 -29.017884
240.484518 -26.656304
240.446213 -24.311323
240.378342 -21.982942
240.280904 -19.671161
240.153900 -17.375980
239.997329 -15.097399
239.811193 -12.835417
239.595489 -10.590036
239.350220 -8.361254
239.075383 -6.149073
238.770981 -3.953491
238.437012 -1.774509
238.073476 0.387873
237.680375 2.533655
237.257706 4.662838
236.805472 6.775420
236.323671 8.871403
235.812303 10.950785
235.271369 13.013568
234.700869 15.059751
234.100802 17.089334
233.471169 19.102317
232.811970 21.098701
232.123204 23.078484
231.404871 25.041667
230.656973 26.988251
229.879507 28.918235
229.072476 30.831619
228.235878 32.728403
227.369713 34.608587
226.473983 36.472171
225.548685 38.319156
224.593822 40.149540
223.609391 41.963325
222.595395 43.760509
221.551832 45.541094
220.478703 47.305079
219.376007 49.052464
218.243745 50.783250
217.081916 52.497435
215.890521 54.195021
214.669560 55.876006
213.419032 57.540392
212.138938 59.188178
210.829277 60.819364
209.490050 62.433950
208.121256 64.031936
206.722896 65.613322
205.296262 67.177867
203.869785 68.720255
202.455096 70.238311
201.052194 71.732034
199.661080 73.201426
198.281753 74.646487
196.914215 76.067215
195.558463 77.463611
194.214500 78.835676
192.882324 80.183409
191.561936 81.506810
190.253336 82.805879
188.956523 84.080616
187.671498 85.331021
186.398260 86.557095
185.136811 87.758836
183.887149 88.936246
182.649274 90.089324
181.423188 91.218070
180.208889 92.322484
179.006377 93.402566
177.815654 94.458317
176.636718 95.489736
175.469569 96.496822
174.314209 97.479577
173.170636 98.438000
172.038850 99.372091
170.918853 100.281851
169.810643 101.167278
168.714221 102.028374
167.629586 102.865138
166.556739 103.677569
165.495680 104.465670
164.446408 105.229438
163.408924 105.968874
162.383228 106.683978
161.369320 107.374751
160.367199 108.041192
159.376865 108.683301
158.398320 109.301078
157.431562 109.894523
156.476592 110.463636
155.533409 111.008418
154.602015 111.528867
153.682407 112.024985
152.774588 112.496771
151.878556 112.944225
150.994312 113.367347
150.121856 113.766138
149.261187 114.140596
148.412306 114.490723
147.575212 114.816517
146.749907 115.117980
145.936389 115.395111
145.134658 115.647911
144.344715 115.876378
143.566560 116.080513
142.800193 116.260317
142.045613 116.415789
141.302821 116.546929
140.571817 116.653737
139.852600 116.736213
139.145171 116.794357
138.449530 116.828170
137.765676 116.837650
137.093610 116.822799
136.433332 116.783616
135.784842 116.720101
135.148139 116.632254
134.523223 116.520076
133.910096 116.383565
133.308756 116.222723
132.719204 116.037549
132.141439 115.828042
131.575462 115.594205
131.021273 115.336035
130.478871 115.053533
129.948257 114.746700
129.429431 114.415534
128.922393 114.060037
128.427142 113.680208
127.943679 113.276047
127.472003 112.847554
127.012115 112.394730
126.564015 111.917573
126.127703 111.416085
125.703178 110.890264
125.290441 110.340112
124.889491 109.765628
124.500330 109.166813
124.122956 108.543665
123.757369 107.896185
123.403570 107.224374
123.061559 106.528231
122.731336 105.807756
122.412900 105.062949
122.106252 104.293810
121.811392 103.500339
121.528319 102.682537
121.257034 101.840403
120.997537 100.973936
120.749827 100.083138
120.513905 99.168008
120.289771 98.228546
120.077424 97.264753
119.876865 96.276627
119.688094 95.264170
119.511110 94.227381
119.345914 93.166260
119.192506 92.080807
119.050886 90.971022
118.921053 89.836905
118.803007 88.678457
118.696750 87.495676
118.602280 86.288564
118.519598 85.057120
118.448703 83.801344
118.389596 82.521236
118.342277 81.216797
118.306746 79.888025
118.283002 78.534922
118.271046 77.157487
118.270877 75.755720
118.282496 74.329621
118.305903 72.879190
118.339126 71.409246
118.370332 69.948700
118.397550 68.502370
118.420779 67.070258
118.440020 65.652361
118.455273 64.248682
118.466537 62.859219
118.473813 61.483972
118.477100 60.122942
118.476399 58.776129
118.471710 57.443533
118.463032 56.125152
118.450366 54.820989
118.433712 53.531042
118.413069 52.255312
118.388438 50.993798
118.359818 49.746501
118.327210 48.513421
118.290614 47.294557
118.250029 46.089910
118.205456 44.899479
118.156895 43.723265
118.104345 42.561268
118.047806 41.413487
117.987280 40.279923
117.922765 39.160575
117.854261 38.055444
117.781769 36.964529
117.705289 35.887832
117.624821 34.825350
117.540364 33.777086
117.451918 32.743038
117.359485 31.723206
117.263063 30.717591
117.162652 29.726193
117.058253 28.749011
116.949866 27.786046
116.837490 26.837298
116.721126 25.902766
116.600774 24.982451
116.476433 24.076352
116.348104 23.184470
116.215786 22.306805
116.079480 21.443356
115.939186 20.594124
115.794903 19.759108
115.646632 18.938309
115.494373 18.131726
115.338125 17.339361
115.177889 16.561211
115.013664 15.797279
114.845451 15.047563
114.673250 14.312063
114.497060 13.590780
114.316882 12.883714
114.132715 12.190865
113.944560 11.512231
113.752417 10.847815
113.556285 10.197615
113.356165 9.561632
113.152057 8.939865
112.943960 8.332315
112.731875 7.738982
112.515801 7.159865
112.295739 6.594965
112.071689 6.044281
111.843650 5.507814
111.611623 4.985563
111.375607 4.477530
111.135603 3.983712
110.891611 3.504112
110.643630 3.038728
110.391661 2.587560
110.135704 2.150609
109.875758 1.727875
109.611824 1.319357
109.343901 0.925056
109.071990 0.544972
108.796091 0.179104
108.516203 -0.172547
108.232327 -0.509982
107.944463 -0.833200
107.652610 -1.142201
107.356769 -1.436986
107.056939 -1.717554
106.753121 -1.983906
106.445314 -2.236041
106.133520 -2.473960
105.817736 -2.697661
105.497965 -2.907147
105.174205 -3.102415
104.846457 -3.283467
104.514720 -3.450303
104.178995 -3.602922
103.839281 -3.741324
103.495579 -3.865510
103.147889 -3.975479
102.796211 -4.071231
102.440544 -4.152767
102.080888 -4.220086
101.717244 -4.273189
101.349612 -4.312075
100.977992 -4.336744
100.602383 -4.347197
100.222785 -4.343434
99.839200 -4.325453
99.451626 -4.293256
99.060063 -4.246843
98.664512 -4.186213
98.264973 -4.111366
97.861445 -4.022302
97.453929 -3.919023
97.042425 -3.801526
96.626932 -3.669813
96.207451 -3.523883
95.783982 -3.363737
95.356524 -3.189374
94.925077 -3.000794
94.489643 -2.797998
94.050220 -2.580985
93.606808 -2.349756
93.159408 -2.104310
92.708020 -1.844648
92.252644 -1.570768
91.793279 -1.282673
91.330871 -0.985922
90.867731 -0.694113
90.403965 -0.407863
89.939573 -0.127173
89.474554 0.147958
89.008909 0.417530
88.542637 0.681543
88.075739 0.939996
87.608214 1.192890
87.140063 1.440225
86.671285 1.682001
86.201881 1.918217
85.731850 2.148874
85.261193 2.373972
84.789909 2.593510
84.317999 2.807489
83.845462 3.015909
83.372299 3.218770
82.898510 3.416071
82.424094 3.607813
81.949051 3.793996
81.473382 3.974619
80.997086 4.149684
80.520164 4.319188
80.042616 4.483134
79.564441 4.641520
79.085639 4.794347
78.606211 4.941615
78.126157 5.083324
77.645476 5.219473
77.164168 5.350063
76.682234 5.475093
76.199674 5.594565
75.716487 5.708477
75.232673 5.816830
74.748234 5.919623
74.263167 6.016857
73.777474 6.108532
73.291155 6.194648
72.804209 6.275204
72.316637 6.350202
71.828438 6.419639
71.339613 6.483518
70.850161 6.541837
70.360083 6.594597
69.869378 6.641798
69.378047 6.683439
68.886089 6.719522
68.393505 6.750044
67.900294 6.775008
67.406457 6.794412
66.911993 6.808257
66.416903 6.816543
65.921187 6.819269
65.424843 6.816437
64.927874 6.808045
64.430278 6.794093
63.932055 6.774582
63.433206 6.749512
62.933731 6.718883
62.433629 6.682695
61.932900 6.640947
61.431545 6.593640
60.929564 6.540774
60.426956 6.482348
59.923721 6.418363
59.419860 6.348819
58.915373 6.273715
58.410259 6.193052
57.904518 6.106830
57.398151 6.015049
56.891158 5.917709
56.383538 5.814809
55.875292 5.706349
55.366419 5.592331
54.856920 5.472753
54.346794 5.347616
53.836042 5.216920
53.324663 5.080664
52.812658 4.938849
52.300026 4.791475
51.786768 4.638542
51.272883 4.480049
50.758372 4.315997
50.243234 4.146386
49.727470 3.971215
49.211079 3.790486
48.694062 3.604196
48.176418 3.412348
47.658148 3.214940
47.139252 3.011973
46.619729 2.803447
46.099579 2.589362
45.578803 2.369717
45.057400 2.144513
44.535371 1.913749
44.012716 1.677427
43.489434 1.435545
42.965525 1.188104
42.440990 0.935103
41.915829 0.676543
41.390041 0.412424
40.863627 0.142746
40.336586 -0.132492
39.808918 -0.413288
39.280624 -0.699645
38.751704 -0.991560
38.222157 -1.289035
37.691984 -1.592069
37.161184 -1.900662
36.629758 -2.214815
36.097705 -2.534527
35.565026 -2.859798
35.031720 -3.190628
34.497788 -3.527018
33.963229 -3.868967
33.428044 -4.216475
32.892232 -4.569543
32.355794 -4.928170
31.818729 -5.292356
31.281038 -5.662101
30.742720 -6.037406
30.203776 -6.418270
29.664205 -6.804693
29.124008 -7.196676
