279.221114 -109.706743
279.044235 -106.629854
278.859848 -103.590945
278.667953 -100.590016
278.468550 -97.627068
278.261639 -94.702101
278.047220 -91.815113
277.825293 -88.966107
277.595858 -86.155081
277.358915 -83.382035
277.114464 -80.646969
276.862504 -77.949885
276.603037 -75.290780
276.336062 -72.669656
276.061578 -70.086513
275.779587 -67.541350
275.490087 -65.034168
275.193080 -62.564966
274.888564 -60.133744
274.576540 -57.740503
274.257009 -55.385243
273.929969 -53.067962
273.595421 -50.788663
273.253365 -48.547344
272.903801 -46.344005
272.546729 -44.178647
272.182149 -42.051269
271.810061 -39.961872
271.430465 -37.910455
271.043361 -35.897019
270.648749 -33.921563
270.246629 -31.984087
269.837001 -30.084592
269.419864 -28.223078
268.995220 -26.399544
268.563068 -24.613990
268.123407 -22.866417
267.676239 -21.156825
267.221562 -19.485213
266.759377 -17.851581
266.289685 -16.255930
265.812484 -14.698259
265.327775 -13.178569
264.835559 -11.696859
264.335834 -10.253130
263.828601 -8.847381
263.313860 -7.479613
262.791611 -6.149825
262.261854 -4.858018
261.724589 -3.604191
261.179816 -2.388344
260.627535 -1.210478
260.067746 -0.070593
259.500449 1.031312
258.925643 2.095237
258.343330 3.121181
257.753509 4.109145
257.156179 5.059128
256.551342 5.971131
255.938996 6.845153
255.319143 7.681195
254.691781 8.479256
254.056911 9.239337
253.414534 9.961437
252.764648 10.645557
252.107254 11.291696
251.442352 11.899855
250.769943 12.470034
250.090025 13.002232
249.402599 13.496449
248.707665 13.952686
248.005223 14.370943
247.295273 14.751219
246.577814 15.093515
245.852848 15.397830
245.120374 15.664165
244.380392 15.892519
243.632901 16.082893
242.877903 16.235286
242.115397 16.349699
241.345382 16.426131
240.567860 16.464583
239.782829 16.465054
238.990290 16.427545
238.190244 16.352056
237.382689 16.238586
236.567626 16.087135
235.745056 15.897704
234.914977 15.670293
234.077390 15.404901
233.232295 15.101529
232.379692 14.760176
231.519581 14.380842
230.651962 13.963529
229.776835 13.508234
228.894200 13.014960
228.004056 12.483705
227.106405 11.914469
226.201246 11.307253
225.288578 10.662056
224.368403 9.978879
223.440720 9.257722
222.505528 8.498584
221.562829 7.701465
220.612621 6.866366
219.654905 5.993287
218.689682 5.082227
217.716950 4.133187
216.736710 3.146166
215.748962 2.121164
214.753707 1.058183
213.750943 -0.042780
212.740671 -1.181722
211.722891 -2.358645
210.697603 -3.573549
209.664807 -4.826433
208.624503 -6.117298
207.576690 -7.446143
206.521370 -8.812968
205.458542 -10.217774
204.388206 -11.660561
203.310361 -13.141328
202.225009 -14.660075
201.132148 -16.216803
200.031780 -17.811511
198.924449 -19.442263
197.822151 -21.066433
196.729796 -22.666584
195.647383 -24.242716
194.574912 -25.794830
193.512382 -27.322925
192.459795 -28.827002
191.417149 -30.307059
190.384445 -31.763098
189.361683 -33.195118
188.348863 -34.603120
187.345985 -35.987103
186.353049 -37.347067
185.370055 -38.683012
184.397003 -39.994939
183.433892 -41.282847
182.480724 -42.546736
181.537497 -43.786607
180.604213 -45.002459
179.680870 -46.194292
178.767469 -47.362106
177.864010 -48.505902
176.970493 -49.625679
176.086918 -50.721438
175.213285 -51.793177
174.349594 -52.840898
173.495844 -53.864600
172.652037 -54.864284
171.818171 -55.839949
170.994248 -56.791595
170.180266 -57.719222
169.376226 -58.622831
168.582128 -59.502421
167.797972 -60.357992
167.023758 -61.189545
166.259486 -61.997079
165.505156 -62.780594
164.760767 -63.540090
164.026321 -64.275568
163.301816 -64.987027
162.587254 -65.674468
161.882633 -66.337889
161.187954 -66.977292
160.503217 -67.592676
159.828422 -68.184042
159.163569 -68.751389
158.508658 -69.294717
157.863689 -69.814026
157.228661 -70.309317
156.603576 -70.780589
155.988432 -71.227842
155.383231 -71.651077
154.787971 -72.050292
154.202653 -72.425490
153.627277 -72.776668
153.061843 -73.103828
152.506351 -73.406969
151.960801 -73.686091
151.425193 -73.941195
150.899526 -74.172280
150.383802 -74.379346
149.878019 -74.562393
149.382179 -74.721422
148.896280 -74.856432
148.420323 -74.967423
147.954308 -75.054396
147.498236 -75.117350
147.052104 -75.156285
146.615915 -75.171202
146.189668 -75.162100
145.773363 -75.128979
145.366999 -75.071839
144.970578 -74.990681
144.584098 -74.885504
144.207561 -74.756308
143.840965 -74.603094
143.484311 -74.425861
143.137599 -74.224609
142.800829 -73.999338
142.474001 -73.750049
142.157114 -73.476741
141.850170 -73.179415
141.553168 -72.858069
141.266107 -72.512705
140.988989 -72.143322
140.721812 -71.749921
140.464577 -71.332501
140.217284 -70.891062
139.979933 -70.425604
139.752524 -69.936128
139.535057 -69.422633
139.327532 -68.885119
139.129949 -68.323587
138.942307 -67.738036
138.764608 -67.128466
138.596850 -66.494877
138.439035 -65.837270
138.291161 -65.155644
138.153229 -64.449999
138.025239 -63.720336
137.907191 -62.966654
137.799085 -62.188953
137.700921 -61.387234
137.612698 -60.561495
137.534418 -59.711739
137.466079 -58.837963
137.407683 -57.940169
137.359228 -57.018356
137.320715 -56.072524
137.292145 -55.102673
137.273516 -54.108804
137.264829 -53.090916
137.266084 -52.049010
137.277280 -50.983085
137.298419 -49.893141
137.329500 -48.779178
137.370522 -47.641196
137.421487 -46.479196
137.482393 -45.293178
137.553241 -44.083140
137.634031 -42.849084
137.724764 -41.591009
137.825438 -40.308915
137.936053 -39.002803
138.056611 -37.672672
138.184845 -36.323124
138.307158 -34.981774
138.421284 -33.653223
138.527224 -32.337472
138.624976 -31.034520
138.714542 -29.744368
138.795922 -28.467015
138.869114 -27.202461
138.934120 -25.950707
138.990939 -24.711752
139.039572 -23.485597
139.080017 -22.272241
139.112276 -21.071685
139.136349 -19.883928
139.152234 -18.708971
139.159933 -17.546813
139.159445 -16.397455
139.150770 -15.260896
139.133909 -14.137136
139.108860 -13.026176
139.075625 -11.928016
139.034204 -10.842655
138.984595 -9.770093
138.926800 -8.710331
138.860818 -7.663368
138.786650 -6.629205
138.704294 -5.607841
138.613752 -4.599277
138.515024 -3.603512
138.408108 -2.620546
138.293006 -1.650380
138.169717 -0.693014
138.038241 0.251553
137.898579 1.183321
137.750729 2.102289
137.594694 3.008458
137.430471 3.901827
137.258062 4.782397
137.077465 5.650167
136.888683 6.505138
136.691713 7.347309
136.486557 8.176681
136.273214 8.993254
136.051684 9.797027
135.821967 10.588000
135.584064 11.366174
135.337974 12.131549
135.083697 12.884124
134.821234 13.623900
134.550584 14.350876
134.271747 15.065053
133.984723 15.766430
133.689513 16.455008
133.386116 17.130786
133.074532 17.793765
132.754761 18.443945
132.426804 19.081325
132.090660 19.705905
131.746329 20.317687
131.393812 20.916668
131.033108 21.502850
130.664217 22.076233
130.287139 22.636816
129.901874 23.184600
129.508423 23.719585
129.106785 24.241769
128.696961 24.751155
128.278949 25.247741
127.852751 25.731527
127.418367 26.202514
126.975795 26.660702
126.525037 27.106090
126.066092 27.538679
125.598960 27.958468
125.123641 28.365458
124.640136 28.759648
124.148444 29.141039
123.648566 29.509630
123.140500 29.865422
122.624248 30.208415
122.099809 30.538608
121.567183 30.856001
121.026371 31.160596
120.477372 31.452390
119.920186 31.731385
119.354814 31.997581
118.781254 32.250977
118.199508 32.491574
117.609576 32.719371
117.011456 32.934369
116.405150 33.136568
115.790657 33.325967
115.167977 33.502566
114.537111 33.666366
113.898058 33.817367
113.250818 33.955568
112.595391 34.080970
111.931778 34.193572
111.259978 34.293375
110.579991 34.380378
109.891818 34.454582
109.195457 34.515986
108.490910 34.564591
107.778177 34.600396
107.057256 34.623402
106.328149 34.633609
105.590855 34.631016
104.845374 34.615624
104.091707 34.587432
103.329853 34.546440
102.559812 34.492650
101.781584 34.426059
100.995170 34.346670
100.200569 34.254481
99.397781 34.149492
98.586807 34.031704
97.767646 33.901116
96.940298 33.757730
96.104763 33.601543
95.261041 33.432557
94.409133 33.250772
93.549038 33.056187
92.680757 32.848803
91.804288 32.628619
90.919633 32.395636
90.030470 32.152501
89.145791 31.905688
88.266006 31.655490
87.391114 31.401909
86.521115 31.144942
85.656010 30.884592
84.795797 30.620857
83.940478 30.353738
83.090052 30.083234
82.244520 29.809346
81.403880 29.532074
80.568134 29.251417
79.737282 28.967377
78.911322 28.679951
78.090256 28.389142
77.274083 28.094948
76.462803 27.797370
75.656416 27.496407
74.854923 27.192060
74.058323 26.884329
73.266616 26.573213
72.479802 26.258713
71.697882 25.940829
70.920855 25.619561
70.148721 25.294908
69.381481 24.966871
68.619133 24.635449
67.861679 24.300643
67.109119 23.962453
66.361451 23.620878
65.618677 23.275919
64.880796 22.927576
64.147808 22.575848
63.419713 22.220737
62.696512 21.862240
61.978204 21.500360
61.264789 21.135095
60.556268 20.766445
59.852639 20.394412
59.153904 20.018994
58.460063 19.640192
57.771114 19.258005
57.087059 18.872434
56.407897 18.483479
55.733628 18.091139
55.064253 17.695415
54.399770 17.296307
53.740181 16.893814
53.085486 16.487938
52.435683 16.078676
51.790774 15.666031
51.150758 15.250001
50.515635 14.830586
49.885406 14.407788
49.260069 13.981605
48.639626 13.552038
48.024077 13.119086
47.413420 12.682750
46.807657 12.243030
46.206787 11.799925
45.610810 11.353436
45.019727 10.903563
44.433536 10.450305
43.852239 9.993663
43.275836 9.533637
42.704325 9.070226
42.137708 8.603431
41.575984 8.133252
41.019153 7.659688
40.467216 7.182740
39.920172 6.702408
39.378021 6.218691
38.840763 5.731590
38.308399 5.241105
37.780927 4.747236
37.258349 4.249982
36.740665 3.749343
36.227873 3.245321
35.719975 2.737914
35.216970 2.227122
34.718858 1.712947
34.225640 1.195387
33.737315 0.674442
33.253883 0.150114
32.775344 -0.377599
32.301699 -0.908697
31.832946 -1.443178
31.369088 -1.981044
30.910122 -2.522295
30.456049 -3.066929
30.006870 -3.614948
29.562584 -4.166352
29.123192 -4.721139
28.688692 -5.279311
28.259086 -5.840868
27.834373 -6.405808
27.414554 -6.974133
26.999627 -7.545843
26.589594 -8.120936
26.184454 -8.699414
25.784207 -9.281277
25.388854 -9.866523
24.998394 -10.455154
24.612827 -11.047170
24.232153 -11.642570
23.856373 -12.241354
23.485486 -12.843522
23.119492 -13.449075
22.758391 -14.058012
22.402184 -14.670333
22.050870 -15.286039
21.704449 -15.905129
21.362921 -16.527603
21.026287 -17.153462
20.694546 -17.782705
20.367698 -18.415332
20.045743 -19.051344
19.728682 -19.690740
19.416514 -20.333520
19.109239 -20.979685
18.806857 -21.629234
18.509369 -22.282167
18.216774 -22.938485
17.929072 -23.598187
17.646263 -24.261274
