299.083398 23.433330
297.658734 25.077746
296.243367 26.709837
294.837296 28.329603
293.440522 29.937044
292.053044 31.532160
290.674863 33.114950
289.305978 34.685416
287.946390 36.243556
286.596098 37.789371
285.255103 39.322861
283.923404 40.844026
282.601002 42.352866
281.287897 43.849381
279.984087 45.333570
278.689575 46.805435
277.404358 48.264974
276.128439 49.712188
274.861816 51.147077
273.604489 52.569641
272.356459 53.979880
271.117725 55.377793
269.888288 56.763382
268.668147 58.136645
267.457303 59.497584
266.255755 60.846197
265.063504 62.182485
263.880550 63.506448
262.706891 64.818086
261.542530 66.117399
260.387465 67.404386
259.241696 68.679049
258.105224 69.941386
256.978048 71.191398
255.860169 72.429085
254.751587 73.654447
253.652301 74.867484
252.562311 76.068196
251.481618 77.256582
250.410221 78.432644
249.348121 79.596380
248.295318 80.747791
247.251811 81.886878
246.217600 83.013639
245.192686 84.128074
244.177068 85.230185
243.170747 86.319971
242.173723 87.397431
241.185995 88.462567
240.207563 89.515377
239.238428 90.555862
238.278590 91.584022
237.328048 92.599857
236.386802 93.603367
235.454853 94.594551
234.532201 95.573411
233.618845 96.539945
232.714785 97.494155
231.820022 98.436039
230.934556 99.365598
230.058386 100.282832
229.191512 101.187740
228.333935 102.080324
227.485655 102.960583
226.646671 103.828516
225.816983 104.684124
224.996593 105.527407
224.185498 106.358366
223.383700 107.176998
222.591199 107.983306
221.807994 108.777289
221.034085 109.558946
220.269473 110.328279
219.514158 111.085286
218.768139 111.829968
218.031417 112.562326
217.303991 113.282357
216.585861 113.990064
215.877029 114.685446
215.177492 115.368503
214.487252 116.039234
213.806309 116.697640
213.134662 117.343722
212.472312 117.977478
211.819258 118.598909
211.175500 119.208014
210.541040 119.804795
209.915875 120.389251
209.300007 120.961381
208.693436 121.521187
208.096161 122.068667
207.508183 122.603822
206.929501 123.126652
206.360116 123.637157
205.800027 124.135337
205.249235 124.621191
204.707739 125.094721
204.175540 125.555925
203.652637 126.004804
203.139031 126.441358
202.634721 126.865587
202.139708 127.277491
201.653991 127.677070
201.177570 128.064324
200.710447 128.439252
200.252619 128.801856
199.804089 129.152134
199.364854 129.490087
198.934917 129.815715
198.514276 130.129018
198.102931 130.429996
197.700883 130.718648
197.308131 130.994976
196.924676 131.258978
196.550517 131.510656
196.185655 131.750008
195.830089 131.977035
195.483820 132.191737
195.146847 132.394114
194.819171 132.584165
194.500791 132.761892
194.191708 132.927293
193.891921 133.080370
193.601431 133.221121
193.320238 133.349547
193.047927 133.465502
192.775400 133.565780
192.498934 133.649067
192.218530 133.715366
191.934187 133.764675
191.645906 133.796994
191.353686 133.812324
191.057528 133.810664
190.757431 133.792015
190.453395 133.756376
190.145421 133.703747
189.833508 133.634129
189.517656 133.547522
189.197866 133.443925
188.874138 133.323338
188.546471 133.185762
188.214865 133.031196
187.879320 132.859641
187.539837 132.671096
187.196416 132.465561
186.849056 132.243037
186.497757 132.003524
186.142520 131.747021
185.783344 131.473528
185.420229 131.183046
185.053176 130.875574
184.682184 130.551113
184.307254 130.209662
183.928385 129.851222
183.545578 129.475792
183.158832 129.083372
182.768147 128.673963
182.373524 128.247565
181.974962 127.804176
181.572462 127.343799
181.166023 126.866432
180.755645 126.372075
180.341329 125.860728
179.923074 125.332392
179.500881 124.787067
179.074749 124.224752
178.644679 123.645447
178.210670 123.049153
177.772722 122.435870
177.330836 121.805597
176.885011 121.158334
176.435247 120.494081
175.981545 119.812840
175.523905 119.114608
175.062325 118.399387
174.596808 117.667177
174.127351 116.917977
173.653956 116.151787
173.176623 115.368608
172.695351 114.568439
172.210140 113.751281
171.720991 112.917133
171.227903 112.065996
170.730876 111.197869
170.229911 110.312752
169.725007 109.410646
169.216165 108.491551
168.703384 107.555466
168.186665 106.602391
167.666007 105.632327
167.141410 104.645273
166.612875 103.641230
166.080401 102.620197
165.543989 101.582174
165.003638 100.527162
164.459348 99.455161
163.911120 98.366170
163.358953 97.260189
162.802848 96.137219
162.242804 94.997259
161.678822 93.840310
161.110900 92.666371
160.539041 91.475443
159.963242 90.267525
159.383506 89.042617
158.799830 87.800720
158.212216 86.541833
157.620664 85.265957
157.025172 83.973092
156.425743 82.663236
155.822374 81.336392
155.215067 79.992557
154.603822 78.631733
153.988637 77.253920
153.369515 75.859117
152.746453 74.447324
152.119453 73.018542
151.488515 71.572770
150.853638 70.110009
150.214822 68.630259
149.572068 67.133518
148.925375 65.619788
148.274744 64.089069
147.620174 62.541360
146.961665 60.976661
146.299218 59.394973
145.632832 57.796296
144.962507 56.180629
144.288245 54.547972
143.610043 52.898326
142.927903 51.231690
142.241824 49.548064
141.551807 47.847449
140.857851 46.129845
140.159956 44.395251
139.458123 42.643667
138.752351 40.875094
138.042641 39.089531
137.328992 37.286979
136.611405 35.467437
135.889879 33.630906
135.164414 31.777385
134.435011 29.906875
133.701669 28.019375
132.964389 26.114885
132.223170 24.193406
131.478012 22.254937
130.728916 20.299479
129.975881 18.327032
129.218908 16.337594
128.458754 14.336397
127.699966 12.354817
126.943303 10.398084
126.188764 8.466197
125.436349 6.559157
124.686059 4.676964
123.937893 2.819618
123.191851 0.987119
122.447933 -0.820534
121.706140 -2.603340
120.966471 -4.361299
120.228926 -6.094411
119.493506 -7.802677
118.760210 -9.486096
118.029038 -11.144668
117.299990 -12.778393
116.573067 -14.387271
115.848268 -15.971303
115.125594 -17.530488
114.405043 -19.064826
113.686617 -20.574317
112.970315 -22.058962
112.256138 -23.518759
111.544085 -24.953710
110.834156 -26.363815
110.126351 -27.749072
109.420671 -29.109483
108.717115 -30.445047
108.015683 -31.755764
107.316376 -33.041634
106.619193 -34.302658
105.924134 -35.538834
105.231200 -36.750164
104.540389 -37.936648
103.851703 -39.098284
103.165142 -40.235074
102.480704 -41.347017
101.798391 -42.434113
101.118203 -43.496362
100.440138 -44.533765
99.764198 -45.546320
99.090382 -46.534029
98.418690 -47.496892
97.749123 -48.434907
97.081680 -49.348076
96.416361 -50.236398
95.753167 -51.099873
95.092097 -51.938501
94.433151 -52.752283
93.776330 -53.541217
93.121632 -54.305305
92.469059 -55.044547
91.818611 -55.758941
91.170286 -56.448489
90.524086 -57.113190
89.880011 -57.753044
89.238059 -58.368051
88.598232 -58.958212
87.960529 -59.523526
87.324950 -60.063993
86.691496 -60.579613
86.060166 -61.070386
85.430960 -61.536313
84.803879 -61.977393
84.178922 -62.393626
83.556089 -62.785012
82.935380 -63.151552
82.316796 -63.493245
81.700336 -63.810091
81.086001 -64.102090
80.473789 -64.369243
79.863702 -64.611548
79.255739 -64.829007
78.649901 -65.021619
78.046187 -65.189385
77.444597 -65.332303
76.845131 -65.450375
76.247790 -65.543600
75.652573 -65.611978
75.059480 -65.655510
74.468512 -65.674195
73.879668 -65.668033
73.292948 -65.637024
72.708352 -65.581168
72.125881 -65.500466
71.545534 -65.394917
70.967311 -65.264521
70.391213 -65.109278
69.817239 -64.929188
69.245389 -64.724252
68.675664 -64.494469
68.108062 -64.239839
67.542586 -63.960363
66.979233 -63.656039
66.418005 -63.326869
65.858901 -62.972852
65.301921 -62.593988
64.747065 -62.190278
64.194334 -61.761721
63.643727 -61.308317
63.095245 -60.830066
62.548887 -60.326968
62.004653 -59.799024
61.462543 -59.246233
60.922558 -58.668595
60.384697 -58.066110
59.848960 -57.438778
59.315347 -56.786600
58.783859 -56.109575
58.254495 -55.407703
57.727256 -54.680985
57.202140 -53.929419
56.679149 -53.153007
56.158282 -52.351748
55.639540 -51.525643
55.122922 -50.674690
54.608428 -49.798891
54.096058 -48.898245
53.585813 -47.972752
53.077692 -47.022412
52.571696 -46.047226
52.067823 -45.047193
51.566075 -44.022313
51.066451 -42.972586
50.568952 -41.898013
50.074057 -40.808149
49.582939 -39.726354
49.095653 -38.653690
48.612198 -37.590157
48.132573 -36.535756
47.656780 -35.490485
47.184818 -34.454345
46.716687 -33.427336
46.252388 -32.409458
45.791919 -31.400711
45.335281 -30.401096
44.882475 -29.410611
44.433499 -28.429257
43.988355 -27.457034
43.547041 -26.493942
43.109559 -25.539981
42.675908 -24.595151
42.246088 -23.659452
41.820099 -22.732885
41.397941 -21.815448
40.979614 -20.907142
40.565118 -20.007967
40.154454 -19.117923
39.747620 -18.237010
39.344618 -17.365228
38.945446 -16.502577
38.550106 -15.649057
38.158597 -14.804668
37.770919 -13.969410
37.387072 -13.143283
37.007056 -12.326287
36.630871 -11.518422
36.258517 -10.719688
35.889994 -9.930085
35.525303 -9.149614
35.164442 -8.378273
34.807413 -7.616063
34.454214 -6.862984
34.104847 -6.119036
33.759311 -5.384219
33.417606 -4.658533
33.079732 -3.941978
32.745689 -3.234553
32.415477 -2.536260
32.089096 -1.847098
31.766546 -1.167067
31.447828 -0.496167
31.132940 0.165602
30.821884 0.818240
30.514658 1.461747
30.211264 2.096123
29.911701 2.721368
29.615969 3.337482
29.324068 3.944465
29.035998 4.542317
28.751759 5.131038
28.471351 5.710628
28.194775 6.281087
27.922029 6.842416
27.653115 7.394613
27.388031 7.937679
27.126779 8.471614
26.869358 8.996418
26.615767 9.512091
26.366008 10.018633
26.120080 10.516044
25.877983 11.004325
25.639718 11.483474
25.405283 11.953492
25.174679 12.414379
24.947907 12.866135
24.724965 13.308760
24.505855 13.742255
24.290575 14.166618
24.079127 14.581850
23.871510 14.987951
23.667724 15.384921
23.467769 15.772760
23.271645 16.151469
23.079352 16.521046
22.890890 16.881492
22.706260 17.232807
22.525460 17.574992
22.348492 17.908045
22.175354 18.231967
22.006048 18.546758
21.840573 18.852419
21.678929 19.148948
21.521116 19.436346
21.367134 19.714613
21.216983 19.983750
21.070663 20.243755
20.928174 20.494629
20.789517 20.736372
20.654690 20.968985
20.523695 21.192466
20.396530 21.406816
20.273197 21.612036
20.153695 21.808124
20.038024 21.995081
19.926184 22.172908
19.818175 22.341603
19.713997 22.501167
19.613650 22.651601
19.517135 22.792903
19.424450 22.925074
19.335596 23.048115
19.250574 23.162024
19.169383 23.266802
19.092022 23.362450
19.018493 23.448966
18.948795 23.526351
18.882928 23.594606
18.820892 23.653729
18.762687 23.703722
18.708314 23.744583
18.657771 23.776313
18.611059 23.798913
18.568179 23.812381
18.529129 23.816719
18.493911 23.811925
18.462524 23.798001
18.434968 23.774945
18.411243 23.742758
18.391349 23.701441
