216.201637 -207.982817
215.239733 -207.840040
214.289058 -207.679662
213.349611 -207.501683
212.421392 -207.306104
211.504401 -207.092923
210.598637 -206.862141
209.704102 -206.613759
208.820795 -206.347776
207.948715 -206.064192
207.087864 -205.763007
206.238241 -205.444221
205.399846 -205.107835
204.572678 -204.753847
203.756739 -204.382259
202.952027 -203.993069
202.158544 -203.586279
201.376289 -203.161888
200.605261 -202.719897
199.845462 -202.260304
199.096890 -201.783110
198.359547 -201.288316
197.633432 -200.775921
196.918544 -200.245925
196.214885 -199.698328
195.522453 -199.133130
194.841250 -198.550331
194.171274 -197.949932
193.512527 -197.331931
192.865007 -196.696330
192.228716 -196.043128
191.603652 -195.372325
190.989816 -194.683921
190.387209 -193.977916
189.795829 -193.254311
189.215678 -192.513104
188.646754 -191.754297
188.089058 -190.977889
187.542591 -190.183880
187.007351 -189.372270
186.483339 -188.543059
185.970556 -187.696248
185.469000 -186.831835
184.978672 -185.949822
184.499573 -185.050208
184.031701 -184.132993
183.575057 -183.198177
183.129641 -182.245760
182.695454 -181.275742
182.272494 -180.288124
181.860762 -179.282904
181.460258 -178.260084
181.070982 -177.219663
180.692935 -176.161641
180.326115 -175.086018
179.970523 -173.992795
179.626159 -172.881970
179.293023 -171.753545
178.971115 -170.607519
178.660435 -169.443892
178.360984 -168.262664
178.072760 -167.063835
177.795764 -165.847405
177.529996 -164.613375
177.275456 -163.361743
177.032144 -162.092511
176.800060 -160.805678
176.579204 -159.501244
176.369576 -158.179209
176.171176 -156.839573
175.984004 -155.482337
175.808060 -154.107499
175.643344 -152.715061
175.489856 -151.305022
175.347595 -149.877382
175.216563 -148.432141
175.096759 -146.969299
174.988183 -145.488857
174.890835 -143.990813
174.804715 -142.475169
174.729823 -140.941924
174.666159 -139.391078
174.613722 -137.822631
174.572514 -136.236583
174.542534 -134.632934
174.523782 -133.011685
174.516258 -131.372835
174.519961 -129.716383
174.534893 -128.042331
174.561053 -126.350678
174.598441 -124.641425
174.647056 -122.914570
174.706900 -121.170114
174.777972 -119.408058
174.860271 -117.628401
174.953799 -115.831143
175.058555 -114.016284
175.174538 -112.183824
175.301750 -110.333763
175.440190 -108.466102
175.589857 -106.580839
175.750753 -104.677976
175.922876 -102.757512
176.106228 -100.819447
176.300807 -98.863781
176.506615 -96.890515
176.723650 -94.899647
176.951914 -92.891179
177.191405 -90.865109
177.442125 -88.821439
177.704072 -86.760168
177.977248 -84.681296
178.261651 -82.584824
178.557283 -80.470750
178.864142 -78.339075
179.182230 -76.189800
179.511545 -74.022924
179.852088 -71.838447
180.203860 -69.636369
180.566859 -67.416690
180.941087 -65.179411
181.326542 -62.924530
181.723225 -60.652049
182.131137 -58.361967
182.550276 -56.054284
182.979949 -53.730103
183.404872 -51.413705
183.818793 -49.115021
184.221714 -46.834052
184.613632 -44.570796
184.994550 -42.325256
185.364465 -40.097429
185.723380 -37.887318
186.071292 -35.694920
186.408204 -33.520237
186.734113 -31.363268
187.049022 -29.224014
187.352929 -27.102474
187.645834 -24.998648
187.927738 -22.912537
188.198640 -20.844141
188.458541 -18.793458
188.707440 -16.760490
188.945338 -14.745237
189.172235 -12.747698
189.388129 -10.767873
189.593023 -8.805763
189.786915 -6.861367
189.969805 -4.934686
190.141694 -3.025719
190.302582 -1.134466
190.452468 0.739072
190.591352 2.594896
190.719235 4.433006
190.836117 6.253401
190.941997 8.056081
191.036875 9.841048
191.120752 11.608300
191.193628 13.357837
191.255502 15.089660
191.306375 16.803769
191.346246 18.500163
191.375115 20.178843
191.392984 21.839808
191.399850 23.483059
191.395715 25.108596
191.380579 26.716418
191.354441 28.306526
191.317302 29.878919
191.269161 31.433599
191.210019 32.970563
191.139875 34.489813
191.058730 35.991349
190.966583 37.475171
190.863435 38.941278
190.749285 40.389670
190.624134 41.820348
190.487981 43.233312
190.340827 44.628562
190.182671 46.006097
190.013514 47.365917
189.833356 48.708024
189.642195 50.032415
189.440034 51.339093
189.226871 52.628056
189.002706 53.899304
188.767540 55.152838
188.521372 56.388658
188.264203 57.606764
187.996033 58.807155
187.716861 59.989831
187.426687 61.154793
187.125512 62.302041
186.813336 63.431575
186.490158 64.543394
186.155978 65.637498
185.810797 66.713888
185.454615 67.772564
185.087431 68.813525
184.709246 69.836772
184.320059 70.842305
183.919870 71.830123
183.508680 72.800227
183.086489 73.752616
182.653296 74.687291
182.209102 75.604252
181.753906 76.503498
181.287709 77.385030
180.810510 78.248847
180.322310 79.094950
179.823108 79.923338
179.312904 80.734012
178.791700 81.526972
178.259493 82.302218
177.716286 83.059748
177.162076 83.799565
176.596866 84.521667
176.020654 85.226055
175.433440 85.912728
174.835225 86.581687
174.226008 87.232932
173.605790 87.866462
172.974570 88.482277
172.332349 89.080379
171.679127 89.660766
171.014902 90.223438
170.339677 90.768396
169.653450 91.295640
168.956221 91.805169
168.247991 92.296984
167.528760 92.771085
166.798527 93.227471
166.057292 93.666142
165.305056 94.087100
164.541819 94.490343
163.767580 94.875871
162.982339 95.243685
162.186097 95.593785
161.378854 95.926170
160.560609 96.240841
159.731362 96.537797
158.891114 96.817039
158.039865 97.078567
157.177614 97.322380
156.304362 97.548479
155.420108 97.756864
154.524853 97.947534
153.618596 98.120489
152.701337 98.275731
151.773078 98.413257
150.835614 98.534497
149.899736 98.648010
148.967239 98.755223
148.038126 98.856137
147.112395 98.950751
146.190046 99.039065
145.271080 99.121080
144.355497 99.196796
143.443296 99.266211
142.534477 99.329328
141.629042 99.386144
140.726988 99.436662
139.828318 99.480879
138.933029 99.518797
138.041124 99.550415
137.152601 99.575734
136.267460 99.594753
135.385702 99.607473
134.507327 99.613893
133.632334 99.614013
132.760724 99.607834
131.892496 99.595356
131.027651 99.576577
130.166188 99.551500
129.308108 99.520122
128.453410 99.482445
127.602095 99.438469
126.754163 99.388193
125.909613 99.331617
125.068445 99.268742
124.230661 99.199567
123.396258 99.124092
122.565239 99.042318
121.737601 98.954245
120.913347 98.859871
120.092475 98.759199
119.274985 98.652226
118.460878 98.538954
117.650154 98.419383
116.842812 98.293512
116.038852 98.161341
115.238276 98.022871
114.441081 97.878101
113.647270 97.727032
112.856841 97.569663
112.069794 97.405994
111.286130 97.236026
110.505848 97.059759
109.728949 96.877191
108.955433 96.688325
108.185299 96.493158
107.418548 96.291692
106.655179 96.083927
105.895193 95.869861
105.138589 95.649497
104.385368 95.422832
103.635529 95.189869
102.889073 94.950605
102.146000 94.705042
101.406309 94.453180
100.670001 94.195017
99.937075 93.930556
99.207531 93.659794
98.481371 93.382733
97.758593 93.099373
97.039197 92.809713
96.323184 92.513753
95.610553 92.211494
94.901305 91.902935
94.195440 91.588077
93.492957 91.266919
92.793857 90.939461
92.098139 90.605704
91.405804 90.265648
90.716851 89.919291
90.031281 89.566635
89.349093 89.207680
88.670288 88.842425
87.994866 88.470871
87.322826 88.093016
86.654168 87.708863
85.988893 87.318409
85.327001 86.921657
84.668491 86.518604
84.013364 86.109252
83.361619 85.693600
82.713257 85.271649
82.068278 84.843398
81.426681 84.408848
80.788466 83.967998
80.153634 83.520849
79.522185 83.067400
78.894118 82.607651
78.269434 82.141603
77.648132 81.669255
77.030213 81.190608
76.415676 80.705661
75.804522 80.214414
75.196751 79.716868
74.592362 79.213022
73.991355 78.702877
73.393731 78.186432
72.799490 77.663688
72.208631 77.134644
71.621155 76.599300
71.037061 76.057657
70.456350 75.509715
69.879022 74.955472
69.305076 74.394930
68.734512 73.828089
68.167331 73.254948
67.603533 72.675507
67.043117 72.089767
66.486083 71.497727
65.932433 70.899388
65.382165 70.294749
64.835279 69.683811
64.291776 69.066573
63.751655 68.443035
63.214917 67.813198
62.681562 67.177061
62.151589 66.534624
61.624998 65.885889
61.101791 65.230853
60.581965 64.569518
60.065712 63.904766
59.553491 63.243647
59.045325 62.586479
58.541212 61.933263
58.041154 61.283998
57.545151 60.638686
57.053201 59.997326
56.565306 59.359917
56.081465 58.726461
55.601678 58.096956
55.125945 57.471404
54.654267 56.849803
54.186642 56.232154
53.723072 55.618457
53.263556 55.008713
52.808095 54.402920
52.356687 53.801078
51.909334 53.203189
51.466035 52.609252
51.026790 52.019267
50.591600 51.433233
50.160463 50.851152
49.733381 50.273022
49.310353 49.698844
48.891380 49.128618
48.476460 48.562345
48.065595 48.000023
47.658784 47.441653
47.256027 46.887235
46.857324 46.336768
46.462676 45.790254
46.072081 45.247692
45.685541 44.709081
45.303055 44.174423
44.924624 43.643716
44.550246 43.116962
44.179923 42.594159
43.813654 42.075308
43.451439 41.560409
43.093279 41.049462
42.739172 40.542467
42.389120 40.039424
42.043122 39.540333
41.701179 39.045193
41.363289 38.554006
41.029454 38.066770
40.699673 37.583487
40.373946 37.104155
40.052273 36.628775
39.734655 36.157348
39.421091 35.689872
39.111581 35.226348
38.806125 34.766776
38.504723 34.311155
38.207376 33.859487
37.914082 33.411771
37.624844 32.968006
37.339659 32.528194
37.058528 32.092333
36.781452 31.660425
36.508430 31.232468
36.239462 30.808463
35.974548 30.388410
35.713689 29.972309
35.456883 29.560160
35.204132 29.151963
34.955435 28.747718
34.710793 28.347425
34.470204 27.951083
34.233670 27.558694
34.001190 27.170256
33.772764 26.785771
33.548393 26.405237
33.328075 26.028655
33.111812 25.656025
32.899603 25.287347
32.691448 24.922621
32.487348 24.561847
32.287302 24.205025
32.091309 23.852155
31.899371 23.503236
31.711488 23.158270
31.527658 22.817255
31.347883 22.480193
31.172162 22.147082
31.000495 21.817923
30.832882 21.492717
30.669324 21.171462
30.509820 20.854159
30.354370 20.540808
30.202974 20.231408
30.055632 19.925961
29.912345 19.624466
29.773112 19.326922
29.637933 19.033331
29.506808 18.743691
29.379738 18.458004
29.256721 18.176268
29.137759 17.898484
29.022851 17.624652
28.911998 17.354772
28.805198 17.088844
28.702453 16.826868
28.603762 16.568844
28.509125 16.314771
28.418543 16.064651
28.332014 15.818482
28.249540 15.576266
28.171120 15.338001
28.096754 15.103688
28.026443 14.873328
27.960185 14.646919
27.897982 14.424462
27.839833 14.205957
27.785738 13.991403
27.735698 13.780802
27.689712 13.574153
27.647779 13.371456
27.609902 13.172710
27.576078 12.977917
27.546308 12.787075
27.520593 12.600185
27.498932 12.417247
27.481325 12.238261
27.467773 12.063228
