257.607502 153.747764
257.089024 153.690302
256.573619 153.625325
256.061286 153.552832
255.552026 153.472824
255.045839 153.385300
254.542725 153.290260
254.042683 153.187704
253.545714 153.077633
253.051818 152.960046
252.560995 152.834943
252.073245 152.702324
251.588567 152.562190
251.106962 152.414540
250.628430 152.259374
250.152970 152.096693
249.680583 151.926496
249.211270 151.748783
248.745028 151.563554
248.281860 151.370810
247.821764 151.170550
247.364742 150.962774
246.910791 150.747483
246.459914 150.524676
246.012110 150.294353
245.567378 150.056514
245.125719 149.811160
244.687132 149.558290
244.251619 149.297904
243.819178 149.030002
243.389810 148.754585
242.963515 148.471652
242.540293 148.181203
242.120143 147.883239
241.703066 147.577759
241.289062 147.264763
240.878131 146.944251
240.470272 146.616224
240.065486 146.280681
239.663773 145.937622
239.265133 145.587048
238.869565 145.228958
238.477071 144.863352
238.087649 144.490230
237.701299 144.109593
237.318023 143.721440
236.937819 143.325771
236.560688 142.922586
236.186630 142.511886
235.815645 142.093670
235.447732 141.667938
235.082892 141.234691
234.721125 140.793928
234.362431 140.345649
234.006809 139.889854
233.654260 139.426544
233.304784 138.955718
232.958381 138.477376
232.615051 137.991519
232.274793 137.498146
231.937608 136.997257
231.603496 136.488852
231.272456 135.972932
230.944489 135.449496
230.619596 134.918544
230.297774 134.380077
229.979026 133.834093
229.663350 133.280594
229.350748 132.719580
229.041217 132.151049
228.734760 131.575003
228.431376 130.991441
228.131064 130.400364
227.833825 129.801771
227.539659 129.195662
227.248565 128.582037
226.960544 127.960896
226.675596 127.332240
226.393721 126.696068
226.114919 126.052381
225.839189 125.401177
225.566532 124.742458
225.296948 124.076224
225.030437 123.402473
224.766998 122.721207
224.506632 122.032425
224.249339 121.336127
223.995119 120.632314
223.743971 119.920985
223.495897 119.202140
223.250895 118.475779
223.008965 117.741903
222.770109 117.000511
222.534325 116.251604
222.301614 115.495180
222.071976 114.731241
221.845411 113.959786
221.621918 113.180815
221.401498 112.394329
221.184151 111.600327
220.969877 110.798809
220.758675 109.989776
220.550546 109.173227
220.345490 108.349162
220.143507 107.517581
219.944597 106.678485
219.748759 105.831873
219.555994 104.977745
219.366302 104.116101
219.179682 103.246942
218.996135 102.370267
218.815662 101.486076
218.638260 100.594370
218.463932 99.695148
218.292676 98.788410
218.124494 97.874156
217.959383 96.952387
217.797346 96.023102
217.638382 95.086301
217.482490 94.141985
217.329671 93.190153
217.179925 92.230805
217.033251 91.263941
216.889650 90.289562
216.749122 89.307667
216.611352 88.318560
216.469397 87.328944
216.320420 86.341559
216.164419 85.356406
216.001396 84.373484
215.831349 83.392794
215.654279 82.414335
215.470186 81.438107
215.279070 80.464111
215.080930 79.492346
214.875768 78.522813
214.663582 77.555511
214.444373 76.590440
214.218142 75.627601
213.984887 74.666993
213.744609 73.708617
213.497307 72.752472
213.242983 71.798559
212.981636 70.846876
212.713265 69.897426
212.437871 68.950207
212.155455 68.005219
211.866015 67.062463
211.569552 66.121938
211.266065 65.183644
210.955556 64.247582
210.638024 63.313751
210.313468 62.382152
209.981890 61.452784
209.643288 60.525648
209.297663 59.600743
208.945015 58.678069
208.585344 57.757627
208.218649 56.839416
207.844932 55.923437
207.464191 55.009689
207.076428 54.098172
206.681641 53.188887
206.279831 52.281834
205.870998 51.377011
205.455142 50.474421
205.032263 49.574061
204.602360 48.675933
204.165435 47.780037
203.721486 46.886372
203.270514 45.994938
202.812519 45.105736
202.347501 44.218765
201.875460 43.334025
201.396396 42.451517
200.910308 41.571241
200.417198 40.693195
199.917064 39.817382
199.409908 38.943799
198.895728 38.072448
198.374525 37.203329
197.846299 36.336441
197.311049 35.471784
196.768777 34.609359
196.219481 33.749165
195.663163 32.891202
195.099821 32.035471
194.529456 31.181972
193.952068 30.330704
193.367657 29.481667
192.776223 28.634861
192.177765 27.790288
191.572285 26.947945
190.959781 26.107834
190.340255 25.269954
189.713705 24.434306
189.080132 23.600889
188.439536 22.769704
187.791916 21.940750
187.137274 21.114027
186.475609 20.289536
185.806920 19.467276
185.131208 18.647248
184.448473 17.829451
183.758715 17.013886
183.061934 16.200552
182.358130 15.389449
181.647303 14.580578
180.929452 13.773938
180.204579 12.969530
179.472682 12.167353
178.733762 11.367407
177.987819 10.569693
177.234853 9.774210
176.474864 8.980959
175.707852 8.189939
174.933816 7.401151
174.152758 6.614594
173.364676 5.830268
172.569571 5.048174
171.767443 4.268311
170.958292 3.490680
170.142118 2.715280
169.318921 1.942111
168.488700 1.171174
167.651457 0.402469
166.807190 -0.364006
165.955900 -1.128248
165.097587 -1.890260
164.232251 -2.650040
163.359892 -3.407588
162.480510 -4.162905
161.594104 -4.915991
160.700676 -5.666845
159.800224 -6.415468
158.892749 -7.161860
157.978251 -7.906020
157.056730 -8.647949
156.128186 -9.387646
155.192619 -10.125112
154.250028 -10.860346
153.300415 -11.593349
152.343778 -12.324120
151.380118 -13.052661
150.409435 -13.778969
149.431729 -14.503047
148.447000 -15.224892
147.455248 -15.944507
146.456473 -16.661890
145.450674 -17.377041
144.439350 -18.088960
143.431483 -18.791639
142.428571 -19.484076
141.430614 -20.166272
140.437612 -20.838227
139.449565 -21.499940
138.466472 -22.151412
137.488335 -22.792642
136.515153 -23.423630
135.546925 -24.044378
134.583652 -24.654884
133.625334 -25.255148
132.671971 -25.845171
131.723563 -26.424953
130.780110 -26.994493
129.841612 -27.553792
128.908069 -28.102849
127.979480 -28.641665
127.055846 -29.170240
126.137168 -29.688573
125.223444 -30.196664
124.314675 -30.694515
123.410861 -31.182123
122.512002 -31.659491
121.618098 -32.126617
120.729148 -32.583501
119.845154 -33.030144
118.966114 -33.466546
118.092030 -33.892706
117.222900 -34.308625
116.358725 -34.714302
115.499505 -35.109738
114.645240 -35.494933
113.795930 -35.869886
112.951574 -36.234598
112.112174 -36.589068
111.277728 -36.933297
110.448238 -37.267284
109.623702 -37.591030
108.804121 -37.904535
107.989495 -38.207798
107.179824 -38.500820
106.375108 -38.783600
105.575347 -39.056139
104.780540 -39.318436
103.990689 -39.570492
103.205792 -39.812307
102.425851 -40.043880
101.650864 -40.265211
100.880832 -40.476302
100.115755 -40.677151
99.355633 -40.867758
98.600465 -41.048124
97.850253 -41.218249
97.104996 -41.378132
96.364693 -41.527773
95.629345 -41.667174
94.898952 -41.796333
94.173515 -41.915250
93.453032 -42.023926
92.737503 -42.122361
92.026930 -42.210554
91.321312 -42.288506
90.620648 -42.356216
89.924940 -42.413685
89.234186 -42.460912
88.548387 -42.497898
87.867544 -42.524643
87.191655 -42.541146
86.520721 -42.547408
85.854741 -42.543428
85.193717 -42.529207
84.537648 -42.504744
83.886533 -42.470040
83.240374 -42.425095
82.599169 -42.369908
81.962919 -42.304480
81.331624 -42.228810
80.705284 -42.142899
80.083899 -42.046747
79.467469 -41.940353
78.855993 -41.823717
78.249473 -41.696841
77.647907 -41.559722
77.051296 -41.412363
76.459641 -41.254762
75.872940 -41.086919
75.291194 -40.908835
74.714402 -40.720510
74.142566 -40.521943
73.575685 -40.313135
73.013758 -40.094085
72.456787 -39.864794
71.904770 -39.625262
71.357708 -39.375488
70.815602 -39.115472
70.278450 -38.845216
69.746252 -38.564717
69.219010 -38.273978
68.696723 -37.972997
68.179391 -37.661774
67.667013 -37.340310
67.159590 -37.008605
66.657123 -36.666658
66.159610 -36.314470
65.667052 -35.952040
65.179449 -35.579369
64.696801 -35.196457
64.219107 -34.803303
63.746369 -34.399908
63.278585 -33.986271
62.815757 -33.562393
62.357883 -33.128273
61.904964 -32.683912
61.457000 -32.229310
61.013991 -31.764466
60.575937 -31.289381
60.142838 -30.804054
59.714693 -30.308486
59.291504 -29.802676
58.873269 -29.286625
58.459990 -28.760333
58.051665 -28.223799
57.648295 -27.677024
57.249880 -27.120007
56.855326 -26.556288
56.461962 -25.994518
56.069664 -25.435091
55.678433 -24.878006
55.288270 -24.323264
54.899173 -23.770864
54.511144 -23.220806
54.124182 -22.673091
53.738287 -22.127719
53.353459 -21.584688
52.969698 -21.044001
52.587005 -20.505655
52.205378 -19.969653
51.824819 -19.435992
51.445326 -18.904674
51.066901 -18.375699
50.689543 -17.849066
50.313253 -17.324775
49.938029 -16.802827
49.563872 -16.283221
49.190783 -15.765958
48.818761 -15.251037
48.447805 -14.738459
48.077917 -14.228223
47.709097 -13.720329
47.341343 -13.214778
46.974656 -12.711570
46.609037 -12.210704
46.244484 -11.712180
45.880999 -11.215999
45.518581 -10.722160
45.157230 -10.230664
44.796946 -9.741510
44.437729 -9.254698
44.079580 -8.770229
43.722497 -8.288103
43.366482 -7.808319
43.011534 -7.330877
42.657653 -6.855778
42.304839 -6.383021
41.953092 -5.912607
41.602412 -5.444535
41.252800 -4.978805
40.904254 -4.515418
40.556776 -4.054374
40.210365 -3.595672
39.865021 -3.139312
39.520744 -2.685295
39.177534 -2.233620
38.835392 -1.784288
38.494316 -1.337298
38.154308 -0.892650
37.815367 -0.450345
37.477493 -0.010383
37.140686 0.427237
36.804946 0.862515
36.470273 1.295450
36.136668 1.726043
35.804129 2.154293
35.472658 2.580201
35.142254 3.003766
34.812917 3.424989
34.484647 3.843870
34.157444 4.260408
33.831308 4.674603
33.506240 5.086457
33.182239 5.495967
32.859304 5.903136
32.537437 6.307961
32.216637 6.710445
31.896904 7.110586
31.578239 7.508384
31.260640 7.903840
30.944109 8.296954
30.628644 8.687725
30.314247 9.076154
30.000917 9.462240
29.688654 9.845984
29.377458 10.227385
29.067330 10.606444
28.758268 10.983161
28.450274 11.357535
28.143346 11.729566
27.837486 12.099256
27.532693 12.466602
27.228967 12.831607
26.926309 13.194268
26.624717 13.554588
26.324193 13.912565
26.024735 14.268199
25.726345 14.621491
25.429022 14.972441
25.132766 15.321048
24.837577 15.667313
24.543455 16.011235
24.250401 16.352815
23.958413 16.692052
23.667493 17.028947
23.377640 17.363499
23.088854 17.695709
22.801135 18.025577
22.514483 18.353102
22.228899 18.678285
21.944381 19.001125
21.660931 19.321623
21.378548 19.639778
21.097231 19.955591
20.816982 20.269061
20.537801 20.580189
20.259686 20.888975
19.982638 21.195418
19.706658 21.499519
19.431745 21.801277
19.157898 22.100693
18.885119 22.397766
18.613407 22.692497
18.342763 22.984885
18.073185 23.274931
17.804674 23.562635
17.537231 23.847996
17.270855 24.131014
17.005546 24.411691
16.741304 24.690024
16.478129 24.966016
16.216021 25.239665
