292.934062 64.727393
291.937561 62.863739
290.944549 61.021789
289.955027 59.201542
288.968995 57.403000
287.986453 55.626161
287.007401 53.871027
286.031838 52.137597
285.059765 50.425870
284.091182 48.735848
283.126088 47.067529
282.164485 45.420915
281.206371 43.796004
280.251747 42.192798
279.300612 40.611295
278.352968 39.051497
277.408813 37.513402
276.468148 35.997012
275.530973 34.502326
274.597287 33.029343
273.667091 31.578065
272.740385 30.148490
271.817169 28.740620
270.897443 27.354453
269.981206 25.989991
269.068459 24.647232
268.159202 23.326178
267.253434 22.026827
266.351157 20.749181
265.452369 19.493238
264.557070 18.259000
263.665262 17.046465
262.776943 15.855634
261.892115 14.686508
261.010775 13.539085
260.132926 12.413367
259.258567 11.309352
258.387697 10.227042
257.520317 9.166435
256.656426 8.127533
255.796026 7.110334
254.939115 6.114840
254.085694 5.141049
253.235763 4.188962
252.389321 3.258580
251.546370 2.349901
250.706908 1.462927
249.870935 0.597656
249.038453 -0.245911
248.209460 -1.067773
247.383957 -1.867932
246.561944 -2.646386
245.743421 -3.403137
244.928387 -4.138184
244.116843 -4.851526
243.308789 -5.543165
242.504225 -6.213099
241.703150 -6.861330
240.905565 -7.487857
240.111470 -8.092679
239.320865 -8.675798
238.533749 -9.237213
237.750124 -9.776923
236.969988 -10.294930
236.193341 -10.791233
235.420185 -11.265831
234.650518 -11.718726
233.884341 -12.149917
233.121654 -12.559403
232.362457 -12.947186
231.606749 -13.313265
230.854531 -13.657639
230.105803 -13.980310
229.360564 -14.281277
228.618816 -14.560539
227.880557 -14.818098
227.145788 -15.053953
226.414509 -15.268104
225.686719 -15.460550
224.962419 -15.631293
224.241609 -15.780332
223.524289 -15.907667
222.810458 -16.013297
222.100117 -16.097224
221.393266 -16.159447
220.689905 -16.199965
219.990034 -16.218780
219.293652 -16.215891
218.600760 -16.191298
217.911358 -16.145001
217.225445 -16.076999
216.543023 -15.987294
215.864090 -15.875885
215.188647 -15.742772
214.516693 -15.587954
213.848230 -15.411433
213.183256 -15.213208
212.521772 -14.993279
211.863777 -14.751646
211.209273 -14.488308
210.558258 -14.203267
209.910733 -13.896522
209.266698 -13.568073
208.626152 -13.217920
207.989096 -12.846062
207.355530 -12.452501
206.725454 -12.037236
206.098868 -11.600267
205.475771 -11.141594
204.856164 -10.661217
204.240047 -10.159135
203.627419 -9.635350
203.018282 -9.089861
202.412634 -8.522668
201.810475 -7.933771
201.211807 -7.323170
200.616628 -6.690865
200.024940 -6.036856
199.436740 -5.361142
198.852031 -4.663725
198.270812 -3.944604
197.693082 -3.203779
197.118842 -2.441250
196.548091 -1.657017
195.980831 -0.851080
195.417009 -0.024278
194.855511 0.804916
194.295880 1.628945
193.738115 2.447811
193.182217 3.261512
192.628186 4.070049
192.076021 4.873422
191.525723 5.671631
190.977292 6.464676
190.430728 7.252556
189.886031 8.035272
189.343200 8.812824
188.802236 9.585212
188.263139 10.352435
187.725908 11.114495
187.190544 11.871390
186.657047 12.623121
186.125417 13.369688
185.595654 14.111090
185.067757 14.847329
184.541727 15.578403
184.017564 16.304313
183.495267 17.025059
182.974838 17.740640
182.456275 18.451058
181.939578 19.156311
181.424749 19.856400
180.911786 20.551325
180.400690 21.241085
179.891461 21.925682
179.384099 22.605114
178.878603 23.279382
178.374974 23.948486
177.873212 24.612425
177.373316 25.271201
176.875288 25.924812
176.379126 26.573259
175.884830 27.216542
175.392402 27.854660
174.901840 28.487615
174.413145 29.115405
173.926317 29.738031
173.441356 30.355493
172.958261 30.967791
172.477033 31.574924
171.997672 32.176893
171.520178 32.773698
171.044550 33.365339
170.570789 33.951816
170.098895 34.533128
169.628867 35.109277
169.160707 35.680261
168.694413 36.246080
168.229986 36.806736
167.767425 37.362228
167.306732 37.912555
166.847905 38.457718
166.390945 38.997717
165.935851 39.532551
165.482625 40.062222
165.031265 40.586728
164.581771 41.106070
164.134145 41.620248
163.688385 42.129262
163.244493 42.633111
162.802466 43.131797
162.362307 43.625318
161.924014 44.113675
161.487589 44.596867
161.053029 45.074896
160.620337 45.547760
160.189511 46.015460
159.760553 46.477996
159.333460 46.935368
158.908235 47.387575
158.484876 47.834619
158.063385 48.276498
157.643759 48.713213
157.226001 49.144763
156.810110 49.571150
156.396085 49.992372
155.983927 50.408430
155.573635 50.819324
155.165211 51.225054
154.758653 51.625620
154.353962 52.021021
153.951137 52.411258
153.550180 52.796331
153.151089 53.176240
152.753865 53.550984
152.358507 53.920565
151.965017 54.284981
151.573393 54.644233
151.183636 54.998321
150.795746 55.347244
150.409722 55.691003
150.025565 56.029599
149.643275 56.363030
149.262852 56.691296
148.884295 57.014399
148.507606 57.332337
148.132782 57.645111
147.759826 57.952721
147.388737 58.255167
147.019514 58.552449
146.652158 58.844566
146.286668 59.131519
145.923046 59.413308
145.561290 59.689933
145.201401 59.961394
144.843379 60.227690
144.487223 60.488822
144.132934 60.744790
143.780512 60.995594
143.429957 61.241234
143.081269 61.481709
142.734447 61.717020
142.389492 61.947167
142.046403 62.172150
141.705182 62.391969
141.365827 62.606623
141.028339 62.816113
140.692718 63.020439
140.358963 63.219601
140.027076 63.413599
139.696596 63.601810
139.364774 63.780503
139.031152 63.949055
138.695729 64.107466
138.358505 64.255736
138.019481 64.393865
137.678656 64.521854
137.336030 64.639702
136.991603 64.747409
136.645376 64.844975
136.297348 64.932401
135.947519 65.009685
135.595890 65.076829
135.242460 65.133832
134.887230 65.180694
134.530198 65.217416
134.171366 65.243996
133.810733 65.260436
133.448300 65.266735
133.084066 65.262894
132.718031 65.248911
132.350196 65.224788
131.980559 65.190524
131.609123 65.146119
131.235885 65.091573
130.860847 65.026886
130.484008 64.952059
130.105368 64.867091
129.724928 64.771982
129.342687 64.666732
128.958645 64.551342
128.572803 64.425810
128.185160 64.290138
127.795716 64.144325
127.404471 63.988372
127.011426 63.822277
126.616580 63.646042
126.219934 63.459666
125.821487 63.263149
125.421239 63.056491
125.019190 62.839692
124.615341 62.612753
124.209691 62.375673
123.802240 62.128452
123.392989 61.871090
122.981937 61.603588
122.569084 61.325945
122.154431 61.038160
121.737977 60.740236
121.319722 60.432170
120.899666 60.113963
120.477810 59.785616
120.054153 59.447128
119.628696 59.098499
119.201438 58.739729
118.772379 58.370819
118.341519 57.991767
117.908859 57.602575
117.474398 57.203242
117.038136 56.793769
116.600074 56.374154
116.160211 55.944399
115.718547 55.504503
115.275082 55.054466
114.829817 54.594288
114.382751 54.123970
113.933885 53.643511
113.483218 53.152910
113.030750 52.652170
112.576481 52.141288
112.120412 51.620265
111.662542 51.089102
111.202871 50.547798
110.741400 49.996353
110.278128 49.434767
109.813055 48.863041
109.346182 48.281174
108.877508 47.689166
108.407033 47.087017
107.934758 46.474727
107.460681 45.852297
106.984805 45.219725
106.507127 44.577013
106.027649 43.924160
105.546370 43.261167
105.063290 42.588032
104.578410 41.904757
104.091729 41.211341
103.603247 40.507784
103.112965 39.794086
102.620882 39.070248
102.126998 38.336269
101.631314 37.592149
101.133828 36.837888
100.634543 36.073486
100.133456 35.298944
99.630569 34.514260
99.125881 33.719436
98.619392 32.914471
98.111103 32.099366
97.601013 31.274119
97.089123 30.438732
96.575431 29.593204
96.059939 28.737535
95.542647 27.871726
95.023553 26.995775
94.502659 26.109684
93.979964 25.213452
93.455469 24.307079
92.929173 23.390565
92.401076 22.463911
91.871178 21.527116
91.339480 20.580180
90.805981 19.623103
90.270682 18.655885
89.733581 17.678527
89.194680 16.691028
88.653979 15.693387
88.111476 14.685607
87.567173 13.667685
87.021069 12.639623
86.473165 11.601419
85.923460 10.553075
85.371954 9.494591
84.818648 8.425965
84.264465 7.354139
83.711665 6.296080
83.160350 5.252558
82.610521 4.223574
82.062177 3.209128
81.515319 2.209219
80.969947 1.223848
80.426060 0.253014
79.883659 -0.703282
79.342743 -1.645040
78.803313 -2.572261
78.265368 -3.484944
77.728909 -4.383090
77.193935 -5.266698
76.660447 -6.135768
76.128444 -6.990301
75.597927 -7.830296
75.068895 -8.655754
74.541349 -9.466674
74.015289 -10.263056
73.490714 -11.044901
72.967624 -11.812208
72.446020 -12.564978
71.925902 -13.303210
71.407269 -14.026904
70.890122 -14.736061
70.374460 -15.430680
69.860284 -16.110762
69.347593 -16.776306
68.836388 -17.427312
68.326668 -18.063781
67.818434 -18.685712
67.311685 -19.293105
66.806422 -19.885961
66.302645 -20.464280
65.800353 -21.028061
65.299546 -21.577304
64.800225 -22.112009
64.302390 -22.632177
63.806040 -23.137808
63.311176 -23.628901
62.817797 -24.105456
62.325903 -24.567473
61.835496 -25.014953
61.346573 -25.447896
60.859137 -25.866300
60.373186 -26.270168
59.888720 -26.659497
59.405740 -27.034289
58.924245 -27.394543
58.444236 -27.740260
57.965713 -28.071439
57.488675 -28.388081
57.013122 -28.690185
56.539056 -28.977751
56.066474 -29.250780
55.595378 -29.509271
55.125768 -29.753225
54.657643 -29.982641
54.191004 -30.197519
53.725850 -30.397860
53.262182 -30.583663
52.799999 -30.754928
52.339302 -30.911656
51.880091 -31.053847
51.422365 -31.181499
50.966124 -31.294615
50.511369 -31.393192
50.058100 -31.477232
49.606316 -31.546734
49.156017 -31.601699
48.707205 -31.642126
48.259877 -31.668016
47.814035 -31.679368
47.369679 -31.676182
46.926808 -31.658459
46.485423 -31.626198
46.045524 -31.579399
45.607110 -31.518063
45.170181 -31.442190
44.734738 -31.351778
44.300780 -31.246830
43.868308 -31.127343
43.437322 -30.993319
43.007821 -30.844757
42.579805 -30.681658
42.153276 -30.504021
41.728231 -30.311847
41.304672 -30.105135
40.882599 -29.883885
40.462011 -29.648098
40.042909 -29.397773
39.625293 -29.132910
39.209161 -28.853510
38.794516 -28.559572
38.381356 -28.251097
37.969681 -27.928084
37.559492 -27.590534
37.150789 -27.238446
36.743571 -26.871820
36.337838 -26.490657
35.933591 -26.094956
35.530830 -25.684717
35.129554 -25.259941
34.729764 -24.820628
34.331459 -24.366776
33.934640 -23.898387
33.539306 -23.415461
33.145458 -22.917997
32.753095 -22.405995
32.362218 -21.879456
31.972827 -21.338379
31.584921 -20.782764
31.198500 -20.212612
30.813565 -19.627922
30.430116 -19.028695
30.048152 -18.414930
29.667673 -17.786628
29.288681 -17.143788
28.911173 -16.486410
28.535151 -15.814495
28.160615 -15.128042
27.787564 -14.427051
27.415999 -13.711523
27.045920 -12.981457
