194.993626 -227.985714
195.229389 -221.462066
195.460675 -215.009003
195.687482 -208.626525
195.909811 -202.314632
196.127662 -196.073324
196.341034 -189.902601
196.549929 -183.802462
196.754346 -177.772909
196.954284 -171.813941
197.149744 -165.925557
197.340726 -160.107758
197.527230 -154.360545
197.709256 -148.683916
197.886804 -143.077872
198.059873 -137.542414
198.228465 -132.077540
198.392578 -126.683251
198.552213 -121.359547
198.707370 -116.106428
198.858049 -110.923893
199.004250 -105.811944
199.145973 -100.770580
199.283217 -95.799801
199.415984 -90.899606
199.544272 -86.069997
199.668082 -81.310972
199.787414 -76.622533
199.902268 -72.004678
200.012644 -67.457408
200.118541 -62.980723
200.219961 -58.574623
200.316902 -54.239108
200.409366 -49.974178
200.497351 -45.779833
200.580858 -41.656073
200.659886 -37.602898
200.734437 -33.620308
200.804510 -29.708302
200.870104 -25.866882
200.931221 -22.096046
200.987859 -18.395796
201.040019 -14.766130
201.087701 -11.207050
201.130905 -7.718554
201.169630 -4.300643
201.203878 -0.953317
201.233647 2.323424
201.258939 5.529580
201.279752 8.665151
201.296087 11.730137
201.307944 14.724538
201.315322 17.648354
201.318223 20.501586
201.316646 23.284232
201.310590 25.996294
201.300056 28.637770
201.285044 31.208662
201.265554 33.708968
201.241586 36.138690
201.213140 38.497827
201.180215 40.786379
201.142813 43.004346
201.100932 45.151728
201.054574 47.228525
201.003737 49.234737
200.948422 51.170364
200.888628 53.035406
200.824357 54.829864
200.755608 56.553736
200.682380 58.207024
200.604674 59.789726
200.522491 61.301844
200.435829 62.743376
200.344689 64.114324
200.249070 65.414687
200.148974 66.644465
200.044400 67.803658
199.935347 68.892266
199.821816 69.910289
199.703807 70.857727
199.581320 71.734580
199.454355 72.540848
199.322912 73.276532
199.186991 73.941630
199.046591 74.536143
198.901713 75.060072
198.752358 75.513416
198.598524 75.896174
198.440212 76.208348
198.277422 76.449937
198.110153 76.620941
197.938407 76.721359
197.762182 76.751193
197.581480 76.710442
197.396299 76.599107
197.206640 76.417186
197.012503 76.164680
196.813888 75.841589
196.610794 75.447914
196.403223 74.983653
196.191173 74.448808
195.974645 73.843377
195.753640 73.167362
195.528156 72.420762
195.298194 71.603576
195.063753 70.715806
194.824835 69.757451
194.581438 68.728511
194.333564 67.628986
194.081211 66.458876
193.824380 65.218181
193.563071 63.906902
193.297284 62.525037
193.027019 61.072587
192.752275 59.549553
192.473054 57.955933
192.189354 56.291729
191.901176 54.556939
191.608520 52.751565
191.311386 50.875606
191.009774 48.929062
190.703684 46.911933
190.393115 44.824219
190.078069 42.665920
189.758607 40.439847
189.436102 38.207862
189.111116 35.995268
188.783649 33.802067
188.453701 31.628258
188.121273 29.473841
187.786363 27.338817
187.448973 25.223185
187.109102 23.126945
186.766749 21.050098
186.421916 18.992642
186.074602 16.954580
185.724807 14.935909
185.372531 12.936631
185.017774 10.956745
184.660537 8.996252
184.300818 7.055150
183.938619 5.133442
183.573938 3.231125
183.206777 1.348201
182.837134 -0.515331
182.465011 -2.359471
182.090407 -4.184218
181.713322 -5.989573
181.333756 -7.775536
180.951709 -9.542106
180.567182 -11.289284
180.180173 -13.017070
179.790683 -14.725464
179.398713 -16.414465
179.004261 -18.084074
178.607329 -19.734290
178.207916 -21.365114
177.806022 -22.976546
177.401647 -24.568586
176.994791 -26.141233
176.585454 -27.694488
176.173636 -29.228351
175.759337 -30.742821
175.342557 -32.237899
174.923297 -33.713585
174.501555 -35.169878
174.077333 -36.606779
173.650630 -38.024288
173.221445 -39.422405
172.789780 -40.801129
172.355634 -42.160460
171.919007 -43.500400
171.479899 -44.820947
171.038311 -46.122102
170.594241 -47.403865
170.147690 -48.666235
169.698659 -49.909213
169.247146 -51.132799
168.793153 -52.336992
168.336679 -53.521793
167.877724 -54.687202
167.416288 -55.833218
166.952370 -56.959842
166.485973 -58.067074
166.017094 -59.154913
165.545734 -60.223360
165.071893 -61.272415
164.595572 -62.302078
164.116769 -63.312348
163.635486 -64.303226
163.151722 -65.274711
162.665476 -66.226805
162.176750 -67.159506
161.685543 -68.072814
161.191855 -68.966731
160.695686 -69.841255
160.197036 -70.696386
159.695906 -71.532126
159.192294 -72.348473
158.686202 -73.145428
158.177628 -73.922990
157.666574 -74.681160
157.153038 -75.419938
156.637022 -76.139323
156.118525 -76.839317
155.597547 -77.519918
155.074088 -78.181126
154.548148 -78.822942
154.019728 -79.445366
153.488826 -80.048398
152.955443 -80.632037
152.419580 -81.196284
151.881235 -81.741139
151.340410 -82.266601
150.797104 -82.772671
150.251317 -83.259349
149.703048 -83.726635
149.152299 -84.174528
148.599070 -84.603029
148.043359 -85.012137
147.485167 -85.401853
146.924494 -85.772177
146.361341 -86.123109
145.795706 -86.454648
145.227591 -86.766795
144.656995 -87.059550
144.083917 -87.332912
143.508359 -87.586882
142.930320 -87.821460
142.349800 -88.036645
141.766799 -88.232438
141.181318 -88.408839
140.593355 -88.565847
140.002911 -88.703463
139.409987 -88.821687
138.814581 -88.920519
138.216695 -88.999958
137.616328 -89.060005
137.013480 -89.100659
136.408150 -89.121922
135.800340 -89.123791
135.190050 -89.106269
134.577278 -89.069354
133.962025 -89.013047
133.344291 -88.937348
132.724077 -88.842256
132.101381 -88.727773
131.476205 -88.593896
130.848548 -88.440628
130.219249 -88.270061
129.593351 -88.094757
128.971693 -87.916811
128.354275 -87.736223
127.741097 -87.552992
127.132160 -87.367119
126.527462 -87.178603
125.927004 -86.987445
125.330787 -86.793644
124.738809 -86.597201
124.151072 -86.398115
123.567575 -86.196387
122.988318 -85.992017
122.413301 -85.785003
121.842524 -85.575348
121.275987 -85.363050
120.713690 -85.148109
120.155633 -84.930526
119.601817 -84.710301
119.052240 -84.487433
118.506904 -84.261922
117.965808 -84.033769
117.428951 -83.802974
116.896335 -83.569536
116.367959 -83.333455
115.843823 -83.094733
115.323927 -82.853367
114.808272 -82.609359
114.296856 -82.362709
113.789680 -82.113416
113.286745 -81.861481
112.788049 -81.606903
112.293594 -81.349683
111.803379 -81.089820
111.317404 -80.827315
110.835669 -80.562167
110.358174 -80.294377
109.884919 -80.023944
109.415904 -79.750869
108.951129 -79.475152
108.490595 -79.196792
108.034300 -78.915789
107.582246 -78.632144
107.134432 -78.345856
106.690857 -78.056926
106.251523 -77.765354
105.816429 -77.471139
105.385575 -77.174281
104.958962 -76.874782
104.536588 -76.572639
104.118454 -76.267854
103.704560 -75.960427
103.294907 -75.650357
102.889494 -75.337645
102.488320 -75.022290
102.091387 -74.704293
101.698694 -74.383653
101.310241 -74.060371
100.926028 -73.734446
100.546055 -73.405879
100.170322 -73.074669
99.798830 -72.740817
99.431577 -72.404322
99.068565 -72.065185
98.709792 -71.723405
98.355260 -71.378983
98.004968 -71.031919
97.658916 -70.682211
97.317104 -70.329862
96.979532 -69.974870
96.646200 -69.617235
96.317108 -69.256958
95.992256 -68.894039
95.671645 -68.528477
95.355273 -68.160273
95.043142 -67.789426
94.735251 -67.415936
94.431599 -67.039804
94.132188 -66.661030
93.837017 -66.279613
93.546086 -65.895554
93.259395 -65.508852
92.976945 -65.119508
92.698734 -64.727521
92.424764 -64.332892
92.155033 -63.935620
91.889543 -63.535706
91.628292 -63.133149
91.371282 -62.727950
91.118512 -62.320109
90.869982 -61.909624
90.625692 -61.496498
90.385642 -61.080729
90.149832 -60.662317
89.918263 -60.241263
89.690933 -59.817567
89.467844 -59.391228
89.248994 -58.962246
89.034385 -58.530622
88.824016 -58.096356
88.617887 -57.659447
88.415998 -57.219895
88.218349 -56.777702
88.024940 -56.332865
87.835771 -55.885386
87.650843 -55.435265
87.470154 -54.982501
87.293706 -54.527095
87.121497 -54.069046
86.953529 -53.608355
86.789801 -53.145021
86.630313 -52.679045
86.475065 -52.210426
86.324057 -51.739165
86.177289 -51.265262
86.034761 -50.788715
85.896473 -50.309527
85.762426 -49.827696
85.632618 -49.343222
85.507051 -48.856106
85.385724 -48.366348
85.268637 -47.873947
85.155789 -47.378903
85.047182 -46.881217
84.942815 -46.380889
84.839736 -45.878585
84.730727 -45.375935
84.615461 -44.873014
84.493936 -44.369822
84.366154 -43.866358
84.232115 -43.362624
84.091817 -42.858617
83.945262 -42.354340
83.792450 -41.849791
83.633379 -41.344970
83.468051 -40.839879
83.296466 -40.334515
83.118622 -39.828881
82.934521 -39.322975
82.744162 -38.816798
82.547546 -38.310350
82.344672 -37.803630
82.135540 -37.296639
81.920151 -36.789376
81.698504 -36.281842
81.470599 -35.774037
81.236436 -35.265960
80.996016 -34.757612
80.749338 -34.248993
80.496403 -33.740102
80.237210 -33.230940
79.971759 -32.721507
79.700050 -32.211802
79.422084 -31.701826
79.137860 -31.191578
78.847379 -30.681060
78.550639 -30.170269
78.247642 -29.659208
77.938388 -29.147875
77.622876 -28.636271
77.301106 -28.124395
76.973078 -27.612248
76.638793 -27.099830
76.298250 -26.587140
75.951449 -26.074179
75.598391 -25.560947
75.239075 -25.047443
74.873501 -24.533668
74.501670 -24.019621
74.123581 -23.505303
73.739234 -22.990714
73.348630 -22.475854
72.951768 -21.960722
72.548648 -21.445319
72.139270 -20.929644
71.723635 -20.413698
71.301743 -19.897481
70.873592 -19.380992
70.439184 -18.864232
69.998518 -18.347201
69.551595 -17.829898
69.098414 -17.312324
68.638975 -16.794478
68.173278 -16.276362
67.701324 -15.757973
67.223112 -15.239314
66.738643 -14.720383
66.247916 -14.201181
65.750931 -13.681707
65.247688 -13.161962
64.738188 -12.641946
64.222430 -12.121658
63.700414 -11.601099
63.172141 -11.080269
62.637610 -10.559167
62.096822 -10.037794
61.549775 -9.516150
60.996471 -8.994234
60.436910 -8.472047
59.871090 -7.949588
59.299014 -7.426858
58.720679 -6.903857
58.136086 -6.380585
57.545236 -5.857041
56.948129 -5.333225
56.344763 -4.809139
55.735140 -4.284781
55.119260 -3.760151
54.497121 -3.235251
53.868725 -2.710079
53.234071 -2.184635
52.593160 -1.658921
51.945991 -1.132934
51.292564 -0.606677
50.632880 -0.080148
49.966938 0.446652
49.294738 0.973724
48.616280 1.501067
47.931565 2.028681
47.240592 2.556567
46.543362 3.084723
45.839874 3.613152
45.130128 4.141852
44.414124 4.670823
43.691863 5.200065
42.963344 5.729579
42.228567 6.259364
41.487533 6.789420
40.740241 7.319748
39.986692 7.850347
39.226884 8.381218
38.460819 8.912360
37.688497 9.443773
36.909916 9.975458
36.125079 10.507414
35.333983 11.039641
34.536630 11.572140
33.733019 12.104910
32.923150 12.637951
32.107023 13.171264
31.284639 13.704848
30.455998 14.238703
29.621098 14.772830
28.779941 15.307228
27.932526 15.841898
27.078854 16.376839
26.218924 16.912051
25.352736 17.447535
24.480291 17.983290
23.601588 18.519316
