299.083398 -23.433330
297.799691 -24.371480
296.522021 -25.305599
295.250389 -26.235687
293.984796 -27.161743
292.725240 -28.083768
291.471722 -29.001762
290.224243 -29.915724
288.982801 -30.825656
287.747397 -31.731556
286.518032 -32.633424
285.294704 -33.531262
284.077414 -34.425068
282.866163 -35.314843
281.660949 -36.200587
280.461773 -37.082299
279.268635 -37.959980
278.081535 -38.833630
276.900474 -39.703249
275.725450 -40.568837
274.556464 -41.430393
273.393516 -42.287918
272.236606 -43.141411
271.085735 -43.990874
269.940901 -44.836305
268.802105 -45.677705
267.669347 -46.515074
266.542627 -47.348411
265.421945 -48.177717
264.307301 -49.002992
263.198695 -49.824236
262.096127 -50.641448
260.999597 -51.454629
259.909105 -52.263779
258.824651 -53.068898
257.746235 -53.869985
256.673857 -54.667042
255.607517 -55.460066
254.547215 -56.249060
253.492951 -57.034022
252.444725 -57.814954
251.402537 -58.591853
250.366387 -59.364722
249.336275 -60.133559
248.312201 -60.898366
247.294165 -61.659140
246.282167 -62.415884
245.276207 -63.168596
244.276285 -63.917277
243.282400 -64.661927
242.294554 -65.402546
241.312746 -66.139133
240.336976 -66.871689
239.367244 -67.600214
238.403549 -68.324708
237.445893 -69.045170
236.494275 -69.761601
235.548695 -70.474001
234.609153 -71.182369
233.675648 -71.886707
232.748182 -72.587013
231.826754 -73.283287
230.911363 -73.975531
230.002011 -74.663743
229.098697 -75.347924
228.201420 -76.028074
227.310182 -76.704193
226.424982 -77.376280
225.545819 -78.044336
224.672695 -78.708361
223.805609 -79.368354
222.944560 -80.024316
222.089550 -80.676247
221.240577 -81.324147
220.397643 -81.968015
219.560746 -82.607853
218.729888 -83.243659
217.905067 -83.875433
217.086285 -84.503177
216.273540 -85.126889
215.466834 -85.746570
214.666165 -86.362220
213.871535 -86.973838
213.082942 -87.581425
212.300388 -88.184981
211.523871 -88.784506
210.753393 -89.379999
209.988952 -89.971462
209.230549 -90.558892
208.478185 -91.142292
207.731858 -91.721661
206.991569 -92.296998
206.257319 -92.868304
205.529106 -93.435578
204.806931 -93.998822
204.090795 -94.558034
203.380696 -95.113215
202.676635 -95.664364
201.978613 -96.211483
201.286628 -96.754570
200.600681 -97.293626
199.920772 -97.828650
199.246902 -98.359644
198.579069 -98.886606
197.917274 -99.409537
197.261517 -99.928436
196.611798 -100.443305
195.968118 -100.954142
195.330475 -101.460947
194.698870 -101.963722
194.073303 -102.462465
193.453774 -102.957177
192.840283 -103.447858
192.232830 -103.934508
191.631415 -104.417126
191.036038 -104.895713
190.446700 -105.370269
189.863399 -105.840794
189.286136 -106.307287
188.714911 -106.769749
188.149724 -107.228180
187.590575 -107.682579
187.037464 -108.132947
186.490391 -108.579284
185.949356 -109.021590
185.414166 -109.459439
184.880593 -109.883455
184.346905 -110.289806
183.813102 -110.678490
183.279185 -111.049507
182.745154 -111.402859
182.211008 -111.738543
181.676747 -112.056561
181.142372 -112.356913
180.607883 -112.639599
180.073279 -112.904617
179.538560 -113.151970
179.003727 -113.381656
178.468779 -113.593676
177.933717 -113.788029
177.398540 -113.964715
176.863249 -114.123736
176.327843 -114.265090
175.792323 -114.388777
175.256688 -114.494798
174.720939 -114.583152
174.185075 -114.653840
173.649097 -114.706862
173.113004 -114.742217
172.576797 -114.759906
172.040475 -114.759928
171.504038 -114.742284
170.967488 -114.706974
170.430822 -114.653997
169.894042 -114.583353
169.357148 -114.495043
168.820139 -114.389067
168.283015 -114.265424
167.745777 -114.124115
167.208425 -113.965139
166.670958 -113.788497
166.133376 -113.594189
165.595680 -113.382214
165.057869 -113.152572
164.519944 -112.905264
163.981904 -112.640290
163.443750 -112.357649
162.905482 -112.057342
162.367098 -111.739369
161.828601 -111.403729
161.289988 -111.050422
160.751262 -110.679449
160.212420 -110.290810
159.673464 -109.884504
159.134394 -109.460532
158.595209 -109.018893
158.055910 -108.559588
157.516496 -108.082616
156.976968 -107.587978
156.437325 -107.075674
155.897567 -106.545703
155.357695 -105.998066
154.817709 -105.432762
154.277608 -104.849792
153.737392 -104.249155
153.197062 -103.630852
152.656618 -102.994883
152.116059 -102.341247
151.575385 -101.669944
151.034597 -100.980975
150.493694 -100.274340
149.952677 -99.550038
149.411546 -98.808070
148.870299 -98.048436
148.328939 -97.271134
147.787464 -96.476167
147.245874 -95.663533
146.704170 -94.833233
146.162351 -93.985266
145.620417 -93.119633
145.078370 -92.236333
144.536207 -91.335367
143.993930 -90.416734
143.451539 -89.480435
142.909033 -88.526470
142.366413 -87.554838
141.823678 -86.565540
141.280828 -85.558575
140.737865 -84.533944
140.194786 -83.491646
139.651593 -82.431682
139.108286 -81.354051
138.564864 -80.258754
138.021327 -79.145791
137.477676 -78.015161
136.933910 -76.866865
136.390030 -75.700902
135.846036 -74.517273
135.301926 -73.315977
134.757703 -72.097015
134.213365 -70.860387
133.668912 -69.606092
133.124345 -68.334131
132.579663 -67.044503
132.034867 -65.737209
131.489956 -64.412248
130.944931 -63.069621
130.399791 -61.709327
129.854536 -60.331367
129.309168 -58.935741
128.763684 -57.522448
128.218086 -56.091489
127.672374 -54.642863
127.126547 -53.176571
126.580606 -51.692612
126.034550 -50.190987
125.488379 -48.671695
124.942094 -47.134737
124.395695 -45.580113
123.849181 -44.007822
123.302552 -42.417865
122.755809 -40.810241
122.208951 -39.184951
121.661979 -37.541994
121.114893 -35.881371
120.567692 -34.203082
120.020376 -32.507126
119.472946 -30.793504
118.925401 -29.062215
118.377742 -27.313260
117.830234 -25.551724
117.284469 -23.808124
116.740715 -22.087547
116.198970 -20.389991
115.659235 -18.715458
115.121509 -17.063946
114.585793 -15.435457
114.052087 -13.829989
113.520390 -12.247544
112.990703 -10.688120
112.463025 -9.151719
111.937357 -7.638340
111.413699 -6.147982
110.892050 -4.680647
110.372411 -3.236334
109.854782 -1.815042
109.339162 -0.416773
108.825552 0.958474
108.313951 2.310699
107.804360 3.639902
107.296779 4.946083
106.791207 6.229242
106.287645 7.489379
105.786093 8.726494
105.286550 9.940587
104.789017 11.131658
104.293493 12.299707
103.799979 13.444734
103.308475 14.566739
102.818980 15.665722
102.331495 16.741683
101.846019 17.794621
101.362553 18.824538
100.881097 19.831433
100.401650 20.815305
99.924213 21.776156
99.448786 22.713985
98.975368 23.628791
98.503960 24.520576
98.034561 25.389338
97.567172 26.235079
97.101793 27.057797
96.638423 27.857494
96.177063 28.634168
95.717713 29.387821
95.260372 30.118451
94.805041 30.826059
94.351719 31.510645
93.900407 32.172210
93.451105 32.810752
93.003812 33.426272
92.558529 34.018770
92.115255 34.588246
91.673991 35.134701
91.234737 35.658133
90.797492 36.158543
90.362257 36.635931
89.929032 37.090297
89.497816 37.521641
89.068610 37.929963
88.641413 38.315263
88.216227 38.677540
87.793049 39.016796
87.371882 39.333030
86.952723 39.626242
86.535575 39.896432
86.120436 40.143599
85.707307 40.367745
85.296187 40.568869
84.887077 40.746970
84.479977 40.902050
84.074886 41.034108
83.671805 41.143143
83.270734 41.229157
82.871672 41.292148
82.474620 41.332118
82.079577 41.349065
81.686544 41.342990
81.295521 41.313894
80.906507 41.261775
80.519503 41.186634
80.134508 41.088472
79.751523 40.967287
79.370548 40.823080
78.991582 40.655851
78.614626 40.465601
78.239680 40.252328
77.866743 40.016033
77.495816 39.756716
77.126898 39.474377
76.759990 39.169016
76.395092 38.840633
76.032203 38.489228
75.671324 38.114801
75.312455 37.717352
74.955595 37.296881
74.600744 36.853387
74.247904 36.386872
73.897073 35.897335
73.548251 35.384776
73.201440 34.849195
72.856638 34.290591
72.513845 33.708966
72.173062 33.104319
71.834289 32.476649
71.497525 31.825958
71.162771 31.152244
70.830027 30.455509
70.499292 29.735751
70.170567 28.992972
69.843851 28.227170
69.519145 27.438347
69.196449 26.626501
68.875762 25.791633
68.557085 24.933744
68.240418 24.052832
67.925760 23.148898
67.613112 22.221942
67.302473 21.271965
66.993844 20.298965
66.687225 19.302943
66.382615 18.283899
66.080015 17.241833
65.779424 16.176745
65.480843 15.088635
65.183471 13.989171
64.885349 12.906874
64.586389 11.843040
64.286591 10.797669
63.985954 9.770762
63.684478 8.762318
63.382164 7.772338
63.079012 6.800821
62.775021 5.847767
62.470192 4.913177
62.164524 3.997050
61.858018 3.099386
61.550673 2.220186
61.242490 1.359449
60.933469 0.517176
60.623609 -0.306635
60.312910 -1.111981
60.001373 -1.898865
59.688998 -2.667285
59.375785 -3.417241
59.061732 -4.148734
58.746842 -4.861764
58.431113 -5.556331
58.114545 -6.232434
57.797139 -6.890074
57.478895 -7.529250
57.159812 -8.149963
56.839891 -8.752213
56.519131 -9.335999
56.197533 -9.901322
55.875096 -10.448181
55.551821 -10.976577
55.227708 -11.486510
54.902756 -11.977980
54.576966 -12.450986
54.250337 -12.905528
53.922870 -13.341608
53.594564 -13.759223
53.265420 -14.158376
52.935437 -14.539065
52.604616 -14.901291
52.272957 -15.245053
51.940459 -15.570352
51.607122 -15.877188
51.272948 -16.165560
50.937934 -16.435469
50.602083 -16.686915
50.265393 -16.919897
49.927864 -17.134416
49.589497 -17.330471
49.250292 -17.508063
48.910248 -17.667192
48.569365 -17.807857
48.227645 -17.930059
47.885085 -18.033798
47.541688 -18.119073
47.197452 -18.185885
46.852377 -18.234234
46.506464 -18.264119
46.159713 -18.275540
45.812123 -18.268499
45.463694 -18.242994
45.114428 -18.199025
44.764322 -18.136594
44.413379 -18.055698
44.061597 -17.956340
43.708976 -17.838518
43.355517 -17.702233
43.001220 -17.547484
42.646084 -17.374272
42.290109 -17.182597
41.933297 -16.972458
41.575645 -16.743856
41.217156 -16.496791
40.857828 -16.231262
40.497661 -15.947269
40.136656 -15.644814
39.774813 -15.323895
39.412131 -14.984513
39.048610 -14.626667
38.684252 -14.250358
38.319054 -13.855585
37.953019 -13.442350
37.586145 -13.010650
37.218432 -12.560488
36.849881 -12.091862
36.480492 -11.604773
36.110264 -11.099220
35.739198 -10.575204
35.367293 -10.032724
34.994550 -9.471782
34.620968 -8.892375
34.246548 -8.294506
33.871289 -7.678173
33.495192 -7.043377
33.118257 -6.390117
32.740483 -5.718394
32.361871 -5.028208
31.982420 -4.319558
31.602131 -3.592445
31.221003 -2.846868
30.839037 -2.082828
30.456233 -1.300325
30.072590 -0.499358
29.688108 0.320072
29.302788 1.157965
28.916630 2.014322
28.529633 2.889142
28.141798 3.782425
27.753125 4.694172
27.363612 5.624382
26.973262 6.573056
26.582073 7.540193
26.190046 8.525793
25.797180 9.529857
25.403475 10.552384
25.008933 11.593375
24.613552 12.652828
24.217332 13.730746
23.820274 14.827126
23.422377 15.941970
23.023642 17.075277
22.624069 18.227048
22.223657 19.397282
21.822407 20.585980
