293.057790 -64.164881
292.186039 -61.139608
291.315586 -58.152127
290.446429 -55.202437
289.578568 -52.290539
288.712005 -49.416433
287.846738 -46.580119
286.982768 -43.781596
286.120094 -41.020866
285.258717 -38.297927
284.398637 -35.612780
283.539853 -32.965425
282.682366 -30.355862
281.826176 -27.784090
280.971283 -25.250110
280.117686 -22.753923
279.265386 -20.295526
278.414382 -17.874922
277.564675 -15.492110
276.716265 -13.147089
275.869152 -10.839860
275.023335 -8.570424
274.178815 -6.338778
273.335592 -4.144925
272.493665 -1.988864
271.653035 0.129406
270.813701 2.209884
269.975665 4.252570
269.138925 6.257464
268.303481 8.224567
267.469334 10.153877
266.636484 12.045396
265.804931 13.899123
264.974674 15.715058
264.145714 17.493201
263.318051 19.233553
262.491685 20.936113
261.666615 22.600881
260.842841 24.227857
260.020365 25.817041
259.199185 27.368433
258.379301 28.882034
257.560715 30.357843
256.743425 31.795860
255.927432 33.196085
255.112735 34.558518
254.299335 35.883159
253.487232 37.170009
252.676426 38.419067
251.866916 39.630333
251.058703 40.803807
250.251786 41.939490
249.446166 43.037380
248.641843 44.097479
247.838817 45.119786
247.037087 46.104301
246.236654 47.051024
245.437517 47.959956
244.639678 48.831096
243.843135 49.664443
243.047888 50.460000
242.253938 51.217764
241.461285 51.937736
240.669929 52.619917
239.879869 53.264305
239.091106 53.870902
238.303640 54.439708
237.517470 54.970721
236.732597 55.463942
235.949021 55.919372
235.166741 56.337010
234.385758 56.716856
233.606072 57.058910
232.827683 57.363173
232.050590 57.629643
231.274793 57.858322
230.500294 58.049209
229.727091 58.202304
228.955185 58.317607
228.184575 58.395119
227.415262 58.434839
226.647246 58.436766
225.880527 58.400902
225.115104 58.327247
224.350978 58.215799
223.588148 58.066560
222.826615 57.879528
222.066379 57.654705
221.307440 57.392090
220.549797 57.091684
219.793451 56.753485
219.038401 56.377495
218.284649 55.963713
217.532193 55.512139
216.781033 55.022773
216.031170 54.495615
215.282604 53.930666
214.535335 53.327925
213.789362 52.687392
213.044686 52.009067
212.301307 51.292950
211.559224 50.539042
210.818438 49.747341
210.078949 48.917849
209.340756 48.050565
208.603860 47.145489
207.868261 46.202622
207.133958 45.221962
206.400953 44.203511
205.669243 43.147268
204.938831 42.053233
204.209715 40.921407
203.481896 39.751788
202.755373 38.544378
202.030147 37.299176
201.306218 36.016182
200.583585 34.695396
199.862250 33.336818
199.142210 31.940449
198.423468 30.506288
197.706022 29.034335
196.989873 27.524590
196.275020 25.977053
195.561465 24.391724
194.849206 22.768604
194.138375 21.109547
193.431862 19.455370
192.730850 17.822770
192.035339 16.211747
191.345329 14.622302
190.660820 13.054434
189.981811 11.508143
189.308304 9.983429
188.640297 8.480292
187.977791 6.998733
187.320786 5.538751
186.669282 4.100346
186.023279 2.683518
185.382776 1.288268
184.747775 -0.085405
184.118274 -1.437501
183.494274 -2.768020
182.875775 -4.076961
182.262777 -5.364325
181.655279 -6.630112
181.053283 -7.874322
180.456787 -9.096955
179.865792 -10.298010
179.280298 -11.477488
178.700305 -12.635389
178.125812 -13.771712
177.556821 -14.886459
176.993330 -15.979628
176.435340 -17.051220
175.882851 -18.101234
175.335863 -19.129672
174.794376 -20.136532
174.258390 -21.121815
173.727904 -22.085521
173.202919 -23.027649
172.683435 -23.948201
172.169452 -24.847175
171.660970 -25.724571
171.157989 -26.580391
170.660508 -27.414633
170.168529 -28.227298
169.682050 -29.018386
169.201072 -29.787897
168.725595 -30.535830
168.255618 -31.262186
167.791143 -31.966965
167.332168 -32.650167
166.878695 -33.311792
166.430722 -33.951839
165.988250 -34.570309
165.551278 -35.167202
165.119808 -35.742517
164.693839 -36.296255
164.273370 -36.828417
163.858402 -37.339000
163.448935 -37.828007
163.044969 -38.295436
162.646504 -38.741288
162.253539 -39.165563
161.866076 -39.568261
161.484113 -39.949382
161.107651 -40.308925
160.736690 -40.646891
160.371230 -40.963279
160.011270 -41.258091
159.656812 -41.531325
159.307854 -41.782982
158.964397 -42.013062
158.626441 -42.221565
158.293986 -42.408490
157.967032 -42.573838
157.645578 -42.717609
157.329626 -42.839803
157.019174 -42.940419
156.714223 -43.019458
156.414773 -43.076920
156.120823 -43.112805
155.832375 -43.127113
155.549428 -43.119843
155.271981 -43.090996
155.000035 -43.040572
154.733590 -42.968570
154.472646 -42.874991
154.217202 -42.759836
153.967260 -42.623102
153.722818 -42.464792
153.483878 -42.284904
153.250438 -42.083440
153.022498 -41.860398
152.800060 -41.615778
152.583123 -41.349582
152.371686 -41.061808
152.165751 -40.752457
151.965316 -40.421529
151.770382 -40.069023
151.580948 -39.694941
151.397016 -39.299281
151.218585 -38.882043
151.045654 -38.443229
150.878224 -37.982837
150.716295 -37.500869
150.559867 -36.997322
150.408940 -36.472199
150.263513 -35.925499
150.123588 -35.357221
149.989163 -34.767366
149.860239 -34.155934
149.736816 -33.522924
149.618894 -32.868337
149.506473 -32.192173
149.399552 -31.494432
149.298132 -30.775114
149.202214 -30.034218
149.111796 -29.271745
149.026879 -28.487695
148.947462 -27.682068
148.873547 -26.854863
148.805132 -26.006081
148.742218 -25.135722
148.684806 -24.243786
148.632894 -23.330272
148.586482 -22.395182
148.545572 -21.438514
148.510162 -20.460268
148.480254 -19.460446
148.454287 -18.443200
148.422905 -17.433456
148.384550 -16.435368
148.339220 -15.448935
148.286917 -14.474157
148.227640 -13.511035
148.161390 -12.559569
148.088165 -11.619758
148.007967 -10.691603
147.920795 -9.775103
147.826649 -8.870258
147.725529 -7.977070
147.617436 -7.095537
147.502369 -6.225659
147.380327 -5.367437
147.251313 -4.520870
147.115324 -3.685959
146.972361 -2.862704
146.822425 -2.051104
146.665515 -1.251160
146.501631 -0.462871
146.330773 0.313763
146.152942 1.078740
145.968136 1.832063
145.776357 2.573729
145.577604 3.303740
145.371877 4.022096
145.159177 4.728796
144.939503 5.423840
144.712854 6.107229
144.479232 6.778963
144.238637 7.439041
143.991067 8.087463
143.736524 8.724230
143.475006 9.349341
143.206515 9.962797
142.931051 10.564597
142.648612 11.154741
142.359200 11.733231
142.062813 12.300064
141.759453 12.855242
141.449119 13.398764
141.131812 13.930631
140.807530 14.450843
140.476275 14.959399
140.138046 15.456299
139.792843 15.941544
139.440667 16.415133
139.081516 16.877066
138.715392 17.327344
138.342294 17.765967
137.962222 18.192934
137.575176 18.608246
137.181157 19.011901
136.780163 19.403902
136.372196 19.784247
135.957255 20.152936
135.535341 20.509970
135.106452 20.855348
134.670590 21.189071
134.227754 21.511138
133.777944 21.821549
133.321160 22.120305
132.857402 22.407406
132.386671 22.682851
131.908966 22.946640
131.424287 23.198774
130.932634 23.439253
130.434008 23.668075
129.928407 23.885243
129.415833 24.090754
128.896285 24.284611
128.369763 24.466811
127.836268 24.637356
127.295798 24.796246
126.748355 24.943480
126.193938 25.079058
125.632547 25.202981
125.064183 25.315249
124.488844 25.415860
123.906532 25.504817
123.317246 25.582117
122.720986 25.647763
122.117752 25.701752
121.507545 25.744086
120.890364 25.774765
120.266209 25.793788
119.635080 25.801156
118.996977 25.796867
118.351901 25.780924
117.699850 25.753325
117.040826 25.714070
116.374828 25.663160
115.701857 25.600594
115.021911 25.526373
114.334992 25.440496
113.641099 25.342964
112.940232 25.233776
112.232391 25.112932
111.517577 24.980433
110.795788 24.836279
110.067026 24.680468
109.331290 24.513003
108.588580 24.333882
107.838897 24.143105
107.082239 23.940673
106.318608 23.726585
105.548003 23.500841
104.770425 23.263443
103.985872 23.014388
103.194346 22.753678
102.395845 22.481313
101.590371 22.197292
100.777924 21.901615
99.958502 21.594283
99.132107 21.275295
98.298737 20.944652
97.458394 20.602353
96.611077 20.248399
95.756787 19.882789
94.895522 19.505523
94.027284 19.116603
93.152072 18.716026
92.269886 18.303794
91.380727 17.879906
90.488371 17.449060
89.602056 17.022735
88.722199 16.601454
87.848802 16.185217
86.981865 15.774023
86.121387 15.367872
85.267368 14.966766
84.419809 14.570703
83.578709 14.179683
82.744069 13.793707
81.915888 13.412775
81.094167 13.036886
80.278905 12.666041
79.470102 12.300240
78.667759 11.939482
77.871875 11.583767
77.082451 11.233097
76.299486 10.887470
75.522981 10.546886
74.752935 10.211346
73.989348 9.880850
73.232221 9.555397
72.481554 9.234988
71.737345 8.919623
70.999596 8.609301
70.268307 8.304023
69.543477 8.003788
68.825106 7.708597
68.113195 7.418450
67.407744 7.133346
66.708751 6.853286
66.016218 6.578269
65.330145 6.308296
64.650531 6.043367
63.977377 5.783481
63.310681 5.528639
62.650446 5.278840
61.996669 5.034085
61.349353 4.794374
60.708495 4.559706
60.074097 4.330082
59.446159 4.105501
58.824680 3.885964
58.209660 3.671471
57.601100 3.462021
56.998999 3.257615
56.403357 3.058252
55.814175 2.863933
55.231453 2.674658
54.655190 2.490426
54.085386 2.311238
53.522042 2.137094
52.965157 1.967993
52.414732 1.803935
51.870766 1.644922
51.333259 1.490952
50.802212 1.342025
50.277624 1.198142
49.759496 1.059303
49.247827 0.925507
48.742618 0.796755
48.243868 0.673046
47.751577 0.554382
47.265746 0.440760
46.786375 0.332183
46.313462 0.228648
45.847009 0.130158
45.387016 0.036711
44.933482 -0.051692
44.486408 -0.135052
44.045793 -0.213368
43.611637 -0.286640
43.183941 -0.354869
42.762704 -0.418054
42.347926 -0.476196
41.939608 -0.529294
41.537750 -0.577349
41.142351 -0.620359
40.753411 -0.658327
40.370931 -0.691250
39.994910 -0.719130
39.625349 -0.741967
39.262247 -0.759760
38.905604 -0.772509
38.555421 -0.780214
38.211698 -0.782876
37.874433 -0.780495
37.543629 -0.773070
37.219283 -0.760601
36.901397 -0.743088
36.589971 -0.720532
36.285004 -0.692933
35.986496 -0.660290
35.694448 -0.622603
35.408859 -0.579872
35.129730 -0.532098
34.857060 -0.479281
34.590849 -0.421420
34.331098 -0.358515
34.077806 -0.290566
33.830974 -0.217574
33.590601 -0.139539
33.356688 -0.056459
33.129234 0.031664
32.908240 0.124830
32.693705 0.223040
32.485629 0.326294
32.284013 0.434591
32.088856 0.547932
31.900159 0.666316
31.717921 0.789744
31.542142 0.918216
31.372823 1.051731
31.209963 1.190290
31.053563 1.333893
30.903622 1.482539
30.760141 1.636229
30.623119 1.794962
30.492557 1.958739
30.368454 2.127559
30.250810 2.301424
30.139626 2.480331
30.034901 2.664283
29.936636 2.853278
29.844830 3.047316
