299.758319 12.039538
299.065081 12.136850
298.374194 12.235515
297.685658 12.335530
296.999472 12.436897
296.315637 12.539615
295.634152 12.643685
294.955017 12.749106
294.278233 12.855879
293.603799 12.964003
292.931716 13.073478
292.261983 13.184305
291.594601 13.296483
290.929569 13.410013
290.266888 13.524894
289.606556 13.641126
288.948576 13.758710
288.292946 13.877646
287.639666 13.997932
286.988737 14.119570
286.340158 14.242560
285.693930 14.366901
285.050052 14.492593
284.408524 14.619637
283.769347 14.748032
283.132521 14.877778
282.498044 15.008876
281.865919 15.141326
281.236143 15.275127
280.608719 15.410279
279.983644 15.546782
279.360920 15.684637
278.740547 15.823844
278.122524 15.964402
277.506851 16.106311
276.893529 16.249571
276.282557 16.394183
275.673936 16.540147
275.067665 16.687462
274.463745 16.836128
273.862175 16.986146
273.262955 17.137515
272.666086 17.290235
272.071568 17.444307
271.479399 17.599731
270.889582 17.756505
270.302114 17.914632
269.716998 18.074109
269.134231 18.234938
268.553815 18.397119
267.975750 18.560650
267.400035 18.725534
266.826670 18.891768
266.255656 19.059354
265.686992 19.228292
265.120679 19.398580
264.556716 19.570221
263.995104 19.743212
263.435842 19.917555
262.878930 20.093250
262.324369 20.270296
261.772158 20.448693
261.222298 20.628442
260.674788 20.809542
260.129629 20.991994
259.586820 21.175797
259.046362 21.360951
258.508254 21.547457
257.972496 21.735314
257.439089 21.924522
256.908033 22.115082
256.379326 22.306994
255.852971 22.500257
255.328965 22.694871
254.807310 22.890836
254.288006 23.088154
253.771052 23.286822
253.256448 23.486842
252.744195 23.688213
252.234293 23.890936
251.726740 24.095010
251.221539 24.300435
250.718687 24.507212
250.218186 24.715341
249.720036 24.924820
249.224236 25.135652
248.730787 25.347834
248.239687 25.561368
247.750939 25.776253
247.264541 25.992490
246.780493 26.210078
246.298795 26.429018
245.819449 26.649309
245.342452 26.870952
244.867806 27.093945
244.395511 27.318291
243.925565 27.543987
243.457971 27.771035
242.992726 27.999435
242.529833 28.229186
242.069289 28.460288
241.611096 28.692742
241.155254 28.926547
240.701762 29.161703
240.250620 29.398211
239.801829 29.636071
239.355389 29.875281
238.911298 30.115844
238.469559 30.357757
238.030169 30.601022
237.593130 30.845639
237.158442 31.091606
236.726104 31.338926
236.296116 31.587596
235.868479 31.837618
235.443192 32.088992
235.020256 32.341717
234.599670 32.595793
234.181435 32.851220
233.765550 33.108000
233.352016 33.366130
232.940832 33.625612
232.531998 33.886445
232.125515 34.148630
231.721382 34.412166
231.319526 34.676897
230.918332 34.939362
230.517138 35.198149
230.115944 35.453255
229.714750 35.704682
229.313556 35.952430
228.912363 36.196498
228.511169 36.436887
228.109976 36.673596
227.708784 36.906625
227.307591 37.135975
226.906399 37.361646
226.505206 37.583637
226.104014 37.801948
225.702823 38.016580
225.301631 38.227533
224.900440 38.434805
224.499249 38.638399
224.098058 38.838313
223.696867 39.034547
223.295676 39.227102
222.894486 39.415977
222.493296 39.601173
222.092106 39.782689
221.690916 39.960525
221.289727 40.134683
220.888538 40.305160
220.487349 40.471958
220.086160 40.635077
219.684971 40.794516
219.283783 40.950275
218.882594 41.102355
218.481406 41.250756
218.080219 41.395477
217.679031 41.536518
217.277844 41.673880
216.876656 41.807562
216.475469 41.937565
216.074283 42.063888
215.673096 42.186532
215.271910 42.305496
214.870724 42.420781
214.469538 42.532386
214.068352 42.640312
213.667167 42.744558
213.265981 42.845125
212.864796 42.942012
212.463611 43.035219
212.062427 43.124747
211.661242 43.210596
211.260058 43.292765
210.858874 43.371254
210.457690 43.446064
210.056506 43.517195
209.655323 43.584645
209.254140 43.648417
208.852957 43.708509
208.451774 43.764921
208.050591 43.817654
207.649409 43.866707
207.248227 43.912081
206.847045 43.953775
206.445863 43.991789
206.044682 44.026124
205.643500 44.056780
205.242319 44.083756
204.841138 44.107053
204.439958 44.126670
204.038777 44.142607
203.637597 44.154865
203.236417 44.163444
202.835237 44.168343
202.434057 44.169562
202.032878 44.167102
201.631699 44.160962
201.230519 44.151143
200.829341 44.137644
200.428162 44.120466
200.026984 44.099608
199.625805 44.075071
199.224627 44.046854
198.823450 44.014958
198.422272 43.979382
198.021095 43.940127
197.619918 43.897192
197.218741 43.850577
196.817564 43.800283
196.416387 43.746310
196.015211 43.688657
195.614035 43.627324
195.212859 43.562312
194.811683 43.493620
194.410508 43.421249
194.009333 43.345199
193.608158 43.265469
193.206983 43.182059
192.805808 43.094970
192.404634 43.004201
192.003459 42.909753
191.602285 42.811625
191.201112 42.709817
190.799938 42.604331
190.398765 42.495164
189.997591 42.382318
189.596418 42.265793
189.195246 42.145588
188.794073 42.021703
188.392901 41.894139
187.991729 41.762896
187.590557 41.627973
187.189385 41.489370
186.788214 41.347088
186.387042 41.201126
185.985871 41.051485
185.584700 40.898164
185.183530 40.741164
184.782359 40.580484
184.381189 40.416125
183.980019 40.248086
183.578849 40.076368
183.177679 39.900970
182.776510 39.721893
182.375341 39.539136
181.974172 39.352699
181.573003 39.162583
181.171272 38.969211
180.765608 38.775118
180.355447 38.580730
179.940791 38.386044
179.521638 38.191062
179.097990 37.995783
178.669845 37.800207
178.237205 37.604335
177.800068 37.408166
177.358436 37.211700
176.912307 37.014937
176.461683 36.817878
176.006562 36.620522
175.546946 36.422870
175.082834 36.224921
174.614225 36.026675
174.141121 35.828132
173.663521 35.629293
173.181424 35.430157
172.694832 35.230724
172.203744 35.030994
171.708159 34.830968
171.208079 34.630645
170.703503 34.430026
170.194431 34.229110
169.680862 34.027897
169.162798 33.826387
168.640238 33.624581
168.113182 33.422478
167.581630 33.220078
167.045581 33.017382
166.505037 32.814388
165.959997 32.611099
165.410461 32.407512
164.856429 32.203629
164.297901 31.999449
163.734877 31.794972
163.167357 31.590199
162.595341 31.385129
162.018829 31.179763
161.437821 30.974099
160.852317 30.768139
160.262317 30.561882
159.667821 30.355329
159.068829 30.148479
158.465341 29.941332
157.857357 29.733888
157.244877 29.526148
156.627901 29.318111
156.006429 29.109777
155.380461 28.901147
154.749997 28.692220
154.115037 28.482996
153.475582 28.273476
152.831630 28.063659
152.183182 27.853545
151.530238 27.643134
150.872798 27.432427
150.210863 27.221423
149.544431 27.010122
148.873503 26.798525
148.198079 26.586631
147.518160 26.374440
146.833744 26.161953
146.144832 25.949169
145.451425 25.736088
144.753521 25.522710
144.051121 25.309036
143.344226 25.095065
142.632834 24.880798
141.916947 24.666233
141.196563 24.451372
140.471683 24.236215
139.742308 24.020760
139.008436 23.805009
138.270069 23.588961
137.527205 23.372617
136.779846 23.155976
136.027990 22.939038
135.271639 22.721803
134.510791 22.504272
133.745448 22.286444
132.975608 22.068319
132.201273 21.849898
131.422442 21.631180
130.639114 21.412165
129.851291 21.192854
129.058972 20.973246
128.262156 20.753341
127.460845 20.533139
126.655038 20.312641
125.844734 20.091846
125.029935 19.870754
124.210640 19.649366
123.386849 19.427681
122.558561 19.205699
121.725778 18.983421
120.888499 18.760846
120.046724 18.537974
119.200452 18.314805
118.349685 18.091340
117.494422 17.867578
116.634663 17.643520
115.770408 17.419164
114.901657 17.194512
114.028410 16.969564
113.150667 16.744318
112.268427 16.518776
111.381692 16.292937
110.490461 16.066802
109.594734 15.840370
108.694511 15.613641
107.789792 15.386615
106.880577 15.159293
105.966866 14.931674
105.048659 14.703758
104.125956 14.475546
103.198758 14.247037
102.267063 14.018231
101.330872 13.789129
100.390185 13.559730
99.445002 13.330034
98.495323 13.100041
97.541148 12.869752
96.582477 12.639166
95.622454 12.409310
94.668764 12.182696
93.721755 11.959437
92.781429 11.739532
91.847784 11.522983
90.920821 11.309790
90.000540 11.099951
89.086941 10.893468
88.180024 10.690339
87.279788 10.490566
86.386235 10.294148
85.499363 10.101085
84.619174 9.911378
83.745666 9.725025
82.878840 9.542028
82.018696 9.362386
81.165234 9.186099
80.318454 9.013167
79.478356 8.843591
78.644939 8.677369
77.818205 8.514503
76.998152 8.354992
76.184781 8.198836
75.378093 8.046036
74.578086 7.896590
73.784761 7.750500
72.998117 7.607765
72.218156 7.468385
71.444877 7.332360
70.678279 7.199690
69.918364 7.070376
69.165130 6.944416
68.418578 6.821812
67.678708 6.702563
66.945520 6.586669
66.219014 6.474131
65.499190 6.364947
64.786047 6.259119
64.079587 6.156646
63.379808 6.057528
62.686712 5.961765
62.000297 5.869358
61.320564 5.780305
60.647513 5.694608
59.981144 5.612266
59.321457 5.533279
58.668451 5.457647
58.022128 5.385371
57.382486 5.316450
56.749527 5.250883
56.123249 5.188672
55.503653 5.129816
54.890739 5.074316
54.284507 5.022170
53.684957 4.973380
53.092088 4.927945
52.505902 4.885865
51.926398 4.847140
51.353575 4.811770
50.787434 4.779756
50.227975 4.751097
49.675198 4.725793
49.129103 4.703844
48.589690 4.685250
48.056959 4.670011
47.530909 4.658128
47.011542 4.649600
46.498856 4.644427
45.992853 4.642609
45.493531 4.644146
45.000891 4.649038
44.514933 4.657286
44.035657 4.668889
43.563062 4.683847
43.097150 4.702160
42.637920 4.723828
42.185371 4.748852
41.739504 4.777230
41.300320 4.808964
40.867817 4.844053
40.441996 4.882497
40.022857 4.924297
39.610399 4.969451
39.204624 5.017961
38.805531 5.069826
38.413119 5.125046
38.027389 5.183621
37.648342 5.245551
37.275976 5.310837
36.910292 5.379478
36.551290 5.451474
36.198969 5.526825
35.853331 5.605531
35.514375 5.687592
35.182100 5.773009
34.856508 5.861781
34.537597 5.953908
34.225368 6.049390
33.919821 6.148227
33.620956 6.250420
33.328773 6.355967
33.043271 6.464870
32.764452 6.577128
32.492315 6.692741
32.226859 6.811709
31.968085 6.934033
31.715993 7.059712
31.470583 7.188745
31.231855 7.321135
30.999809 7.456879
30.774445 7.595978
30.555763 7.738433
30.343762 7.884242
30.138444 8.033407
29.939807 8.185927
29.747852 8.341803
29.562579 8.501033
29.383988 8.663619
29.212079 8.829559
29.046852 8.998855
28.888306 9.171506
28.736443 9.347513
28.591261 9.526874
28.452762 9.709591
28.320944 9.895662
