299.893045 -8.010109
299.437037 -8.709119
298.981070 -9.396359
298.525142 -10.071827
298.069255 -10.735524
297.613408 -11.387451
297.157601 -12.027607
296.701834 -12.655992
296.246107 -13.272606
295.790420 -13.877449
295.334773 -14.470521
294.879166 -15.051823
294.423599 -15.621353
293.968072 -16.179113
293.512586 -16.725102
293.057139 -17.259320
292.601733 -17.781767
292.146366 -18.292443
291.691040 -18.791348
291.235754 -19.278483
290.780507 -19.753846
290.325301 -20.217439
289.870135 -20.669261
289.415009 -21.109312
288.959923 -21.537592
288.504877 -21.954102
288.049871 -22.358840
287.594906 -22.751808
287.139980 -23.133004
286.685094 -23.502430
286.230249 -23.860085
285.775443 -24.205969
285.320678 -24.540083
284.865952 -24.862425
284.411267 -25.172997
283.956622 -25.471797
283.502016 -25.758827
283.047451 -26.034086
282.592926 -26.297574
282.138441 -26.549291
281.683996 -26.789238
281.229591 -27.017413
280.775226 -27.233818
280.320902 -27.438451
279.866617 -27.631314
279.412372 -27.812406
278.958168 -27.981727
278.504003 -28.139278
278.049879 -28.285057
277.595794 -28.419066
277.141750 -28.541303
276.687746 -28.651770
276.233782 -28.750466
275.779858 -28.837391
275.325974 -28.912545
274.872130 -28.975929
274.418326 -29.027541
273.964562 -29.067383
273.510838 -29.095454
273.057154 -29.111753
272.603511 -29.116282
272.149907 -29.109041
271.696344 -29.090028
271.242820 -29.059244
270.789337 -29.016690
270.335893 -28.962365
269.882490 -28.896268
269.429127 -28.818401
268.975804 -28.728763
268.522521 -28.627355
268.069278 -28.514175
267.616075 -28.389225
267.162912 -28.252503
266.709789 -28.104011
266.256706 -27.943748
265.803664 -27.771714
265.350661 -27.587909
264.897698 -27.392333
264.444776 -27.184987
263.991893 -26.965869
263.539051 -26.734981
263.086249 -26.492322
262.633487 -26.237892
262.180764 -25.971691
261.728082 -25.693719
261.275440 -25.403977
260.822838 -25.102463
260.370276 -24.789179
259.917755 -24.464124
259.465273 -24.127298
259.012831 -23.778701
258.560429 -23.418333
258.108068 -23.046194
257.655746 -22.662285
257.203465 -22.266604
256.751223 -21.859153
256.299022 -21.439931
255.846861 -21.008938
255.394740 -20.566174
254.942658 -20.111639
254.490617 -19.645334
254.038616 -19.167257
253.586655 -18.677410
253.134735 -18.175792
252.682854 -17.662403
252.231013 -17.137243
251.779212 -16.600312
251.327452 -16.051610
250.875731 -15.491138
250.424051 -14.918894
249.972410 -14.334880
249.520810 -13.739095
249.069250 -13.131539
248.617729 -12.512212
248.166249 -11.881114
247.714809 -11.238246
247.263409 -10.583606
246.812049 -9.917196
246.360729 -9.239015
245.909449 -8.549063
245.458210 -7.847340
245.007010 -7.133846
244.555850 -6.408582
244.104731 -5.671546
243.653651 -4.922740
243.202554 -4.162964
242.750185 -3.409844
242.296028 -2.670592
241.840084 -1.945206
241.382353 -1.233688
240.922834 -0.536037
240.461529 0.147747
239.998437 0.817663
239.533557 1.473713
239.066890 2.115895
238.598436 2.744211
238.128196 3.358659
237.656167 3.959240
237.182352 4.545954
236.706750 5.118800
236.229361 5.677780
235.750184 6.222892
235.269220 6.754138
234.786470 7.271516
234.301932 7.775027
233.815607 8.264671
233.327495 8.740447
232.837595 9.202357
232.345909 9.650399
231.852436 10.084575
231.357175 10.504883
230.860127 10.911324
230.361293 11.303898
229.860671 11.682604
229.358262 12.047444
228.854065 12.398416
228.348082 12.735522
227.840312 13.058760
227.330754 13.368131
226.819410 13.663635
226.306278 13.945271
225.791359 14.213041
225.274653 14.466943
224.756160 14.706979
224.235880 14.933147
223.713812 15.145448
223.189958 15.343882
222.664316 15.528448
222.136888 15.699148
221.607672 15.855980
221.076669 15.998945
220.543879 16.128044
220.009302 16.243275
219.472938 16.344638
218.934786 16.432135
218.394848 16.505765
217.853122 16.565527
217.309610 16.611422
216.764310 16.643450
216.217223 16.661611
215.668349 16.665905
215.117687 16.656332
214.565239 16.632891
214.011004 16.595584
213.454981 16.544409
212.897172 16.479367
212.337575 16.400458
211.776191 16.307682
211.213020 16.201039
210.648062 16.080528
210.081317 15.946150
209.512784 15.797906
208.942465 15.635794
208.370358 15.459815
207.796464 15.269969
207.220784 15.066255
206.643316 14.848675
206.064061 14.617227
205.483019 14.371912
204.900189 14.112730
204.315573 13.839681
203.729169 13.552765
203.140979 13.251982
202.551001 12.937331
201.959236 12.608814
201.365684 12.266429
200.770345 11.910177
200.173219 11.540058
199.574305 11.156072
198.973605 10.758219
198.371117 10.346498
197.766843 9.920910
197.160781 9.481456
196.552932 9.028134
195.943296 8.560945
195.331873 8.079888
194.718663 7.584965
194.103665 7.076175
193.486881 6.553517
192.868309 6.016992
192.247950 5.466600
191.625805 4.902341
191.001872 4.324215
190.376151 3.732222
189.748644 3.126361
189.119350 2.506633
188.488269 1.873039
187.855400 1.225577
187.220744 0.564248
186.584302 -0.110949
185.946072 -0.800012
185.306055 -1.502942
184.664251 -2.219740
184.020659 -2.950405
183.375281 -3.694937
182.728115 -4.453336
182.079163 -5.225602
181.428423 -6.011736
180.775896 -6.811736
180.121582 -7.625604
179.465481 -8.453339
178.807593 -9.294940
178.147918 -10.150410
177.486455 -11.019746
176.823206 -11.902949
176.158169 -12.800020
175.491346 -13.710957
174.822735 -14.635762
174.152337 -15.574434
173.480152 -16.526973
172.806248 -17.489841
172.131042 -18.441810
171.454601 -19.379342
170.776926 -20.302436
170.098016 -21.211093
169.417872 -22.105313
168.736494 -22.985096
168.053881 -23.850441
167.370034 -24.701349
166.684952 -25.537820
165.998636 -26.359853
165.311086 -27.167449
164.622302 -27.960608
163.932283 -28.739329
163.241030 -29.503614
162.548542 -30.253460
161.854820 -30.988870
161.159864 -31.709842
160.463673 -32.416378
159.766248 -33.108475
159.067588 -33.786136
158.367695 -34.449359
157.666566 -35.098145
156.964204 -35.732493
156.260607 -36.352405
155.555776 -36.957879
154.849710 -37.548916
154.142410 -38.125515
153.433876 -38.687677
152.724107 -39.235402
152.013104 -39.768690
151.300867 -40.287540
150.587395 -40.791953
149.872689 -41.281929
149.156749 -41.757467
148.439574 -42.218568
147.721165 -42.665232
147.001521 -43.097459
146.280643 -43.515248
145.558531 -43.918600
144.835185 -44.307515
144.110604 -44.681992
143.384788 -45.042033
142.657739 -45.387635
141.929454 -45.718801
141.199936 -46.035529
140.469183 -46.337820
139.737196 -46.625674
139.003975 -46.899090
138.269519 -47.158069
137.533829 -47.402611
136.796904 -47.632716
136.058745 -47.848383
135.319352 -48.049613
134.578724 -48.236406
133.836862 -48.408761
133.093766 -48.566679
132.349435 -48.710160
131.603870 -48.839204
130.857071 -48.953810
130.109037 -49.053979
129.359769 -49.139711
128.609266 -49.211005
127.857529 -49.267862
127.104558 -49.310282
126.350352 -49.338264
125.594912 -49.351810
124.838238 -49.350918
124.080329 -49.335588
123.321186 -49.305822
122.560809 -49.261618
121.799197 -49.202977
121.036351 -49.129898
120.272271 -49.042382
119.506956 -48.940429
118.740407 -48.824039
117.972623 -48.693211
117.203605 -48.547946
116.433353 -48.388244
115.661866 -48.214105
114.889145 -48.025528
114.115190 -47.822514
113.340000 -47.605062
112.563576 -47.373174
111.785918 -47.126848
111.007025 -46.866084
110.226898 -46.590884
109.445536 -46.301246
108.662940 -45.997171
107.879110 -45.678659
107.094045 -45.345709
106.307747 -44.998322
105.520213 -44.636498
104.731446 -44.260236
103.941444 -43.869537
103.150207 -43.464401
102.357736 -43.044828
101.564031 -42.610817
100.769092 -42.162369
99.972918 -41.699484
99.175510 -41.222161
98.376867 -40.730402
97.576990 -40.224204
96.775879 -39.703570
95.973533 -39.168498
95.169953 -38.618989
94.365139 -38.055043
93.559090 -37.476660
92.751807 -36.883839
91.943290 -36.276581
91.133538 -35.654885
90.322552 -35.018752
89.510331 -34.368182
88.696877 -33.703175
87.882187 -33.023730
87.066264 -32.329849
86.249106 -31.621529
85.430714 -30.898773
84.611087 -30.161579
83.790226 -29.409948
82.968131 -28.643880
82.144801 -27.863374
81.320237 -27.068431
80.494438 -26.259051
79.667405 -25.435234
78.841431 -24.603870
78.022118 -23.781805
77.209722 -22.969805
76.404244 -22.167868
75.605681 -21.375997
74.814036 -20.594189
74.029308 -19.822446
73.251496 -19.060768
72.480601 -18.309153
71.716623 -17.567604
70.959562 -16.836118
70.209418 -16.114697
69.466190 -15.403340
68.729880 -14.702048
68.000486 -14.010820
67.278009 -13.329657
66.562449 -12.658558
65.853805 -11.997523
65.152079 -11.346553
64.457269 -10.705647
63.769376 -10.074805
63.088400 -9.454028
62.414341 -8.843315
61.747198 -8.242667
61.086973 -7.652083
60.433664 -7.071563
59.787272 -6.501108
59.147797 -5.940717
58.515238 -5.390390
57.889597 -4.850128
57.270872 -4.319931
56.659064 -3.799797
56.054173 -3.289729
55.456199 -2.789724
54.865142 -2.299784
54.281001 -1.819908
53.703777 -1.350097
53.133471 -0.890350
52.570080 -0.440667
52.013607 -0.001049
51.464051 0.428505
50.921411 0.847994
50.385688 1.257419
49.856882 1.656780
49.334993 2.046076
48.820021 2.425308
48.311965 2.794475
47.810827 3.153579
47.316605 3.502617
46.829300 3.841592
46.348912 4.170501
45.875440 4.489347
45.408886 4.798128
44.949248 5.096845
44.496527 5.385497
44.050723 5.664085
43.611836 5.932609
43.179865 6.191068
42.754812 6.439463
42.336675 6.677793
41.925455 6.906059
41.521152 7.124261
41.123766 7.332398
40.733296 7.530471
40.349743 7.718480
39.973108 7.896424
39.603389 8.064303
39.240586 8.222119
38.884701 8.369870
38.535732 8.507556
38.193681 8.635178
37.858546 8.752736
37.530328 8.860229
37.209026 8.957658
36.894642 9.045023
36.587174 9.122323
36.286624 9.189559
35.992990 9.246731
35.706272 9.293838
35.426472 9.330880
35.153589 9.357859
34.887622 9.374772
34.628572 9.381622
34.376439 9.378407
34.131223 9.365128
33.892924 9.341784
33.661541 9.308376
33.437075 9.264904
33.219526 9.211367
33.008894 9.147766
32.805179 9.074100
32.608381 8.990370
32.418499 8.896576
32.235534 8.792717
32.059486 8.678794
31.890355 8.554806
31.728141 8.420754
31.572843 8.276638
31.424463 8.122457
31.282999 7.958212
31.148452 7.783903
31.020822 7.599529
30.900108 7.405090
30.786312 7.200588
30.679432 6.986021
30.579469 6.761389
30.486423 6.526693
30.400294 6.281933
30.321081 6.027109
30.248786 5.762220
30.183407 5.487266
30.124945 5.202248
30.073400 4.907166
30.028771 4.602020
29.991060 4.286809
29.960265 3.961534
29.936387 3.626194
29.919426 3.280790
29.909382 2.925321
29.906255 2.559788
29.910044 2.184191
29.920751 1.798530
29.938374 1.402804
29.962914 0.997013
29.994370 0.581158
