274.635603 -120.728148
273.953820 -116.198363
273.271671 -111.705084
272.589156 -107.248310
271.906275 -102.828042
271.223029 -98.444280
270.539416 -94.097023
269.855438 -89.786272
269.171094 -85.512027
268.486384 -81.274287
267.801308 -77.073053
267.115867 -72.908325
266.430059 -68.780103
265.743886 -64.688386
265.057346 -60.633175
264.370441 -56.614470
263.683170 -52.632270
262.995533 -48.686576
262.307531 -44.777388
261.619162 -40.904706
260.930428 -37.068529
260.241327 -33.268858
259.551861 -29.505693
258.862029 -25.779033
258.171831 -22.088879
257.481267 -18.435231
256.790338 -14.818088
256.099042 -11.237451
255.407381 -7.693320
254.715354 -4.185695
254.022961 -0.714575
253.330202 2.720039
252.637077 6.118147
251.943586 9.479750
251.249730 12.804847
250.555507 16.093438
249.860919 19.345523
249.165965 22.561103
248.470645 25.740177
247.774959 28.882745
247.078907 31.988808
246.382489 35.058365
245.685706 38.091416
244.988557 41.087962
244.291041 44.048002
243.593160 46.971536
242.894913 49.858564
242.196301 52.709087
241.497322 55.523104
240.797978 58.300615
240.098267 61.041621
239.398191 63.746121
238.697749 66.414115
237.996941 69.045603
237.295767 71.640586
236.594227 74.199063
235.892322 76.721034
235.190050 79.206500
234.487413 81.655460
233.784410 84.067914
233.081041 86.443863
232.377306 88.783306
231.673205 91.086243
230.968738 93.352674
230.263906 95.582600
229.558708 97.776020
228.853143 99.932934
228.147213 102.053343
227.440917 104.137245
226.734255 106.184643
226.027228 108.195534
225.319834 110.169920
224.612075 112.107800
223.903950 114.009174
223.195458 115.874043
222.486601 117.702406
221.777379 119.494263
221.067790 121.249615
220.357835 122.968460
219.647515 124.650801
218.936828 126.296635
218.225776 127.905964
217.514358 129.478787
216.802574 131.015104
216.090424 132.514916
215.377909 133.978221
214.665027 135.405022
213.951780 136.795316
213.238167 138.149105
212.524188 139.466388
211.809843 140.747165
211.095132 141.991437
210.380055 143.199203
209.664613 144.370463
208.948804 145.505218
208.232630 146.603466
207.516090 147.665209
206.799184 148.690447
206.081912 149.679179
205.364274 150.631405
204.646270 151.547125
203.927901 152.426339
203.209166 153.269048
202.490064 154.075252
201.770597 154.844949
201.050764 155.578141
200.330566 156.274827
199.610001 156.935007
198.889070 157.558682
198.167774 158.145851
197.446112 158.696514
196.724084 159.210671
196.001690 159.688323
195.278930 160.129469
194.555804 160.534110
193.832312 160.902245
193.108455 161.233873
192.384232 161.528997
191.659642 161.787614
190.934687 162.009726
190.209367 162.195332
189.483680 162.344433
188.757627 162.457028
188.031209 162.533117
187.304424 162.572700
186.577456 162.576618
185.854320 162.563366
185.136656 162.540510
184.424466 162.508050
183.717749 162.465986
183.016506 162.414317
182.320736 162.353044
181.630439 162.282168
180.945615 162.201686
180.266265 162.111601
179.592388 162.011912
178.923985 161.902618
178.261054 161.783721
177.603597 161.655219
176.951614 161.517113
176.305103 161.369402
175.664066 161.212088
175.028502 161.045170
174.398412 160.868647
173.773795 160.682520
173.154651 160.486789
172.540980 160.281454
171.932783 160.066514
171.330059 159.841971
170.732809 159.607823
170.141031 159.364071
169.554727 159.110715
168.973897 158.847755
168.398539 158.575191
167.828655 158.293022
167.264244 158.001250
166.705307 157.699873
166.151843 157.388892
165.603852 157.068307
165.061334 156.738117
164.524290 156.398324
163.992719 156.048926
163.466622 155.689924
162.945997 155.321318
162.430846 154.943108
161.921169 154.555294
161.416964 154.157875
160.918233 153.750853
160.424976 153.334226
159.937191 152.907995
159.454880 152.472160
158.978042 152.026721
158.506678 151.571677
158.040786 151.107030
157.580368 150.632778
157.125424 150.148922
156.675953 149.655462
156.231955 149.152397
155.793430 148.639729
155.360379 148.117456
154.932801 147.585580
154.510696 147.044099
154.094064 146.493013
153.682906 145.932324
153.277221 145.362031
152.877010 144.782133
152.482272 144.192631
152.093007 143.593525
151.709215 142.984815
151.330897 142.366501
150.958052 141.738583
150.590680 141.101060
150.228782 140.453933
149.872357 139.797203
149.521405 139.130867
149.175927 138.454928
148.835922 137.769385
148.501390 137.074237
148.172332 136.369485
147.848746 135.655130
147.530634 134.931170
147.217996 134.197605
146.910831 133.454437
146.609139 132.701664
146.312920 131.939288
146.022175 131.167307
145.736903 130.385722
145.457104 129.594533
145.182779 128.793739
144.913926 127.983342
144.650548 127.163340
144.392642 126.333734
144.140210 125.494524
143.893251 124.645710
143.651766 123.787291
143.415753 122.919269
143.185214 122.041642
142.960149 121.154411
142.740557 120.257576
142.526438 119.351137
142.317792 118.435094
142.114619 117.509446
141.916920 116.574195
141.724695 115.629339
141.537942 114.674879
141.356663 113.710815
141.180857 112.737146
141.010525 111.753874
140.845665 110.760997
140.686279 109.758516
140.532367 108.746431
140.383927 107.724742
140.240961 106.693449
140.103469 105.652551
139.971449 104.602050
139.844903 103.541944
139.723831 102.472234
139.608231 101.392920
139.498105 100.304002
139.393452 99.205479
139.294273 98.097353
139.200566 96.979622
139.112333 95.852287
139.029574 94.715348
138.952288 93.568804
138.880475 92.412657
138.814135 91.246905
138.753269 90.071550
138.697876 88.886590
138.647956 87.692026
138.602099 86.490434
138.551841 85.297272
138.495773 84.115116
138.433894 82.943966
138.366204 81.783823
138.292704 80.634686
138.213392 79.496556
138.128269 78.369431
138.037336 77.253313
137.940592 76.148202
137.838037 75.054096
137.729671 73.970997
137.615494 72.898904
137.495506 71.837817
137.369708 70.787737
137.238098 69.748663
137.100678 68.720595
136.957447 67.703533
136.808405 66.697478
136.653552 65.702429
136.492888 64.718386
136.326414 63.745349
136.154128 62.783319
135.976032 61.832295
135.792125 60.892278
135.602407 59.963266
135.406878 59.045261
135.205538 58.138262
134.998387 57.242270
134.785426 56.357283
134.566653 55.483303
134.342070 54.620330
134.111676 53.768362
133.875471 52.927401
133.633455 52.097446
133.385628 51.278498
133.131991 50.470555
132.872542 49.673619
132.607283 48.887689
132.336213 48.112766
132.059332 47.348848
131.776640 46.595937
131.488137 45.854033
131.193823 45.123134
130.893699 44.403242
130.587764 43.694356
130.276017 42.996477
129.958460 42.309603
129.635092 41.633736
129.305913 40.968875
128.970924 40.315021
128.630123 39.672173
128.283512 39.040331
127.931089 38.419495
127.572856 37.809666
127.208812 37.210843
126.838957 36.623026
126.463292 36.046215
126.081815 35.480411
125.694528 34.925613
125.301429 34.381821
124.902520 33.849035
124.497800 33.327256
124.087269 32.816483
123.670927 32.316717
123.248775 31.827956
122.820811 31.350202
122.387037 30.883454
121.947451 30.427713
121.502055 29.982978
121.050848 29.549249
120.593830 29.126526
120.131002 28.714809
119.662362 28.314099
119.187912 27.924395
118.707650 27.545698
118.221578 27.178006
117.729695 26.821321
117.232001 26.475642
116.728496 26.140970
116.219181 25.817304
115.704054 25.504644
115.183117 25.202990
114.656369 24.912342
114.123809 24.632701
113.585439 24.364066
113.041259 24.106438
112.491267 23.859815
111.935464 23.624199
111.373851 23.399590
110.806427 23.185986
110.233191 22.983389
109.654145 22.791798
109.069289 22.611213
108.478621 22.441635
107.882142 22.283063
107.279853 22.135497
106.671752 21.998937
106.057841 21.873384
105.438119 21.758837
104.812586 21.655296
104.181242 21.562762
103.544088 21.481234
102.901122 21.410712
102.252346 21.351196
101.597758 21.302687
100.937360 21.265183
100.271151 21.238687
99.599131 21.223196
98.921301 21.218712
98.237659 21.225234
97.548206 21.242762
96.852943 21.271297
96.151869 21.310837
95.444984 21.361385
94.732288 21.422938
94.013781 21.495498
93.289464 21.579063
92.559335 21.673636
91.823396 21.779214
91.081645 21.895799
90.334084 22.023390
89.580712 22.161987
88.821529 22.311591
88.056536 22.472201
87.288354 22.638314
86.523396 22.796480
85.761953 22.946087
85.004025 23.087136
84.249612 23.219626
83.498715 23.343557
82.751332 23.458929
82.007464 23.565742
81.267112 23.663997
80.530274 23.753693
79.796952 23.834830
79.067145 23.907408
78.340852 23.971428
77.618075 24.026889
76.898813 24.073791
76.183066 24.112134
75.470834 24.141918
74.762117 24.163144
74.056915 24.175811
73.355228 24.179919
72.657057 24.175468
71.962400 24.162459
71.271258 24.140891
70.583632 24.110764
69.899520 24.072078
69.218924 24.024834
68.541843 23.969030
67.868276 23.904668
67.198225 23.831747
66.531689 23.750268
65.868668 23.660229
65.209162 23.561632
64.553171 23.454476
63.900695 23.338761
63.251735 23.214488
62.606289 23.081656
61.964358 22.940265
61.325943 22.790315
60.691042 22.631806
60.059657 22.464739
59.431787 22.289113
58.807431 22.104928
58.186591 21.912184
57.569266 21.710882
56.955456 21.501020
56.345161 21.282600
55.738381 21.055621
55.135116 20.820084
54.535366 20.575987
53.939131 20.323332
53.346412 20.062118
52.757207 19.792346
52.171518 19.514014
51.589343 19.227124
51.010684 18.931675
50.435540 18.627667
49.863910 18.315101
49.295796 17.993975
48.731197 17.664291
48.170113 17.326048
47.612544 16.979247
47.058490 16.623886
46.507951 16.259967
45.960927 15.887489
45.417419 15.506452
44.877425 15.116857
44.340946 14.718702
43.807983 14.311989
43.278535 13.896717
42.752601 13.472887
42.230183 13.040497
41.711280 12.599549
41.195892 12.150042
40.684018 11.691976
40.175660 11.225352
39.670817 10.750169
39.169490 10.266427
38.671677 9.774126
38.177379 9.273266
37.686596 8.763848
37.199329 8.245871
36.715576 7.719335
36.235339 7.184240
35.758616 6.640586
35.285409 6.088374
34.815717 5.527603
34.349540 4.958273
33.886877 4.380385
33.427730 3.793937
32.972098 3.198931
32.519981 2.595366
32.071380 1.983242
31.626293 1.362560
31.184721 0.733319
30.746664 0.095519
30.312123 -0.550840
29.881096 -1.205758
29.453585 -1.869234
29.029588 -2.541269
28.609107 -3.221863
28.192141 -3.911016
27.778690 -4.608727
27.368754 -5.314997
26.962333 -6.029827
26.559427 -6.753214
26.160036 -7.485161
25.764160 -8.225666
25.371799 -8.974730
24.982954 -9.732353
24.597623 -10.498535
24.215807 -11.273275
23.837507 -12.056574
23.462721 -12.848432
23.091451 -13.648849
22.723696 -14.457825
22.359456 -15.275359
21.998730 -16.101452
21.641520 -16.936104
21.287825 -17.779315
20.937645 -18.631084
20.590981 -19.491412
20.247831 -20.360299
19.908196 -21.237745
19.572076 -22.123750
19.239472 -23.018313
