221.324642 -202.522598
220.306592 -196.528209
219.298967 -190.596481
218.301768 -184.727412
217.314995 -178.921004
216.338648 -173.177255
215.372728 -167.496167
214.417233 -161.877738
213.472164 -156.321970
212.537521 -150.828861
211.613305 -145.398413
210.699514 -140.030624
209.796149 -134.725496
208.903210 -129.483027
208.020698 -124.303219
207.148611 -119.186071
206.286950 -114.131582
205.435716 -109.139754
204.594907 -104.210585
203.764524 -99.344077
202.944568 -94.540229
202.135037 -89.799040
201.335932 -85.120512
200.547254 -80.504644
199.769001 -75.951436
199.001175 -71.460887
198.243774 -67.032999
197.496799 -62.667771
196.760251 -58.365203
196.034128 -54.125295
195.318432 -49.948046
194.613161 -45.833458
193.918317 -41.781530
193.233898 -37.792262
192.559906 -33.865654
191.896339 -30.001706
191.243199 -26.200418
190.600484 -22.461789
189.968196 -18.785821
189.346333 -15.172513
188.734897 -11.621865
188.133886 -8.133877
187.543302 -4.708549
186.963143 -1.345881
186.393411 1.954127
185.834104 5.191475
185.285224 8.366163
184.746770 11.478191
184.218741 14.527559
183.701139 17.514266
183.193963 20.438314
182.697212 23.299702
182.210888 26.098430
181.734990 28.834498
181.269517 31.507906
180.814471 34.118654
180.369851 36.666742
179.935656 39.152169
179.511888 41.574937
179.098546 43.935045
178.695629 46.232493
178.303139 48.467280
177.921075 50.639408
177.549437 52.748876
177.188224 54.795684
176.837438 56.779831
176.497078 58.701319
176.167144 60.560147
175.847636 62.356314
175.538553 64.089822
175.239897 65.760670
174.951667 67.368857
174.673863 68.914385
174.406485 70.397252
174.149533 71.817460
173.903007 73.175007
173.666906 74.469895
173.441232 75.702123
173.225984 76.871690
173.021162 77.978598
172.826766 79.022845
172.642796 80.004433
172.469252 80.923360
172.306134 81.779627
172.153442 82.573235
172.011176 83.304182
171.879336 83.972470
171.757922 84.578097
171.646934 85.121064
171.546372 85.601372
171.456236 86.019019
171.376526 86.374007
171.307242 86.666334
171.248384 86.896001
171.199952 87.063008
171.161946 87.167356
171.134366 87.209043
171.117212 87.188070
171.110484 87.104437
171.114182 86.958145
171.128306 86.749192
171.152856 86.477579
171.187833 86.143306
171.233235 85.746373
171.289063 85.286781
171.355317 84.764528
171.431997 84.179615
171.519103 83.532042
171.616636 82.821809
171.724594 82.048916
171.842978 81.213363
171.971788 80.315150
172.111024 79.354277
172.260687 78.330744
172.420775 77.244551
172.591289 76.095698
172.772229 74.884185
172.963596 73.610012
173.165388 72.273179
173.377606 70.873686
173.600251 69.411533
173.833321 67.886720
174.076817 66.299247
174.330739 64.649114
174.595088 62.936321
174.869329 61.163402
175.141742 59.386103
175.407531 57.627231
175.666695 55.886786
175.919235 54.164767
176.165151 52.461175
176.404443 50.776009
176.637111 49.109269
176.863154 47.460956
177.082574 45.831070
177.295369 44.219610
177.501540 42.626576
177.701087 41.051969
177.894010 39.495789
178.080308 37.958034
178.259983 36.438707
178.433033 34.937806
178.599459 33.455331
178.759261 31.991283
178.912439 30.545661
179.058992 29.118465
179.198922 27.709697
179.332227 26.319354
179.458908 24.947438
179.578965 23.593949
179.692398 22.258886
179.799206 20.942250
179.899391 19.644040
179.992951 18.364256
180.079887 17.102899
180.160199 15.859968
180.233887 14.635464
180.300950 13.429387
180.361390 12.241735
180.415205 11.072511
180.462396 9.921712
180.502963 8.789341
180.536906 7.675395
180.564225 6.579877
180.584919 5.502784
180.598989 4.444118
180.606435 3.403879
180.607257 2.382066
180.601455 1.378680
180.589029 0.393720
180.569978 -0.572814
180.544303 -1.520921
180.512004 -2.450601
180.473081 -3.361856
180.427534 -4.254683
180.375363 -5.129084
180.316567 -5.985059
180.251148 -6.822607
180.179104 -7.641729
180.100436 -8.442424
180.015143 -9.224693
179.923227 -9.988535
179.824686 -10.733951
179.719522 -11.460941
179.607733 -12.169503
179.489320 -12.859640
179.364283 -13.531350
179.232621 -14.184633
179.094336 -14.819490
178.949426 -15.435921
178.797892 -16.033925
178.639734 -16.613502
178.474952 -17.174654
178.303546 -17.717378
178.125515 -18.241676
177.940860 -18.747548
177.749582 -19.234993
177.551679 -19.704012
177.347151 -20.154604
177.136000 -20.586770
176.918224 -21.000510
176.693825 -21.395822
176.462801 -21.772709
176.225153 -22.131169
175.980881 -22.471202
175.729984 -22.792809
175.472464 -23.095990
175.208319 -23.380744
174.937550 -23.647071
174.660157 -23.894972
174.376140 -24.124447
174.085499 -24.335495
173.788233 -24.528117
173.484344 -24.702312
173.173830 -24.858081
172.856692 -24.995423
172.532930 -25.114339
172.202543 -25.214828
171.865533 -25.296891
171.521898 -25.360527
171.171639 -25.405737
170.814756 -25.432521
170.451249 -25.440878
170.081118 -25.430808
169.704362 -25.402312
169.320983 -25.355390
168.930979 -25.290041
168.534351 -25.206265
168.131099 -25.104063
167.721222 -24.983435
167.304722 -24.844380
166.881597 -24.686899
166.451848 -24.510991
166.015475 -24.316657
165.572478 -24.103896
165.122857 -23.872709
164.666611 -23.623095
164.203742 -23.355055
163.734248 -23.068588
163.258130 -22.763695
162.775388 -22.440376
162.286022 -22.098630
161.790031 -21.738457
161.287417 -21.359858
160.778178 -20.962833
160.262315 -20.547381
159.739828 -20.113503
159.210716 -19.661198
158.674981 -19.190466
158.132621 -18.701309
157.584436 -18.196089
157.035213 -17.688999
156.485752 -17.182401
155.936051 -16.676298
155.386112 -16.170687
154.835935 -15.665570
154.285518 -15.160947
153.734863 -14.656817
153.183968 -14.153181
152.632835 -13.650038
152.081464 -13.147389
151.529853 -12.645233
150.978004 -12.143571
150.425916 -11.642402
149.873589 -11.141727
149.321023 -10.641545
148.768218 -10.141857
148.215175 -9.642662
147.661893 -9.143961
147.108372 -8.645753
146.554612 -8.148039
146.000613 -7.650818
145.446376 -7.154091
144.891900 -6.657857
144.337185 -6.162117
143.782231 -5.666870
143.227038 -5.172117
142.671607 -4.677857
142.115937 -4.184091
141.560028 -3.690819
141.003880 -3.198039
140.447493 -2.705754
139.890868 -2.213961
139.334004 -1.722663
138.776901 -1.231857
138.219559 -0.741546
137.661979 -0.251727
137.104159 0.237597
136.546101 0.726429
135.987804 1.214766
135.429268 1.702610
134.870494 2.189961
134.311480 2.676818
133.752228 3.163182
133.192737 3.649052
132.633007 4.134429
132.073039 4.619312
131.512831 5.103702
130.952385 5.587598
130.391700 6.071001
129.830777 6.553910
129.269614 7.036326
128.708213 7.518248
128.146572 7.999677
127.584693 8.480612
127.022576 8.961054
126.460219 9.441002
125.897624 9.920456
125.334790 10.399418
124.771717 10.877885
124.208405 11.355859
123.644854 11.833340
123.081065 12.310327
122.517037 12.786821
121.952770 13.262821
121.388264 13.738328
120.823520 14.213341
120.258536 14.687861
119.693314 15.161887
119.127853 15.635420
118.562153 16.108459
117.996215 16.581004
117.430037 17.053057
116.863621 17.524615
116.296966 17.995680
115.730073 18.466252
115.162940 18.936330
114.595569 19.405915
114.027958 19.875006
113.460110 20.343604
112.892022 20.811708
112.323695 21.279319
111.755130 21.746436
111.186326 22.213059
110.617283 22.679189
110.048001 23.144826
109.478480 23.609969
108.908721 24.074619
108.338723 24.538775
107.768486 25.002438
107.198010 25.465607
106.627296 25.928283
106.056342 26.390465
105.485150 26.852153
104.913719 27.313348
104.342050 27.774050
103.770141 28.234258
103.197994 28.693973
102.625607 29.153194
102.052983 29.611922
101.480119 30.070156
100.907016 30.527896
100.333675 30.985143
99.760095 31.441897
99.186276 31.898157
98.612218 32.353924
98.037922 32.809197
97.463386 33.263977
96.888612 33.718263
96.313599 34.172055
95.738347 34.625354
95.162857 35.078160
94.587128 35.530472
94.011159 35.982291
93.434952 36.433616
92.858507 36.884447
92.281822 37.334786
91.704899 37.784630
91.127737 38.233981
90.550336 38.682839
89.972696 39.131203
89.394818 39.579074
88.816700 40.026451
88.238344 40.473334
87.659749 40.919724
87.081513 41.362279
86.505098 41.792827
85.930570 42.210998
85.357930 42.616792
84.787176 43.010209
84.218310 43.391248
83.651331 43.759910
83.086239 44.116195
82.523035 44.460102
81.961717 44.791633
81.402287 45.110786
80.844744 45.417561
80.289088 45.711960
79.735319 45.993981
79.183438 46.263625
78.633444 46.520892
78.085337 46.765781
77.539117 46.998293
76.994784 47.218428
76.452339 47.426186
75.911780 47.621566
75.373109 47.804570
74.836325 47.975195
74.301429 48.133444
73.768419 48.279315
73.237297 48.412810
72.708062 48.533926
72.180714 48.642666
71.655253 48.739028
71.131680 48.823013
70.609994 48.894621
70.090195 48.953852
69.572283 49.000705
69.056258 49.035181
68.542121 49.057279
68.029870 49.067001
67.519507 49.064345
67.011031 49.049312
66.504443 49.021902
65.999741 48.982114
65.496927 48.929949
64.996000 48.865407
64.496960 48.788488
63.999807 48.699191
63.504542 48.597517
63.011163 48.483466
62.519672 48.357038
62.030068 48.218232
61.542352 48.067049
61.056522 47.903489
60.572580 47.727551
60.090525 47.539237
59.610357 47.338545
59.132076 47.125475
58.655683 46.900029
58.181176 46.662205
57.708557 46.412004
57.237825 46.149426
56.768980 45.874470
56.302023 45.587137
55.836953 45.287427
55.373769 44.975340
54.912474 44.650875
54.453065 44.314033
53.995543 43.964814
53.539909 43.603218
53.086162 43.229244
52.634302 42.842893
52.184329 42.444165
51.736244 42.033059
51.290045 41.609577
50.845734 41.173717
50.403310 40.725479
49.962773 40.264865
49.524124 39.791873
49.087362 39.306504
48.652486 38.808758
48.219498 38.298634
47.788398 37.776133
47.359184 37.241255
46.931858 36.694000
46.506419 36.134367
46.082867 35.562357
45.661202 34.977970
45.241424 34.381206
44.823534 33.772064
44.407531 33.150545
43.993415 32.516649
43.581186 31.870376
43.170845 31.211725
42.762390 30.540697
42.355823 29.857292
41.951143 29.161509
41.548350 28.453349
41.147445 27.732812
40.748426 26.999898
40.351295 26.254607
39.956051 25.496938
39.562694 24.726892
39.171225 23.944468
38.781642 23.149668
38.393947 22.342490
38.008139 21.522935
37.624218 20.691002
37.242185 19.846693
36.862038 18.990006
36.483779 18.120942
36.107407 17.239500
35.732922 16.345681
35.360325 15.439485
34.989614 14.520912
34.620791 13.589962
34.253855 12.646634
33.888806 11.690929
33.525645 10.722847
33.164370 9.742387
32.804983 8.749550
32.447483 7.744336
32.091870 6.726745
31.738145 5.696776
31.386306 4.654430
31.036355 3.599707
30.688291 2.532607
30.342114 1.453129
29.997825 0.361274
