283.689649 -97.571426
282.610386 -98.093849
281.533902 -98.616128
280.460197 -99.138261
279.389271 -99.660250
278.321125 -100.182094
277.255758 -100.703794
276.193170 -101.225348
275.133362 -101.746758
274.076332 -102.268023
273.022082 -102.789144
271.970612 -103.310119
270.921920 -103.830950
269.876008 -104.351636
268.832875 -104.872177
267.792521 -105.392574
266.754947 -105.912826
265.720151 -106.432933
264.688135 -106.952895
263.658898 -107.472712
262.632441 -107.992385
261.608763 -108.511913
260.587864 -109.031296
259.569744 -109.550535
258.554403 -110.069628
257.541842 -110.588577
256.532060 -111.107381
255.525057 -111.626041
254.520834 -112.144555
253.519390 -112.662925
252.520725 -113.181150
251.524839 -113.699231
250.531732 -114.217166
249.541405 -114.734957
248.553857 -115.252603
247.569088 -115.770104
246.587099 -116.287461
245.607889 -116.804673
244.631458 -117.321740
243.657806 -117.838662
242.686933 -118.355439
241.718840 -118.872072
240.753526 -119.388560
239.790991 -119.904903
238.831236 -120.421102
237.874260 -120.937155
236.920063 -121.453064
235.968645 -121.968828
235.020006 -122.484448
234.074147 -122.999922
233.131067 -123.515252
232.190767 -124.030437
231.253245 -124.545477
230.318503 -125.060373
229.386540 -125.575124
228.457356 -126.089730
227.530952 -126.604191
226.607326 -127.118508
225.686480 -127.632679
224.768414 -128.146706
223.853126 -128.660589
222.940618 -129.174326
222.030889 -129.687919
221.123939 -130.201367
220.219769 -130.714670
219.318378 -131.227828
218.419766 -131.740842
217.523933 -132.253711
216.630879 -132.766435
215.740605 -133.279014
214.853110 -133.791449
213.968394 -134.303739
213.086458 -134.815884
212.207301 -135.327884
211.330923 -135.839740
210.457324 -136.351450
209.586505 -136.863017
208.718464 -137.374438
207.853203 -137.885714
206.990722 -138.396846
206.131019 -138.907833
205.274096 -139.418675
204.419952 -139.929373
203.568587 -140.439925
202.720002 -140.950333
201.874196 -141.460596
201.031169 -141.970715
200.190921 -142.480689
199.353453 -142.990517
198.518763 -143.500202
197.686853 -144.009741
196.857723 -144.519135
196.031371 -145.028385
195.207799 -145.537490
194.387006 -146.046451
193.568992 -146.555266
192.753758 -147.063937
191.941303 -147.572463
191.131627 -148.080844
190.324730 -148.589081
189.520613 -149.097173
188.719274 -149.605120
187.920715 -150.112922
187.124936 -150.620579
186.331935 -151.128092
185.541714 -151.635460
184.754272 -152.142683
183.969609 -152.649761
183.187726 -153.156695
182.408622 -153.663484
181.632297 -154.170128
180.858751 -154.676627
180.087985 -155.182982
179.319998 -155.689192
178.554790 -156.195257
177.792361 -156.701177
177.032712 -157.206953
176.275841 -157.712583
175.521750 -158.218069
174.770439 -158.723411
174.021906 -159.228607
173.276153 -159.733659
172.533179 -160.238566
171.792984 -160.743328
171.055569 -161.247946
170.321066 -161.751982
169.592396 -162.245839
168.870757 -162.725591
168.156146 -163.191236
167.448566 -163.642776
166.748014 -164.080211
166.054492 -164.503539
165.368000 -164.912762
164.688537 -165.307879
164.016103 -165.688890
163.350700 -166.055796
162.692325 -166.408596
162.040980 -166.747290
161.396664 -167.071878
160.759378 -167.382361
160.129122 -167.678738
159.505895 -167.961009
158.889697 -168.229175
158.280529 -168.483235
157.678390 -168.723189
157.083281 -168.949037
156.495201 -169.160780
155.914151 -169.358416
155.340130 -169.541948
154.773139 -169.711373
154.213177 -169.866693
153.660245 -170.007907
153.114342 -170.135015
152.575468 -170.248017
152.043624 -170.346914
151.518810 -170.431705
151.001025 -170.502390
150.490269 -170.558970
149.986543 -170.601444
149.489847 -170.629812
149.000180 -170.644074
148.517542 -170.644231
148.041934 -170.630282
147.573355 -170.602227
147.111806 -170.560066
146.657287 -170.503800
146.209796 -170.433428
145.769336 -170.348950
145.335904 -170.250367
144.909503 -170.137678
144.490130 -170.010883
144.077787 -169.869982
143.672474 -169.714976
143.274190 -169.545864
142.882936 -169.362646
142.498711 -169.165322
142.121515 -168.953893
141.751349 -168.728358
141.388213 -168.488717
141.032106 -168.234971
140.683028 -167.967118
140.340980 -167.685160
140.005962 -167.389097
139.677972 -167.078927
139.357013 -166.754652
139.043083 -166.416271
138.736182 -166.063785
138.436311 -165.697192
138.143469 -165.316494
137.857657 -164.921690
137.578874 -164.512781
137.307121 -164.089766
137.042397 -163.652645
136.784702 -163.201418
136.534037 -162.736085
136.290402 -162.256647
136.053796 -161.763103
135.824220 -161.255454
135.601673 -160.733698
135.386155 -160.197837
135.177667 -159.647870
134.976209 -159.083798
134.781779 -158.505619
134.594380 -157.913335
134.414010 -157.306946
134.240669 -156.686450
134.074358 -156.051849
133.915076 -155.403142
133.762824 -154.740329
133.617601 -154.063411
133.479408 -153.372387
133.348244 -152.667257
133.224110 -151.948021
133.107005 -151.214680
132.996930 -150.467233
132.893884 -149.705680
132.797867 -148.930022
132.708880 -148.140257
132.626923 -147.336387
132.551995 -146.518412
132.484096 -145.686330
132.423227 -144.840143
132.369388 -143.979850
132.322578 -143.105452
132.282797 -142.216947
132.250046 -141.314337
132.224324 -140.397621
132.205632 -139.466800
132.193969 -138.521872
132.189336 -137.562839
132.191732 -136.589701
132.201158 -135.602456
132.217613 -134.601106
132.241098 -133.585650
132.271612 -132.556088
132.309156 -131.512421
132.353729 -130.454648
132.405331 -129.382769
132.463964 -128.296785
132.529625 -127.196694
132.602316 -126.082498
132.682037 -124.954196
132.768787 -123.811789
132.862566 -122.655276
132.963375 -121.484657
133.071213 -120.299932
133.186081 -119.101102
133.307978 -117.888165
133.436905 -116.661124
133.572862 -115.419976
133.713951 -114.167902
133.848795 -112.923979
133.975497 -111.691385
134.094057 -110.470122
134.204476 -109.260189
134.306752 -108.061585
134.400887 -106.874312
134.486880 -105.698368
134.564731 -104.533755
134.634441 -103.380472
134.696008 -102.238518
134.749434 -101.107895
134.794718 -99.988601
134.831860 -98.880638
134.860860 -97.784004
134.881719 -96.698701
134.894435 -95.624727
134.899010 -94.562084
134.895443 -93.510770
134.883734 -92.470787
134.863884 -91.442133
134.835891 -90.424810
134.799757 -89.418816
134.755481 -88.424153
134.703063 -87.440819
134.642503 -86.468816
134.573801 -85.508142
134.496958 -84.558798
134.411973 -83.620785
134.318846 -82.694101
134.217577 -81.778748
134.108166 -80.874724
133.990613 -79.982030
133.864919 -79.100667
133.731083 -78.230633
133.589105 -77.371929
133.438985 -76.524556
133.280723 -75.688512
133.114320 -74.863798
132.939775 -74.050415
132.757088 -73.248361
132.566259 -72.457637
132.367288 -71.678244
132.160175 -70.910180
131.944921 -70.153446
131.721525 -69.408042
131.489987 -68.673969
131.250307 -67.951225
131.002485 -67.239811
130.746522 -66.539727
130.482416 -65.850973
130.210169 -65.173550
129.929780 -64.507456
129.641249 -63.852692
129.344577 -63.209258
129.039762 -62.577154
128.726806 -61.956380
128.405708 -61.346937
128.076468 -60.748823
127.739086 -60.162039
127.393563 -59.586585
127.039897 -59.022461
126.678090 -58.469667
126.308141 -57.928203
125.930050 -57.398069
125.543818 -56.879265
125.149443 -56.371791
124.746927 -55.875647
124.336269 -55.390833
123.917469 -54.917349
123.490527 -54.455195
123.055444 -54.004371
122.612218 -53.564877
122.160851 -53.136713
121.701342 -52.719879
121.233691 -52.314375
120.757898 -51.920201
120.273964 -51.537357
119.781887 -51.165843
119.281669 -50.805659
118.773309 -50.456805
118.256807 -50.119281
117.732164 -49.793087
117.199378 -49.478223
116.658451 -49.174689
116.109382 -48.882485
115.552171 -48.601610
114.986818 -48.332066
114.413324 -48.073852
113.831687 -47.826968
113.241909 -47.591414
112.643989 -47.367190
112.037927 -47.154295
111.423724 -46.952731
110.801378 -46.762497
110.170891 -46.583593
109.532262 -46.416019
108.885491 -46.259774
108.230578 -46.114860
107.567523 -45.981276
106.896327 -45.859022
106.216989 -45.748097
105.529509 -45.648503
104.833887 -45.560239
104.130123 -45.483305
103.418217 -45.417700
102.698170 -45.363426
101.969981 -45.320482
101.233650 -45.288867
100.489177 -45.268583
99.736562 -45.259629
98.975806 -45.262004
98.206908 -45.275710
97.429868 -45.300745
96.644686 -45.337111
95.851362 -45.384807
95.049896 -45.443832
94.240289 -45.514188
93.422540 -45.595873
92.596649 -45.688889
91.762616 -45.793235
90.920441 -45.908910
90.070125 -46.035916
89.211666 -46.174251
88.345066 -46.323917
87.474219 -46.478670
86.608647 -46.623254
85.748781 -46.756975
84.894623 -46.879832
84.046172 -46.991825
83.203428 -47.092956
82.366391 -47.183223
81.535062 -47.262627
80.709439 -47.331167
79.889524 -47.388844
79.075316 -47.435658
78.266815 -47.471608
77.464022 -47.496695
76.666935 -47.510919
75.875556 -47.514279
75.089883 -47.506776
74.309918 -47.488410
73.535661 -47.459180
72.767110 -47.419087
72.004266 -47.368131
71.247130 -47.306311
70.495701 -47.233628
69.749979 -47.150081
69.009964 -47.055672
68.275656 -46.950398
67.547056 -46.834262
66.824162 -46.707262
66.106976 -46.569399
65.395497 -46.420672
64.689725 -46.261082
63.989661 -46.090629
63.295303 -45.909313
62.606653 -45.717133
61.923710 -45.514089
61.246474 -45.300183
60.574945 -45.075413
59.909123 -44.839780
59.249009 -44.593283
58.594601 -44.335923
57.945901 -44.067700
57.302908 -43.788613
56.665622 -43.498663
56.034044 -43.197849
55.408172 -42.886173
54.788008 -42.563633
54.173551 -42.230229
53.564801 -41.885962
52.961758 -41.530832
52.364422 -41.164839
51.772794 -40.787982
51.186873 -40.400262
50.606658 -40.001678
50.032151 -39.592231
49.463352 -39.171921
48.900259 -38.740748
48.342874 -38.298711
47.791195 -37.845810
47.245224 -37.382047
46.704960 -36.907420
46.170403 -36.421930
45.641554 -35.925576
45.118411 -35.418359
44.600976 -34.900279
44.089248 -34.371335
43.583227 -33.831528
43.082913 -33.280858
42.588307 -32.719324
42.099407 -32.146927
41.616215 -31.563666
41.138730 -30.969543
40.666952 -30.364556
40.200881 -29.748705
39.740517 -29.121991
39.285861 -28.484414
38.836912 -27.835974
38.393670 -27.176670
37.956135 -26.506503
37.524307 -25.825472
37.098186 -25.133578
36.677773 -24.430821
36.263067 -23.717200
35.854068 -22.992717
35.450776 -22.257369
35.053191 -21.511159
34.661313 -20.754085
34.275143 -19.986147
33.894680 -19.207347
33.519924 -18.417683
33.150875 -17.617155
32.787533 -16.805765
32.429898 -15.983511
32.077971 -15.150393
31.731751 -14.306413
31.391238 -13.451568
31.056432 -12.585861
30.727333 -11.709290
30.403942 -10.821856
30.086257 -9.923559
29.774280 -9.014398
29.468010 -8.094374
29.167447 -7.163486
28.872591 -6.221735
28.583443 -5.269121
28.300001 -4.305644
28.022267 -3.331303
27.750240 -2.346098
27.483920 -1.350031
27.223308 -0.343100
26.968402 0.674694
26.719204 1.703352
26.475712 2.742873
26.237928 3.793257
26.005852 4.854505
25.779482 5.926616
25.558819 7.009590
25.343864 8.103428
25.134616 9.208129
24.931075 10.323694
24.733241 11.450121
24.541114 12.587412
24.354695 13.735567
24.173982 14.894585
23.998977 16.064466
23.829679 17.245210
23.666088 18.436818
