250.223530 165.493761
248.681784 159.605694
247.153826 153.768234
245.639656 147.981381
244.139273 142.245134
242.652678 136.559494
241.179870 130.924460
239.720851 125.340033
238.275618 119.806213
236.844174 114.323000
235.426517 108.890393
234.022648 103.508393
232.632567 98.177000
231.256273 92.896213
229.893767 87.666033
228.545048 82.486460
227.210117 77.357493
225.888974 72.279133
224.581619 67.251380
223.288051 62.274234
222.008271 57.347694
220.742278 52.471761
219.490074 47.646434
218.251656 42.871714
217.027027 38.147601
215.816185 33.474095
214.619131 28.851195
213.435864 24.278902
212.266386 19.757216
211.110694 15.286136
209.968791 10.865663
208.840675 6.495797
207.726347 2.176537
206.625807 -2.092116
205.539054 -6.310162
204.466089 -10.477602
203.406911 -14.594434
202.361521 -18.660661
201.329919 -22.676280
200.312105 -26.641293
199.308078 -30.555699
198.317839 -34.419498
197.341387 -38.232691
196.378723 -41.995277
195.429847 -45.707257
194.494759 -49.368629
193.573458 -52.979395
192.665945 -56.539555
191.772219 -60.049107
190.892281 -63.508053
190.026131 -66.916393
189.173769 -70.274125
188.335194 -73.581251
187.510407 -76.837770
186.699407 -80.043683
185.902195 -83.198989
185.118771 -86.303688
184.349135 -89.357780
183.593286 -92.361266
182.851225 -95.314145
182.122951 -98.216417
181.408465 -101.068083
180.707767 -103.869142
180.020857 -106.619594
179.347734 -109.319440
178.688399 -111.968679
178.042851 -114.567311
177.411091 -117.115337
176.793119 -119.612756
176.188935 -122.059568
175.598538 -124.455774
175.021929 -126.801372
174.459107 -129.096365
173.910073 -131.340750
173.374827 -133.534529
172.853369 -135.677701
172.345698 -137.770266
171.851814 -139.812225
171.371719 -141.803577
170.905411 -143.744323
170.452891 -145.634461
170.014158 -147.473993
169.589214 -149.262919
169.178056 -151.001237
168.780687 -152.688949
168.397105 -154.326054
168.027311 -155.912553
167.671304 -157.448445
167.329085 -158.933730
167.000654 -160.368408
166.686011 -161.752480
166.385155 -163.085945
166.098087 -164.368804
165.824806 -165.601056
165.565313 -166.782701
165.319608 -167.913739
165.087690 -168.994171
164.869561 -170.023996
164.665218 -171.003214
164.474664 -171.931826
164.297897 -172.809831
164.134918 -173.637229
163.985726 -174.414020
163.850322 -175.140205
163.728706 -175.815784
163.620878 -176.440755
163.526837 -177.015120
163.446584 -177.538878
163.380118 -178.012029
163.327440 -178.434574
163.288550 -178.806512
163.263447 -179.127844
163.252132 -179.398568
163.254605 -179.618686
163.270866 -179.788198
163.300914 -179.907102
163.344750 -179.975400
163.402373 -179.993092
163.473784 -179.960176
163.558983 -179.876654
163.657969 -179.742525
163.770743 -179.557790
163.897305 -179.322448
164.037655 -179.036499
164.191792 -178.699943
164.359208 -178.314257
164.528718 -177.911904
164.695744 -177.506167
164.860288 -177.097044
165.022349 -176.684536
165.181928 -176.268644
165.339023 -175.849366
165.493636 -175.426704
165.645765 -175.000656
165.795412 -174.571223
165.942576 -174.138406
166.087258 -173.702203
166.229456 -173.262616
166.369172 -172.819643
166.506405 -172.373285
166.641155 -171.923543
166.773422 -171.470415
166.903206 -171.013903
167.030507 -170.554005
167.155326 -170.090722
167.277662 -169.624055
167.397515 -169.154002
167.514885 -168.680565
167.629772 -168.203742
167.742177 -167.723534
167.852098 -167.239942
167.959537 -166.752964
168.064493 -166.262602
168.166966 -165.768854
168.266957 -165.271722
168.364464 -164.771204
168.459489 -164.267301
168.552031 -163.760014
168.642090 -163.249341
168.729666 -162.735284
168.814759 -162.217841
168.897370 -161.697014
168.977498 -161.172801
169.055142 -160.645203
169.130304 -160.114221
169.202984 -159.579853
169.273180 -159.042101
169.340894 -158.500963
169.406124 -157.956441
169.468872 -157.408533
169.529137 -156.857241
169.586920 -156.302563
169.642219 -155.744501
169.695035 -155.183053
169.745369 -154.618221
169.793220 -154.050003
169.838588 -153.478400
169.881473 -152.903413
169.921876 -152.325040
169.959796 -151.743283
169.995232 -151.158140
170.028186 -150.569613
170.058657 -149.977700
170.086646 -149.382403
170.112151 -148.783720
170.135174 -148.181653
170.155713 -147.576200
170.173770 -146.967363
170.189345 -146.355140
170.202436 -145.739533
170.213044 -145.120540
170.221170 -144.498163
170.226813 -143.872400
170.229973 -143.243253
170.230650 -142.610720
170.228844 -141.974803
170.224556 -141.335500
170.217784 -140.692813
170.208530 -140.046740
170.196793 -139.397283
170.182573 -138.744441
170.165871 -138.088213
170.146685 -137.428601
170.125017 -136.765603
170.100866 -136.099221
170.074232 -135.429453
170.045115 -134.756301
170.013515 -134.079763
169.979433 -133.399841
169.942868 -132.716533
169.903819 -132.029841
169.862288 -131.339763
169.818275 -130.646301
169.771778 -129.949454
169.722799 -129.249221
169.671336 -128.545604
169.617391 -127.838601
169.560963 -127.128214
169.502053 -126.414441
169.440659 -125.697284
169.376782 -124.976741
169.310423 -124.252814
169.241581 -123.525502
169.170256 -122.794804
169.096449 -122.060722
169.020158 -121.323254
168.941385 -120.582402
168.860128 -119.838164
168.776389 -119.090542
168.690167 -118.339535
168.601463 -117.585142
168.510275 -116.827365
168.416605 -116.066202
168.320451 -115.301655
168.221815 -114.533723
168.120697 -113.762405
168.017095 -112.987703
167.911010 -112.209615
167.802443 -111.428143
167.691393 -110.643286
167.577860 -109.855043
167.461844 -109.063416
167.343345 -108.268403
167.222364 -107.470006
167.098899 -106.668224
166.972952 -105.863056
166.844522 -105.054504
166.713609 -104.242567
166.580214 -103.427244
166.444335 -102.608537
166.305487 -101.786941
166.160747 -100.965439
166.009628 -100.144526
165.852130 -99.324204
165.688254 -98.504471
165.517998 -97.685328
165.341364 -96.866775
165.158352 -96.048812
164.968960 -95.231439
164.773189 -94.414656
164.571040 -93.598463
164.362512 -92.782859
164.147605 -91.967846
163.926320 -91.153422
163.698655 -90.339589
163.464612 -89.526345
163.224190 -88.713691
162.977389 -87.901627
162.724210 -87.090153
162.464651 -86.279269
162.198714 -85.468975
161.926398 -84.659271
161.647703 -83.850157
161.362630 -83.041632
161.071177 -82.233698
160.773346 -81.426353
160.469136 -80.619599
160.158547 -79.813434
159.841580 -79.007859
159.518234 -78.202874
159.188508 -77.398479
158.852404 -76.594674
158.509922 -75.791459
158.161060 -74.988833
157.805820 -74.186798
157.444201 -73.385353
157.076203 -72.584497
156.701826 -71.784231
156.321071 -70.984556
155.933936 -70.185470
155.540423 -69.386974
155.140532 -68.589068
154.734261 -67.791752
154.321611 -66.995026
153.902583 -66.198890
153.477176 -65.403343
153.045390 -64.608387
152.607226 -63.814020
152.162682 -63.020244
151.711760 -62.227057
151.254459 -61.434460
150.790779 -60.642453
150.320721 -59.851036
149.844283 -59.060209
149.361467 -58.269972
148.872272 -57.480325
148.376698 -56.691268
147.874746 -55.902800
147.366414 -55.114923
146.851704 -54.327635
146.330615 -53.540937
145.803148 -52.754830
145.269301 -51.969312
144.729076 -51.184384
144.182472 -50.400046
143.629489 -49.616298
143.070127 -48.833140
142.504386 -48.050571
141.932267 -47.268593
141.353769 -46.487204
140.768892 -45.706406
140.177636 -44.926197
139.580002 -44.146579
138.975989 -43.367550
138.365597 -42.589111
137.748826 -41.811262
137.125676 -41.034003
136.496148 -40.257334
135.860240 -39.481254
135.217954 -38.705765
134.569290 -37.930866
133.914246 -37.156556
133.252824 -36.382836
132.585022 -35.609707
131.910842 -34.837167
131.230284 -34.065217
130.543346 -33.293857
129.850030 -32.523087
129.150334 -31.752907
128.444260 -30.983317
127.731808 -30.214316
127.012976 -29.445906
126.287766 -28.678085
125.556177 -27.910855
124.818209 -27.144214
124.073862 -26.378163
123.323136 -25.612703
122.566032 -24.847832
121.802549 -24.083551
121.032687 -23.319860
120.256446 -22.556758
119.473827 -21.794247
118.684829 -21.032326
117.889451 -20.270994
117.087696 -19.510253
116.279561 -18.750101
115.465047 -17.990539
114.644155 -17.231568
113.816884 -16.473186
112.983234 -15.715394
112.143206 -14.958192
111.296798 -14.201579
110.444012 -13.445557
109.584847 -12.690125
108.719303 -11.935282
107.847381 -11.181030
106.969079 -10.427367
106.084399 -9.674295
105.193340 -8.921812
104.295902 -8.169919
103.392086 -7.418616
102.481890 -6.667903
101.565316 -5.917780
100.642363 -5.168246
99.713031 -4.419303
98.780814 -3.674054
97.854252 -2.940086
96.933733 -2.217744
96.019257 -1.507029
95.110824 -0.807940
94.208433 -0.120477
93.312086 0.555360
92.421782 1.219570
91.537520 1.872153
90.659302 2.513111
89.787126 3.142442
88.920994 3.760147
88.060904 4.366226
87.206858 4.960678
86.358854 5.543504
85.516893 6.114703
84.680976 6.674277
83.851101 7.222224
83.027269 7.758544
82.209481 8.283239
81.397735 8.796307
80.592032 9.297749
79.792372 9.787564
78.998755 10.265753
78.211181 10.732316
77.429650 11.187253
76.654162 11.630563
75.884717 12.062247
75.121315 12.482304
74.363956 12.890736
73.612640 13.287541
72.867366 13.672719
72.128136 14.046271
71.394949 14.408198
70.667805 14.758497
69.946703 15.097171
69.231645 15.424218
68.522629 15.739639
67.819657 16.043433
67.122728 16.335601
66.431841 16.616143
65.746997 16.885058
65.068197 17.142348
64.395439 17.388011
63.728725 17.622047
63.068053 17.844458
62.413424 18.055241
61.764838 18.254399
61.122296 18.441930
60.485796 18.617836
59.855339 18.782114
59.230925 18.934767
58.612554 19.075793
58.000226 19.205193
57.393941 19.322966
56.793699 19.429113
56.199500 19.523634
55.611344 19.606529
55.029231 19.677797
54.453160 19.737439
53.883133 19.785454
53.319149 19.821844
52.761208 19.846607
52.209309 19.859743
51.663454 19.861254
51.123642 19.851138
50.589872 19.829396
50.062146 19.796027
49.540462 19.751032
49.024822 19.694411
48.515224 19.626163
48.011669 19.546290
47.514158 19.454789
47.022689 19.351663
46.537263 19.236910
46.057881 19.110531
45.584541 18.972526
45.117244 18.822894
44.655990 18.661636
44.200779 18.488752
43.751611 18.304241
43.308486 18.108104
42.871404 17.900341
42.440365 17.680951
42.015369 17.449936
41.596416 17.207293
41.183506 16.953025
40.776639 16.687130
40.375815 16.409609
39.981033 16.120462
39.592295 15.819688
39.209600 15.507288
38.832947 15.183261
38.462338 14.847609
38.097771 14.500330
37.739248 14.141425
37.386768 13.770893
37.040330 13.388735
36.699935 12.994951
36.365584 12.589540
36.037275 12.172503
35.715010 11.743840
35.398787 11.303551
35.088607 10.851635
34.784470 10.388093
34.486376 9.912924
34.194326 9.426130
33.908318 8.927709
33.628353 8.417661
33.354431 7.895988
33.086552 7.362688
32.824716 6.817761
32.568923 6.261209
32.319173 5.693030
32.075466 5.113225
31.837801 4.521793
31.606180 3.918735
31.380602 3.304051
31.161067 2.677741
30.947574 2.039804
30.740125 1.390241
30.538719 0.729052
30.343355 0.056236
30.154035 -0.628206
29.970757 -1.324274
