268.011416 -134.795700
266.688560 -130.186981
265.370884 -125.614872
264.058386 -121.079374
262.751068 -116.580485
261.448929 -112.118206
260.151970 -107.692536
258.860190 -103.303477
257.573590 -98.951027
256.292168 -94.635187
255.015926 -90.355957
253.744864 -86.113337
252.478981 -81.907327
251.218277 -77.737926
249.962753 -73.605135
248.712408 -69.508955
247.467242 -65.449384
246.227256 -61.426422
244.992449 -57.440071
243.762822 -53.490329
242.538374 -49.577198
241.319105 -45.700676
240.105015 -41.860764
238.896105 -38.057461
237.692375 -34.290769
236.493823 -30.560686
235.300452 -26.867214
234.112259 -23.210351
232.929246 -19.590098
231.751412 -16.006454
230.578758 -12.459421
229.411283 -8.948997
228.248987 -5.475184
227.091871 -2.037980
225.939934 1.362615
224.793176 4.726599
223.651598 8.053973
222.515199 11.344738
221.383979 14.598893
220.257939 17.816438
219.137079 20.997373
218.021397 24.141698
216.910895 27.249414
215.805573 30.320519
214.705429 33.355015
213.610466 36.352901
212.520681 39.314177
211.436076 42.238844
210.356650 45.126900
209.282404 47.978347
208.213337 50.793184
207.149449 53.571411
206.090741 56.313028
205.037212 59.018036
203.988862 61.686433
202.945692 64.318221
201.907701 66.913399
200.874890 69.471967
199.847258 71.993925
198.824805 74.479273
197.807532 76.928012
196.795438 79.340141
195.788523 81.715660
194.786788 84.054569
193.790232 86.356868
192.798856 88.622558
191.812659 90.851637
190.831641 93.044107
189.855803 95.199967
188.885144 97.319217
187.919664 99.401857
186.959364 101.447888
186.004243 103.457308
185.054302 105.430119
184.109539 107.366320
183.169957 109.265911
182.235553 111.128893
181.306329 112.955264
180.382285 114.745026
179.463419 116.498178
178.549733 118.214720
177.641227 119.894652
176.737900 121.537974
175.839752 123.144687
174.946783 124.714790
174.058994 126.248282
173.176385 127.745165
172.298954 129.205439
171.426703 130.629102
170.559632 132.016156
169.697740 133.366599
168.841027 134.680433
167.989493 135.957657
167.143139 137.198272
166.301965 138.402276
165.465969 139.569671
164.635153 140.700455
163.809517 141.794630
162.989059 142.852195
162.173782 143.873151
161.363683 144.857496
160.558764 145.805232
159.759024 146.716358
158.964464 147.590874
158.175083 148.428780
157.390881 149.230076
156.611859 149.994762
155.838016 150.722839
155.069352 151.414306
154.305868 152.069163
153.547563 152.687410
152.794438 153.269047
152.046492 153.814075
151.303725 154.322493
150.566138 154.794300
149.833730 155.229498
149.106501 155.628087
148.384452 155.990065
147.667582 156.315434
146.955892 156.604192
146.249381 156.856341
145.548049 157.071880
144.851897 157.250809
144.160924 157.393129
143.475130 157.498838
142.794509 157.568897
142.118922 157.624409
141.448309 157.674006
140.782672 157.717688
140.122011 157.755456
139.466325 157.787310
138.815614 157.813249
138.169879 157.833274
137.529119 157.847385
136.893335 157.855580
136.262526 157.857862
135.636693 157.854229
135.015835 157.844682
134.399953 157.829220
133.789046 157.807844
133.183114 157.780553
132.582158 157.747348
131.986177 157.708228
131.395172 157.663194
130.809142 157.612246
130.228088 157.555383
129.652009 157.492605
129.080905 157.423914
128.514777 157.349307
127.953625 157.268787
127.397448 157.182352
126.846246 157.090002
126.300020 156.991738
125.758769 156.887560
125.222494 156.777467
124.691194 156.661459
124.164869 156.539538
123.643520 156.411701
123.127147 156.277951
122.615748 156.138286
122.109326 155.992706
121.607879 155.841212
121.111407 155.683804
120.619910 155.520481
120.133390 155.351244
119.651844 155.176092
119.175274 154.995026
118.703680 154.808045
118.237060 154.615150
117.775417 154.416341
117.318748 154.211617
116.867056 154.000979
116.420338 153.784426
115.978596 153.561959
115.541830 153.333577
115.110039 153.099281
114.683223 152.859070
114.261383 152.612945
113.844519 152.360906
113.432629 152.102952
113.025716 151.839084
112.623777 151.569301
112.226814 151.293604
111.834827 151.011992
111.447815 150.724466
111.065778 150.431026
110.688717 150.131671
110.316632 149.826401
109.949522 149.515217
109.587387 149.198119
109.230227 148.875107
108.878044 148.546179
108.530835 148.211338
108.188602 147.870582
107.851345 147.523911
107.519062 147.171326
107.191756 146.812827
106.869425 146.448413
106.552069 146.078085
106.239689 145.701842
105.932284 145.319685
105.629854 144.931614
105.332400 144.537628
105.039922 144.137727
104.752419 143.731913
104.469891 143.320183
104.192339 142.902539
103.919762 142.478981
103.652161 142.049509
103.389535 141.614122
103.131884 141.172820
102.879209 140.725604
102.631510 140.272474
102.388786 139.813429
102.151037 139.348470
101.918264 138.877596
101.690466 138.400808
101.467644 137.918105
101.249797 137.429488
101.036926 136.934957
100.829030 136.434511
100.626109 135.928151
100.428164 135.415876
100.235194 134.897687
100.047200 134.373583
99.864181 133.843565
99.686138 133.307632
99.513070 132.765785
99.344978 132.218024
99.181861 131.664348
99.023719 131.104758
98.870553 130.539253
98.722363 129.967834
98.579148 129.390500
98.440908 128.807252
98.307644 128.218090
98.179355 127.623013
98.056041 127.022021
97.937703 126.415116
97.824341 125.802295
97.715954 125.183561
97.612542 124.558911
97.514106 123.928348
97.420645 123.291870
97.332160 122.649477
97.248650 122.001171
97.170116 121.346949
97.096557 120.686813
97.027973 120.020763
96.964365 119.348799
96.904690 118.671817
96.842689 117.995204
96.777321 117.319858
96.708586 116.645777
96.636482 115.972963
96.561011 115.301415
96.482172 114.631134
96.399966 113.962118
96.314392 113.294369
96.225450 112.627886
96.133140 111.962670
96.037463 111.298719
95.938418 110.636035
95.836005 109.974617
95.730225 109.314465
95.621076 108.655580
95.508561 107.997961
95.392677 107.341608
95.273426 106.686521
95.150807 106.032701
95.024820 105.380146
94.895466 104.728858
94.762744 104.078837
94.626654 103.430081
94.487197 102.782592
94.344372 102.136369
94.198179 101.491412
94.048618 100.847722
93.895690 100.205298
93.739394 99.564139
93.579731 98.924248
93.416699 98.285622
93.250300 97.648263
93.080534 97.012170
92.907399 96.377343
92.730897 95.743783
92.551027 95.111488
92.367790 94.480460
92.181185 93.850698
91.991212 93.222203
91.797871 92.594973
91.601163 91.969010
91.401087 91.344313
91.197643 90.720883
90.990832 90.098719
90.780652 89.477820
90.567106 88.858189
90.350191 88.239823
90.129909 87.622724
89.906259 87.006890
89.679241 86.392324
89.448856 85.779023
89.215103 85.166988
88.977982 84.556220
88.737494 83.946718
88.493638 83.338483
88.246414 82.731513
87.995822 82.125810
87.741863 81.521373
87.484536 80.918202
87.223842 80.316298
86.959779 79.715660
86.692349 79.116288
86.421552 78.518182
86.147386 77.921343
85.869853 77.325769
85.588952 76.731462
85.304684 76.138422
85.017047 75.546647
84.726043 74.956139
84.431672 74.366897
84.133933 73.778921
83.832826 73.192212
83.528351 72.606768
83.220508 72.022591
82.909298 71.439681
82.594720 70.858036
82.276775 70.277658
81.955462 69.698546
81.630781 69.120700
81.302732 68.544120
80.971316 67.968807
80.636532 67.394760
80.298380 66.821979
79.956861 66.250464
79.611974 65.680216
79.263719 65.111234
78.912096 64.543518
78.557106 63.977068
78.198748 63.411885
77.837022 62.847968
77.471929 62.285317
77.103468 61.723932
76.731639 61.163814
76.356443 60.604962
75.977879 60.047376
75.595947 59.491056
75.210647 58.936003
74.821980 58.382216
74.429945 57.829695
74.034543 57.278440
73.635772 56.728452
73.233634 56.179729
72.828129 55.632273
72.419255 55.086084
72.007014 54.541160
71.591405 53.997503
71.172429 53.455112
70.750084 52.913987
70.324373 52.374129
69.895293 51.835537
69.462846 51.298211
69.027031 50.762151
68.587848 50.227357
68.145297 49.693830
67.699379 49.161569
67.250093 48.630574
66.797440 48.100846
66.341419 47.572383
65.882030 47.045187
65.419273 46.519257
64.953149 45.994594
64.483657 45.471197
64.010797 44.949065
63.534570 44.428201
63.056724 43.909537
62.581538 43.395358
62.109205 42.885769
61.639725 42.380769
61.173099 41.880358
60.709327 41.384537
60.248407 40.893305
59.790342 40.406662
59.335129 39.924609
58.882770 39.447145
58.433265 38.974270
57.986613 38.505984
57.542814 38.042288
57.101869 37.583181
56.663778 37.128663
56.228539 36.678735
55.796154 36.233396
55.366623 35.792646
54.939945 35.356486
54.516121 34.924915
54.095150 34.497933
53.677032 34.075540
53.261768 33.657737
52.849357 33.244523
52.439800 32.835898
52.033096 32.431863
51.629245 32.032417
51.228248 31.637560
50.830105 31.247293
50.434815 30.861614
50.042378 30.480526
49.652795 30.104026
49.266065 29.732116
48.882189 29.364795
48.501166 29.002063
48.122996 28.643921
47.747680 28.290368
47.375218 27.941404
47.005609 27.597029
46.638853 27.257244
46.274951 26.922048
45.913902 26.591442
45.555706 26.265424
45.200365 25.943996
44.847876 25.627158
44.498241 25.314908
44.151459 25.007248
43.807531 24.704177
43.466456 24.405696
43.128235 24.111804
42.792867 23.822501
42.460353 23.537787
42.130692 23.257663
41.803884 22.982128
41.479930 22.711182
41.158829 22.444826
40.840582 22.183059
40.525188 21.925881
40.212648 21.673292
39.902961 21.425293
39.596127 21.181883
39.292147 20.943063
38.991021 20.708831
38.692748 20.479189
38.397328 20.254136
38.104762 20.033673
37.815049 19.817799
37.528189 19.606514
37.244183 19.399819
36.963031 19.197712
36.684732 19.000195
36.409286 18.807268
36.136694 18.618929
35.866955 18.435180
35.600070 18.256021
35.336038 18.081450
35.074859 17.911469
34.816534 17.746077
34.561063 17.585275
34.308445 17.429061
34.058680 17.277437
33.811769 17.130403
33.567711 16.987957
33.326506 16.850101
33.088156 16.716835
32.852658 16.588157
32.620014 16.464069
32.390223 16.344570
32.163286 16.229660
31.939202 16.119340
31.717972 16.013609
31.499595 15.912468
31.284072 15.815915
31.071402 15.723952
30.861585 15.636578
30.654622 15.553794
30.450512 15.475599
30.249256 15.401993
30.050853 15.332976
29.855304 15.268549
29.662608 15.208711
29.472766 15.153462
29.285777 15.102803
29.101641 15.056733
28.920359 15.015252
28.741930 14.978361
28.566355 14.946058
28.393633 14.918345
28.223765 14.895222
28.056750 14.876688
27.892588 14.862743
27.731280 14.853387
27.572825 14.848620
27.417224 14.848443
27.264476 14.852855
27.114582 14.861857
26.967541 14.875448
26.823354 14.893628
26.682020 14.916397
26.543539 14.943756
26.407912 14.975704
26.275138 15.012241
26.145218 15.053368
26.018151 15.099084
25.893938 15.149389
