296.842602 -43.410481
295.714166 -41.508316
294.595046 -39.627204
293.485240 -37.767145
292.384750 -35.928138
291.293574 -34.110183
290.211713 -32.313281
289.139166 -30.537431
288.075935 -28.782634
287.022018 -27.048889
285.977417 -25.336196
284.942130 -23.644556
283.916158 -21.973969
282.899500 -20.324433
281.892158 -18.695951
280.894130 -17.088520
279.905418 -15.502143
278.926020 -13.936817
277.955937 -12.392544
276.995168 -10.869324
276.043715 -9.367155
275.101576 -7.886040
274.168752 -6.425976
273.245243 -4.986966
272.331049 -3.569007
271.426170 -2.172101
270.530606 -0.796248
269.644356 0.558554
268.767421 1.892302
267.899801 3.204999
267.041496 4.496642
266.192506 5.767234
265.352830 7.016773
264.522470 8.245259
263.701424 9.452693
262.889693 10.639075
262.087277 11.804404
261.294175 12.948681
260.510389 14.071905
259.735917 15.174077
258.970760 16.255197
258.214918 17.315264
257.468391 18.354279
256.731179 19.372241
256.003281 20.369150
255.284699 21.345008
254.575431 22.299813
253.875478 23.233565
253.184839 24.146265
252.503516 25.037913
251.831508 25.908508
251.168814 26.758051
250.515435 27.586541
249.871371 28.393979
249.236622 29.180364
248.611187 29.945697
247.995068 30.689978
247.388263 31.413206
246.790773 32.115382
246.202598 32.796505
245.623738 33.456576
245.054193 34.095594
244.493962 34.713560
243.943046 35.310474
243.401445 35.886335
242.869159 36.441144
242.346188 36.974900
241.832532 37.487604
241.328190 37.979255
240.833163 38.449854
240.347451 38.899401
239.871054 39.327895
239.403972 39.735336
238.946205 40.121726
238.497752 40.487062
238.058614 40.831347
237.628791 41.154579
237.208283 41.456758
236.797090 41.737885
236.395212 41.997960
236.002648 42.236982
235.619399 42.454952
235.245465 42.651869
234.880846 42.827734
234.525542 42.982546
234.179552 43.116307
233.842878 43.229014
233.515518 43.320669
233.197473 43.391272
232.888743 43.440822
232.589328 43.469320
232.299227 43.476766
232.018441 43.463159
231.746971 43.428499
231.484815 43.372787
231.231973 43.296023
230.988447 43.198206
230.754236 43.079337
230.529339 42.939416
230.313757 42.778442
230.107490 42.596415
229.910538 42.393336
229.722901 42.169205
229.544578 41.924021
229.375570 41.657785
229.215878 41.370496
229.065500 41.062155
228.924436 40.732762
228.792688 40.382316
228.670255 40.010818
228.557136 39.618267
228.453332 39.204664
228.358843 38.770008
228.273669 38.314300
228.197809 37.837539
228.131265 37.339726
228.074035 36.820861
228.026120 36.280943
227.987520 35.719973
227.958235 35.137950
227.938265 34.534875
227.927609 33.910748
227.926268 33.265568
227.934243 32.599335
227.951531 31.912050
227.977653 31.204437
228.002000 30.492410
228.020233 29.782482
228.032352 29.074652
228.038357 28.368920
228.038248 27.665287
228.032024 26.963751
228.019687 26.264315
228.001236 25.566976
227.976670 24.871736
227.945991 24.178594
227.909198 23.487551
227.866290 22.798606
227.817269 22.111759
227.762133 21.427010
227.700884 20.744360
227.633520 20.063808
227.560043 19.385355
227.480451 18.709000
227.394745 18.034743
227.302926 17.362584
227.204992 16.692524
227.100944 16.024562
226.990782 15.358698
226.874506 14.694933
226.752116 14.033266
226.623613 13.373697
226.488995 12.716227
226.348263 12.060854
226.201417 11.407581
226.048457 10.756405
225.889382 10.107328
225.724194 9.460349
225.552892 8.815469
225.375476 8.172687
225.191946 7.532003
225.002301 6.893417
224.806543 6.256930
224.604671 5.622541
224.396684 4.990250
224.182584 4.360058
223.962370 3.731964
223.736041 3.105969
223.503599 2.482071
223.265042 1.860272
223.020372 1.240572
222.769587 0.622969
222.512688 0.007465
222.249676 -0.605941
221.980549 -1.217248
221.705308 -1.826457
221.423953 -2.433568
221.136484 -3.038580
220.842902 -3.641495
220.543205 -4.242310
220.237394 -4.841028
219.925469 -5.437647
219.607430 -6.032168
219.283277 -6.624591
218.953010 -7.214915
218.616629 -7.803141
218.274134 -8.389268
217.925524 -8.973298
217.570801 -9.555229
217.209964 -10.135061
216.843013 -10.712796
216.469947 -11.288432
216.090768 -11.861969
215.705475 -12.433409
215.314067 -13.002750
214.916546 -13.569993
214.512910 -14.135137
214.103161 -14.698183
213.687297 -15.259131
213.265320 -15.817981
212.837228 -16.374732
212.403022 -16.929385
211.962703 -17.481939
211.516269 -18.032395
211.063721 -18.580753
210.605059 -19.127013
210.140284 -19.671174
209.669394 -20.213237
209.192390 -20.753202
208.709272 -21.291068
208.220040 -21.826836
207.724694 -22.360506
207.223234 -22.892077
206.715660 -23.421550
206.201972 -23.948925
205.682169 -24.474201
205.156253 -24.997380
204.624223 -25.518459
204.086079 -26.037441
203.541821 -26.554324
202.991448 -27.069109
202.434962 -27.581795
201.872361 -28.092384
201.303647 -28.600873
200.728819 -29.107265
200.147876 -29.611558
199.560820 -30.113753
198.967649 -30.613850
198.368364 -31.111848
197.762966 -31.607748
197.151453 -32.101550
196.533826 -32.593253
195.910086 -33.082858
195.280231 -33.570365
194.644262 -34.055773
194.002179 -34.539083
193.353982 -35.020295
192.699671 -35.499409
192.039247 -35.976424
191.372708 -36.451341
190.700055 -36.924159
190.021287 -37.394879
189.336406 -37.863501
188.645411 -38.330025
187.948302 -38.794450
187.245079 -39.256777
186.535742 -39.717005
185.820290 -40.175136
185.098725 -40.631168
184.371046 -41.085101
183.637966 -41.536712
182.903764 -41.984648
182.169153 -42.428685
181.434134 -42.868822
180.698706 -43.305061
179.962869 -43.737400
179.226624 -44.165840
178.489970 -44.590381
177.752908 -45.011023
177.015436 -45.427766
176.277557 -45.840609
175.539268 -46.249553
174.800571 -46.654598
174.061465 -47.055744
173.321951 -47.452991
172.582028 -47.846338
171.841696 -48.235786
171.100956 -48.621335
170.359807 -49.002985
169.618250 -49.380736
168.876283 -49.754587
168.133908 -50.124539
167.391125 -50.490592
166.647933 -50.852746
165.904332 -51.211001
165.160323 -51.565356
164.415904 -51.915813
163.671078 -52.262370
162.925842 -52.605028
162.180198 -52.943786
161.434146 -53.278646
160.687684 -53.609606
159.940814 -53.936667
159.193536 -54.259829
158.445849 -54.579092
157.697753 -54.894455
156.949248 -55.205919
156.200335 -55.513485
155.451013 -55.817150
154.701283 -56.116917
153.951144 -56.412785
153.200596 -56.704753
152.449640 -56.992822
151.698275 -57.276992
150.946501 -57.557263
150.194319 -57.833634
149.441728 -58.106107
148.688728 -58.374680
147.935320 -58.639354
147.181503 -58.900129
146.427278 -59.157004
145.672643 -59.409981
144.917601 -59.659058
144.162149 -59.904236
143.406289 -60.145514
142.650020 -60.382894
141.893343 -60.616374
141.136257 -60.845956
140.378762 -61.071638
139.620859 -61.293421
138.862547 -61.511304
138.103826 -61.725289
137.344697 -61.935374
136.585159 -62.141560
135.825213 -62.343847
135.064858 -62.542234
134.304094 -62.736723
133.542921 -62.927312
132.781340 -63.114002
132.019351 -63.296793
131.256952 -63.475685
130.494145 -63.650677
129.730930 -63.821770
128.967305 -63.988964
128.203272 -64.152259
127.438831 -64.311655
126.673980 -64.467151
125.908722 -64.618749
125.143054 -64.766447
124.376978 -64.910246
123.610493 -65.050145
122.843600 -65.186146
122.076298 -65.318247
121.308587 -65.446449
120.540467 -65.570752
119.771939 -65.691156
119.003003 -65.807661
118.233657 -65.920266
117.463903 -66.028972
116.693741 -66.133779
115.923170 -66.234687
115.152190 -66.331695
114.380801 -66.424805
113.609004 -66.514015
112.836798 -66.599326
112.064184 -66.680738
111.291161 -66.758250
110.517729 -66.831864
109.743889 -66.901578
108.969640 -66.967393
108.194982 -67.029309
107.419916 -67.087325
106.644441 -67.141443
105.868557 -67.191661
105.092265 -67.237980
104.315564 -67.280400
103.538454 -67.318920
102.760936 -67.353542
101.983009 -67.384264
101.204674 -67.411087
100.425930 -67.434011
99.646777 -67.453036
98.867216 -67.468161
98.087246 -67.479387
97.306867 -67.486715
96.526080 -67.490142
95.744884 -67.489671
94.963279 -67.485301
94.181266 -67.477031
93.398844 -67.464862
92.616013 -67.448794
91.832774 -67.428827
91.049127 -67.404960
90.265070 -67.377194
89.480605 -67.345530
88.696825 -67.307929
87.916402 -67.259417
87.139459 -67.199766
86.365995 -67.128977
85.596010 -67.047049
84.829505 -66.953982
84.066479 -66.849777
83.306932 -66.734433
82.550865 -66.607951
81.798277 -66.470331
81.049168 -66.321572
80.303538 -66.161674
79.561388 -65.990638
78.822717 -65.808463
78.087525 -65.615150
77.355812 -65.410698
76.627579 -65.195108
75.902825 -64.968379
75.181551 -64.730512
74.463755 -64.481506
73.749439 -64.221361
73.038602 -63.950078
72.331245 -63.667657
71.627367 -63.374097
70.926968 -63.069399
70.230048 -62.753562
69.536608 -62.426586
68.846647 -62.088472
68.160165 -61.739220
67.477162 -61.378829
66.797639 -61.007299
66.121595 -60.624631
65.449031 -60.230824
64.779945 -59.825879
64.114339 -59.409795
63.452212 -58.982573
62.793565 -58.544212
62.138397 -58.094713
61.486708 -57.634075
60.838498 -57.162299
60.193768 -56.679384
59.552517 -56.185331
58.914745 -55.680139
58.280452 -55.163808
57.649639 -54.636340
57.022305 -54.097732
56.398451 -53.547986
55.778075 -52.987102
55.161179 -52.415079
54.547762 -51.831917
53.937825 -51.237617
53.331366 -50.632178
52.728388 -50.015601
52.128888 -49.387886
51.532867 -48.749031
50.940326 -48.099039
50.351265 -47.437908
49.765682 -46.765638
49.183579 -46.082230
48.604955 -45.387683
48.029810 -44.681997
47.458145 -43.965174
46.889959 -43.237211
46.325252 -42.498110
45.764024 -41.747871
45.206276 -40.986493
44.652007 -40.213977
44.101217 -39.430322
43.553907 -38.635528
43.010076 -37.829596
42.469724 -37.012526
41.932852 -36.184317
41.399458 -35.344969
40.869544 -34.494483
40.343110 -33.632858
39.820154 -32.760095
39.300678 -31.876194
38.784681 -30.981153
38.272164 -30.074975
37.763126 -29.157657
37.257567 -28.229202
36.755487 -27.289607
36.256886 -26.338874
35.761765 -25.377003
35.270124 -24.403993
34.781961 -23.419845
34.297278 -22.424558
33.816074 -21.418133
33.338349 -20.400569
32.864104 -19.371866
32.393337 -18.332025
31.926051 -17.281046
31.462243 -16.218928
31.001915 -15.145671
30.545066 -14.061276
30.091696 -12.965742
29.641806 -11.859070
29.195395 -10.741260
28.752463 -9.612310
28.313010 -8.472223
27.877037 -7.320996
27.444543 -6.158632
27.015528 -4.985128
26.589993 -3.800487
26.167937 -2.604706
25.749360 -1.397787
25.334262 -0.179730
24.922644 1.049466
24.514505 2.289800
24.109845 3.541273
23.708665 4.803885
23.310964 6.077635
22.916742 7.362523
22.525999 8.658550
22.138736 9.965716
21.754952 11.284020
21.374647 12.613462
20.997822 13.954044
20.624476 15.305763
20.254609 16.668621
19.888221 18.042618
19.525313 19.427753
19.165884 20.824027
18.809934 22.231439
18.457464 23.649990
