275.388734 -119.000190
273.987143 -114.415094
272.596100 -109.885008
271.215604 -105.409930
269.845655 -100.989862
268.486254 -96.624803
267.137400 -92.314754
265.799093 -88.059714
264.471334 -83.859683
263.154122 -79.714661
261.847458 -75.624649
260.551341 -71.589646
259.265771 -67.609652
257.990749 -63.684668
256.726274 -59.814693
255.472347 -55.999727
254.228967 -52.239770
252.996134 -48.534823
251.773849 -44.884885
250.562111 -41.289956
249.360920 -37.750037
248.170277 -34.265127
246.990181 -30.835226
245.820633 -27.460335
244.661632 -24.140453
243.513178 -20.875580
242.375272 -17.665716
241.247913 -14.510862
240.131102 -11.411017
239.024837 -8.366181
237.929121 -5.376355
236.843951 -2.441538
235.769329 0.438270
234.705255 3.263069
233.651728 6.032858
232.608748 8.747638
231.576315 11.407409
230.554430 14.012170
229.543092 16.561922
228.542302 19.056665
227.552059 21.496398
226.572364 23.881122
225.603215 26.210837
224.644615 28.485543
223.696561 30.705239
222.759055 32.869926
221.832096 34.979604
220.915685 37.034272
220.009821 39.033931
219.114505 40.978581
218.229736 42.868222
217.355514 44.702853
216.491840 46.482475
215.638713 48.207087
214.796133 49.876691
213.964101 51.491285
213.142616 53.050870
212.331678 54.555445
211.531288 56.005011
210.741446 57.399568
209.962150 58.739116
209.193402 60.023654
208.435202 61.253183
207.687549 62.427703
206.950443 63.547213
206.223884 64.611714
205.507873 65.621206
204.802410 66.575688
204.107493 67.475162
203.423124 68.319626
202.749303 69.109080
202.086029 69.843525
201.433302 70.522962
200.791123 71.147388
200.159491 71.716806
199.538406 72.231214
198.927869 72.690613
198.327879 73.095002
197.738436 73.444383
197.159541 73.738754
196.591194 73.978115
196.033393 74.162468
195.486140 74.291811
194.949435 74.366144
194.423277 74.385469
193.907666 74.349784
193.402602 74.259090
192.908086 74.113387
192.424118 73.912674
191.950696 73.656952
191.487822 73.346221
191.035496 72.980480
190.593717 72.559730
190.162485 72.083971
189.741801 71.553203
189.331664 70.967425
188.932074 70.326638
188.543032 69.630842
188.164537 68.880036
187.796589 68.074221
187.439189 67.213397
187.092337 66.297563
186.756031 65.326720
186.430273 64.300868
186.115063 63.220007
185.810399 62.084136
185.516284 60.893256
185.232715 59.647367
184.959694 58.346468
184.697220 56.990561
184.445294 55.579643
184.203915 54.113717
183.973084 52.592781
183.752800 51.016836
183.543063 49.385882
183.343873 47.699918
183.155231 45.958945
182.977137 44.162963
182.809590 42.311971
182.652590 40.405971
182.506137 38.444960
182.370232 36.428941
182.244874 34.357912
182.130064 32.231874
182.025801 30.050827
181.931706 27.817375
181.839439 25.588821
181.745588 23.388608
181.650152 21.216735
181.553132 19.073202
181.454527 16.958009
181.354338 14.871156
181.252564 12.812644
181.149206 10.782472
181.044264 8.780640
180.937737 6.807149
180.829626 4.861997
180.719930 2.945186
180.608650 1.056715
180.495786 -0.803415
180.381337 -2.635206
180.265304 -4.438656
180.147686 -6.213766
180.028484 -7.960535
179.907697 -9.678965
179.785326 -11.369054
179.661371 -13.030803
179.535831 -14.664211
179.408707 -16.269280
179.279998 -17.846008
179.149705 -19.394396
179.017828 -20.914444
178.884366 -22.406151
178.749319 -23.869518
178.612689 -25.304545
178.474474 -26.711232
178.334674 -28.089579
178.193290 -29.439585
178.050322 -30.761251
177.905769 -32.054577
177.759632 -33.319562
177.611910 -34.556208
177.462604 -35.764513
177.311714 -36.944477
177.159239 -38.096102
177.005179 -39.219386
176.849536 -40.314331
176.692308 -41.380934
176.533495 -42.419198
176.373098 -43.429121
176.211117 -44.410705
176.047551 -45.363947
175.882401 -46.288850
175.715666 -47.185413
175.547347 -48.053635
175.377444 -48.893517
175.205956 -49.705058
175.032883 -50.488260
174.858227 -51.243121
174.681986 -51.969642
174.504160 -52.667823
174.324750 -53.337663
174.143756 -53.979163
173.961177 -54.592323
173.777014 -55.177143
173.591266 -55.733623
173.403934 -56.261762
173.215018 -56.761561
173.024517 -57.233020
172.832431 -57.676139
172.638762 -58.090917
172.443508 -58.477355
172.246669 -58.835453
172.048246 -59.165210
171.848239 -59.466628
171.646647 -59.739705
171.443471 -59.984442
171.238710 -60.200838
171.032365 -60.388895
170.824436 -60.548611
170.614922 -60.679987
170.403824 -60.783023
170.191141 -60.857718
169.976874 -60.904073
169.761022 -60.922088
169.543586 -60.911763
169.324566 -60.873097
169.103961 -60.806092
168.881772 -60.710746
168.657998 -60.587059
168.432640 -60.435033
168.205698 -60.254666
167.977171 -60.045959
167.747060 -59.808912
167.515364 -59.543525
167.282084 -59.249797
167.047219 -58.927729
166.810770 -58.577321
166.572737 -58.198572
166.333119 -57.791484
166.091917 -57.356055
165.849130 -56.892286
165.604759 -56.400176
165.358804 -55.879727
165.111264 -55.330937
164.862140 -54.753807
164.611431 -54.148336
164.359138 -53.514526
164.105260 -52.852375
163.849798 -52.161884
163.592752 -51.443053
163.334121 -50.695881
163.073906 -49.920369
162.812107 -49.116517
162.548722 -48.284325
162.283754 -47.423793
162.017201 -46.534920
161.749064 -45.617707
161.479342 -44.672154
161.208036 -43.698260
160.935146 -42.696026
160.660671 -41.665452
160.384611 -40.606538
160.106967 -39.519284
159.827739 -38.403689
159.546927 -37.259754
159.264530 -36.087479
158.980548 -34.886864
158.694982 -33.657908
158.407832 -32.400612
158.119073 -31.119975
157.828558 -29.845987
157.536264 -28.583647
157.242190 -27.332955
156.946336 -26.093911
156.648703 -24.866515
156.349289 -23.650767
156.048096 -22.446668
155.745123 -21.254216
155.440370 -20.073413
155.133837 -18.904257
154.825525 -17.746750
154.515433 -16.600890
154.203561 -15.466679
153.889909 -14.344116
153.574477 -13.233201
153.257266 -12.133934
152.938275 -11.046315
152.617504 -9.970344
152.294953 -8.906021
151.970623 -7.853346
151.644512 -6.812319
151.316622 -5.782941
150.986952 -4.765210
150.655503 -3.759127
150.322273 -2.764693
149.987264 -1.781907
149.650475 -0.810768
149.311906 0.148722
148.971557 1.096564
148.629429 2.032759
148.285520 2.957305
147.939832 3.870203
147.592364 4.771453
147.243117 5.661055
146.892089 6.539008
146.539282 7.405314
146.184695 8.259972
145.828328 9.102982
145.470182 9.934343
145.110255 10.754057
144.748549 11.562122
144.385063 12.358540
144.019797 13.143309
143.652752 13.916430
143.283926 14.677903
142.913321 15.427728
142.540936 16.165906
142.166772 16.892435
141.790827 17.607315
141.413103 18.310548
141.033599 19.002133
140.652315 19.682070
140.269251 20.350359
139.884408 21.006999
139.497784 21.651992
139.109381 22.285336
138.719198 22.907033
138.327236 23.517081
137.933493 24.115481
137.537971 24.702234
137.140669 25.277338
136.741587 25.840794
136.340725 26.392602
135.938084 26.932762
135.533663 27.461274
135.127462 27.978138
134.719481 28.483353
134.309720 28.976921
133.898180 29.458841
133.484860 29.929112
133.069760 30.387736
132.652880 30.834711
132.234221 31.270039
131.813781 31.693718
131.391562 32.105749
130.967563 32.506132
130.541784 32.894867
130.114226 33.271955
129.684888 33.637393
129.253769 33.991184
128.820872 34.333327
128.386194 34.663822
127.949736 34.982669
127.511499 35.289868
127.071482 35.585418
126.629685 35.869321
126.186109 36.141575
125.740752 36.402182
125.293616 36.651140
124.844700 36.888450
124.394004 37.114112
123.941528 37.328127
123.487273 37.530493
123.031238 37.721211
122.573423 37.900281
122.113828 38.067703
121.652453 38.223476
121.189299 38.367602
120.724365 38.500080
120.257651 38.620909
119.789157 38.730091
119.318884 38.827625
118.846830 38.913510
118.372997 38.987747
117.897384 39.050337
117.419992 39.101278
116.940819 39.140571
116.459867 39.168216
115.977135 39.184213
115.492623 39.188562
115.006331 39.181263
114.518260 39.162316
114.028408 39.131721
113.536777 39.089478
113.043367 39.035586
112.548176 38.970047
112.051205 38.892859
111.552455 38.804024
111.051925 38.703540
110.549615 38.591409
110.045526 38.467629
109.539656 38.332201
109.032007 38.185125
108.522578 38.026401
108.011318 37.858902
107.498102 37.689647
106.982923 37.518958
106.465782 37.346832
105.946679 37.173272
105.425614 36.998276
104.902587 36.821844
104.377598 36.643977
103.850646 36.464675
103.321733 36.283937
102.790857 36.101763
102.258019 35.918154
101.723219 35.733110
101.186457 35.546630
100.647732 35.358715
100.107046 35.169364
99.564397 34.978578
99.019786 34.786357
98.473213 34.592700
97.924678 34.397607
97.374181 34.201079
96.821722 34.003116
96.267300 33.803717
95.710916 33.602883
95.152571 33.400613
94.592263 33.196908
94.029993 32.991767
93.465760 32.785191
92.899566 32.577179
92.331410 32.367732
91.761291 32.156850
91.189210 31.944532
90.615167 31.730779
90.039162 31.515590
89.461195 31.298965
88.881266 31.080906
88.299374 30.861410
87.715520 30.640480
87.129705 30.418114
86.541927 30.194312
85.952187 29.969075
85.360484 29.742402
84.766820 29.514294
84.171194 29.284751
83.573605 29.053772
82.974054 28.821358
82.372541 28.587508
81.769066 28.352223
81.163629 28.115502
80.556229 27.877346
79.946868 27.637754
79.335544 27.396727
78.722259 27.154265
78.107011 26.910367
77.489801 26.665033
76.870628 26.418265
76.249494 26.170060
75.626397 25.920420
75.001339 25.669345
74.374318 25.416835
73.745335 25.162888
73.114390 24.907507
72.481483 24.650690
71.846613 24.392437
71.209782 24.132749
70.570988 23.871626
69.930232 23.609067
69.287514 23.345073
68.642834 23.079643
67.996192 22.812778
67.347588 22.544477
66.697021 22.274741
66.044493 22.003569
65.390002 21.730962
64.733549 21.456919
64.075134 21.181441
63.414757 20.904528
62.752417 20.626179
62.088116 20.346395
61.421852 20.065175
60.753626 19.782520
60.083438 19.498429
59.411288 19.212903
58.737176 18.925941
58.061102 18.637544
57.383065 18.347712
56.703067 18.056444
56.021106 17.763740
55.337183 17.469601
54.651298 17.174027
53.963450 16.877017
53.273641 16.578572
52.581870 16.278691
51.888136 15.977375
51.192440 15.674623
50.494782 15.370436
49.795162 15.064814
49.093580 14.757756
48.390036 14.449262
47.684529 14.139333
46.977060 13.827969
46.267630 13.515169
45.556237 13.200934
44.842882 12.885263
44.127564 12.568157
43.410285 12.249615
42.691043 11.929638
41.969840 11.608226
41.246674 11.285378
40.521546 10.961094
39.794456 10.635375
39.065404 10.308221
38.334389 9.979631
37.601413 9.649606
36.866474 9.318145
36.129573 8.985249
35.390710 8.650917
34.649885 8.315150
33.907098 7.977947
33.162349 7.639309
32.415637 7.299236
31.666964 6.957727
30.916328 6.614783
30.163730 6.270403
29.409170 5.924587
