290.206882 76.026087
290.025027 75.228917
289.838070 74.442014
289.646010 73.665379
289.448846 72.899011
289.246579 72.142910
289.039209 71.397076
288.826736 70.661510
288.609160 69.936211
288.386480 69.221179
288.158698 68.516414
287.925812 67.821917
287.687823 67.137686
287.444731 66.463723
287.196536 65.800028
286.943237 65.146599
286.684836 64.503438
286.421331 63.870544
286.152724 63.247917
285.879013 62.635558
285.600198 62.033465
285.316281 61.441640
285.027261 60.860082
284.733137 60.288792
284.433911 59.727768
284.129581 59.177012
283.820148 58.636523
283.505611 58.106302
283.185972 57.586347
282.861230 57.076660
282.531384 56.577240
282.196435 56.088088
281.856383 55.609202
281.511228 55.140584
281.160970 54.682233
280.805609 54.234149
280.445144 53.796333
280.079576 53.368784
279.708906 52.951502
279.333132 52.544487
278.952255 52.147739
278.566274 51.761259
278.175191 51.385046
277.779004 51.019100
277.377714 50.663422
276.971322 50.318010
276.559825 49.982866
276.143226 49.657989
275.721524 49.343380
275.294718 49.039037
274.862810 48.744962
274.425798 48.461154
273.983683 48.187614
273.536465 47.924340
273.084144 47.671334
272.626719 47.428595
272.164192 47.196123
271.696561 46.973919
271.223827 46.761982
270.745990 46.560312
270.263050 46.368909
269.775006 46.187773
269.281860 46.016905
268.783610 45.856304
268.280257 45.705970
267.771802 45.565904
267.258242 45.436104
266.739580 45.316572
266.215815 45.207307
265.686946 45.108310
265.152975 45.019579
264.613900 44.941116
264.069722 44.872920
263.520441 44.814992
262.966056 44.767330
262.406569 44.729936
261.841978 44.702809
261.272284 44.685949
260.697487 44.679357
260.117587 44.683032
259.532584 44.696974
258.942478 44.721183
258.347268 44.755659
257.746956 44.800403
257.141540 44.855414
256.531021 44.920692
255.915399 44.996238
255.294673 45.082050
254.668845 45.178130
254.037913 45.284477
253.401879 45.401092
252.760741 45.527973
252.114500 45.665122
251.463155 45.812538
250.806708 45.970222
250.145158 46.138172
249.478504 46.316390
248.806747 46.504875
248.129887 46.703628
247.447924 46.912647
246.760858 47.131934
246.068688 47.361488
245.371416 47.601309
244.669040 47.851398
243.961561 48.111753
243.248979 48.382376
242.531294 48.663267
241.808506 48.954424
241.080614 49.255849
240.347620 49.567541
239.609522 49.889500
238.866321 50.221726
238.118017 50.564220
237.364610 50.916981
236.606099 51.280009
235.842486 51.653304
235.073769 52.036867
234.299949 52.430697
233.521026 52.834794
232.737000 53.249158
231.947871 53.673790
231.153638 54.108688
230.354303 54.553854
229.549864 55.009288
228.740322 55.474988
227.925919 55.950355
227.111986 56.422170
226.300702 56.885027
225.492068 57.338924
224.686084 57.783862
223.882750 58.219842
223.082065 58.646862
222.284030 59.064924
221.488645 59.474026
220.695910 59.874169
219.905825 60.265354
219.118390 60.647579
218.333604 61.020846
217.551468 61.385153
216.771982 61.740502
215.995145 62.086891
215.220959 62.424322
214.449422 62.752793
213.680535 63.072306
212.914298 63.382860
212.150711 63.684454
211.389773 63.977090
210.631486 64.260766
209.875848 64.535484
209.122860 64.801243
208.372521 65.058042
207.624833 65.305883
206.879794 65.544765
206.137405 65.774687
205.397666 65.995651
204.660577 66.207656
203.926137 66.410702
203.194348 66.604788
202.465208 66.789916
201.738718 66.966085
201.014877 67.133295
200.293687 67.291546
199.575146 67.440838
198.859255 67.581170
198.146014 67.712544
197.435423 67.834959
196.727481 67.948415
196.022189 68.052912
195.319548 68.148450
194.619555 68.235029
193.922213 68.312649
193.227521 68.381310
192.535478 68.441012
191.846085 68.491755
191.159342 68.533539
190.475248 68.566364
189.793805 68.590230
189.115011 68.605137
188.438867 68.611085
187.765373 68.608074
187.094529 68.596104
186.426334 68.575175
185.760790 68.545288
185.097895 68.506441
184.437650 68.458635
183.780054 68.401870
183.125109 68.336146
182.472813 68.261463
181.823167 68.177822
181.176171 68.085221
180.531825 67.983661
179.890128 67.873142
179.251081 67.753665
178.614684 67.625228
177.980937 67.487832
177.349840 67.341478
176.721392 67.186164
176.095595 67.021891
175.472447 66.848660
174.851949 66.666469
174.234100 66.475320
173.618902 66.275211
173.006353 66.066143
172.396454 65.848117
171.789205 65.621131
171.184606 65.385187
170.582656 65.140283
169.983356 64.886421
169.386706 64.623599
168.792706 64.351819
168.201356 64.071079
167.612655 63.781381
167.026605 63.482724
166.443204 63.175107
165.862453 62.858532
165.284351 62.532997
164.708900 62.198504
164.136098 61.855052
163.565946 61.502640
162.998444 61.141270
162.433592 60.770941
161.871389 60.391652
161.311836 60.003405
160.754933 59.606199
160.200680 59.200034
159.649077 58.784909
159.100123 58.360826
158.553820 57.927784
158.010166 57.485783
157.469162 57.034823
156.930807 56.574904
156.395103 56.106025
155.862048 55.628188
155.331643 55.141392
154.803888 54.645637
154.278783 54.140923
153.756327 53.627250
153.236521 53.104618
152.719365 52.573027
152.204859 52.032477
151.693003 51.482968
151.183796 50.924500
150.677239 50.357073
150.173333 49.780687
149.672075 49.195342
149.173468 48.601038
148.677510 47.997775
148.184203 47.385553
147.693545 46.764372
147.205537 46.134232
146.719648 45.496757
146.232693 44.861687
145.744142 44.230647
145.253996 43.603635
144.762253 42.980653
144.268913 42.361700
143.773978 41.746776
143.277447 41.135882
142.779319 40.529016
142.279595 39.926180
141.778275 39.327372
141.275359 38.732594
140.770847 38.141845
140.264739 37.555126
139.757034 36.972435
139.247734 36.393774
138.736837 35.819141
138.224344 35.248538
137.710255 34.681964
137.194569 34.119420
136.677288 33.560904
136.158410 33.006418
135.637936 32.455960
135.115866 31.909532
134.592200 31.367133
134.066938 30.828764
133.540080 30.294423
133.011625 29.764112
132.481574 29.237829
131.949927 28.715576
131.416684 28.197352
130.881845 27.683157
130.345410 27.172992
129.807378 26.666855
129.267751 26.164748
128.726527 25.666670
128.183707 25.172621
127.639291 24.682601
127.093278 24.196610
126.545670 23.714649
125.996465 23.236717
125.445665 22.762814
124.893268 22.292940
124.339275 21.827095
123.783685 21.365279
123.226500 20.907493
122.667719 20.453735
122.107341 20.004007
121.545367 19.558308
120.981797 19.116638
120.416631 18.678997
119.849869 18.245386
119.281510 17.815804
118.711555 17.390250
118.140005 16.968726
117.566858 16.551231
116.992115 16.137766
116.415775 15.728329
115.837840 15.322922
115.258308 14.921544
114.677181 14.524195
114.094457 14.130875
113.510137 13.741584
112.924221 13.356322
112.336708 12.975090
111.747600 12.597887
111.156895 12.224713
110.564594 11.855568
109.970697 11.490452
109.375204 11.129365
108.778115 10.772308
108.179429 10.419280
107.579148 10.070281
106.977270 9.725311
106.373796 9.384370
105.768726 9.047458
105.162060 8.714576
104.553797 8.385723
103.943939 8.060899
103.332484 7.740104
102.719433 7.423338
102.104786 7.110601
101.488543 6.801894
100.870704 6.497216
100.251268 6.196566
99.630237 5.899946
99.007609 5.607356
98.383385 5.318794
97.757565 5.034262
97.130149 4.753758
96.501136 4.477284
95.870528 4.204839
95.238323 3.936423
94.604522 3.672037
93.969125 3.411679
93.332132 3.155351
92.693543 2.903052
92.053357 2.654782
91.411575 2.410541
90.768198 2.170329
90.123224 1.934147
89.476654 1.701993
88.828487 1.473869
88.178725 1.249774
87.527366 1.029708
86.874411 0.813672
86.219861 0.601664
85.563713 0.393686
84.905970 0.189736
84.246631 -0.010184
83.585695 -0.206075
82.923164 -0.397936
82.259036 -0.585769
81.593312 -0.769572
80.925992 -0.949346
80.257075 -1.125091
79.586563 -1.296807
78.914454 -1.464494
78.240749 -1.628152
77.565448 -1.787780
76.888551 -1.943379
76.210058 -2.094949
75.529969 -2.242490
74.848283 -2.386002
74.165001 -2.525485
73.481911 -2.661926
72.803381 -2.797744
72.129611 -2.933046
71.460600 -3.067833
70.796349 -3.202105
70.136857 -3.335863
69.482124 -3.469105
68.832150 -3.601833
68.186936 -3.734046
67.546482 -3.865744
66.910787 -3.996927
66.279851 -4.127595
65.653674 -4.257748
65.032257 -4.387386
64.415599 -4.516510
63.803701 -4.645118
63.196562 -4.773212
62.594182 -4.900791
61.996562 -5.027854
61.403701 -5.154403
60.815599 -5.280437
60.232257 -5.405957
59.653674 -5.530961
59.079851 -5.655450
58.510787 -5.779424
57.946482 -5.902884
57.386937 -6.025829
56.832151 -6.148258
56.282124 -6.270173
55.736857 -6.391573
55.196349 -6.512458
54.660600 -6.632828
54.129611 -6.752683
53.603382 -6.872024
53.081911 -6.990849
52.565200 -7.109160
52.053249 -7.226955
51.546056 -7.344236
51.043623 -7.461002
50.545950 -7.577253
50.053036 -7.692989
49.564881 -7.808210
49.081486 -7.922916
48.602850 -8.037107
48.128973 -8.150784
47.659856 -8.263945
47.195498 -8.376592
46.735899 -8.488724
46.281060 -8.600341
45.830980 -8.711442
45.385660 -8.822029
44.945099 -8.932102
44.509297 -9.041659
44.078255 -9.150701
43.651972 -9.259229
43.230448 -9.367241
42.813684 -9.474739
42.401679 -9.581722
41.994434 -9.688189
41.591948 -9.794142
41.194221 -9.899580
40.801254 -10.004503
40.413046 -10.108912
40.029597 -10.212805
39.650908 -10.316183
39.276978 -10.419047
38.907807 -10.521396
38.543396 -10.623229
38.183745 -10.724548
37.828852 -10.825352
37.478719 -10.925641
37.133346 -11.025415
36.792731 -11.124675
36.456876 -11.223419
36.125781 -11.321648
35.799445 -11.419363
35.477868 -11.516563
35.161051 -11.613247
34.848993 -11.709417
34.541694 -11.805072
34.239155 -11.900212
33.941375 -11.994837
33.648354 -12.088948
33.360093 -12.182543
33.076591 -12.275624
32.797849 -12.368189
32.523866 -12.460240
32.254642 -12.551775
31.990178 -12.642796
31.730473 -12.733302
31.475527 -12.823293
31.225341 -12.912770
30.979914 -13.001731
30.739247 -13.090177
30.503339 -13.178109
30.272190 -13.265525
30.045801 -13.352427
29.824171 -13.438814
29.607300 -13.524686
29.395189 -13.610042
29.187837 -13.694885
28.985244 -13.779212
28.787411 -13.863024
28.594338 -13.946321
28.406023 -14.029104
28.222468 -14.111371
28.043673 -14.193124
27.869636 -14.274362
27.700359 -14.355085
27.535842 -14.435293
27.376084 -14.514986
27.221085 -14.594164
27.070846 -14.672827
26.925366 -14.750976
26.784645 -14.828609
26.648684 -14.905728
26.517482 -14.982331
26.391039 -15.058420
26.269356 -15.133994
26.152432 -15.209053
26.040268 -15.283597
25.932863 -15.357626
25.830217 -15.431141
25.732331 -15.504140
25.639204 -15.576625
