273.485586 123.311128
273.291887 119.431524
273.092921 115.598822
272.888686 111.813023
272.679184 108.074126
272.464413 104.382131
272.244374 100.737038
272.019067 97.138847
271.788492 93.587559
271.552649 90.083173
271.311538 86.625689
271.065159 83.215107
270.813512 79.851427
270.556597 76.534650
270.294414 73.264774
270.026963 70.041801
269.754243 66.865730
269.476256 63.736562
269.193001 60.654295
268.904477 57.618931
268.610686 54.630469
268.311626 51.688909
268.007298 48.794251
267.697703 45.946495
267.382839 43.145642
267.062707 40.391691
266.737308 37.684641
266.406640 35.024495
266.070704 32.411250
265.729500 29.844908
265.383028 27.325467
265.031288 24.852929
264.674280 22.427293
264.312004 20.048560
263.944460 17.716728
263.571647 15.431799
263.193567 13.193771
262.810219 11.002647
262.421602 8.858424
262.027718 6.761103
261.628565 4.710685
261.224145 2.707169
260.814456 0.750555
260.399500 -1.159157
259.979275 -3.021967
259.553782 -4.837874
259.123022 -6.606880
258.686993 -8.328983
258.245696 -10.004184
257.799131 -11.632482
257.347298 -13.213879
256.890197 -14.748373
256.427828 -16.235965
255.960191 -17.676655
255.487286 -19.070443
255.009113 -20.417329
254.525671 -21.717312
254.036962 -22.970393
253.542985 -24.176572
253.043739 -25.335849
252.539226 -26.448224
252.029444 -27.513696
251.514395 -28.532266
250.994077 -29.503934
250.468491 -30.428700
249.937638 -31.306564
249.401516 -32.137525
248.860126 -32.921585
248.313468 -33.658742
247.761542 -34.348997
247.204349 -34.992349
246.641887 -35.588800
246.074157 -36.138348
245.501158 -36.640994
244.922892 -37.096738
244.339358 -37.505580
243.750556 -37.867520
243.156486 -38.182557
242.557147 -38.450692
241.952541 -38.671926
241.342666 -38.846256
240.727524 -38.973685
240.107113 -39.054212
239.481435 -39.087836
238.850488 -39.074558
238.214274 -39.014378
237.572791 -38.907296
236.926040 -38.753311
236.274021 -38.552424
235.616734 -38.304636
234.954179 -38.009945
234.286356 -37.668351
233.613265 -37.279856
232.934906 -36.844458
232.251279 -36.362158
231.562384 -35.832956
230.868221 -35.256852
230.168790 -34.633846
229.464090 -33.963937
228.754123 -33.247127
228.038887 -32.483414
227.318384 -31.672799
226.592612 -30.815281
225.861573 -29.910862
225.125265 -28.959540
224.383690 -27.961316
223.636846 -26.916190
222.884734 -25.824162
222.127354 -24.685232
221.364706 -23.499399
220.596791 -22.266664
219.823607 -20.987027
219.045155 -19.660488
218.261435 -18.287047
217.472446 -16.866703
216.678190 -15.399457
215.878666 -13.885309
215.073874 -12.324259
214.263814 -10.716307
213.448485 -9.061452
212.627889 -7.359696
211.802024 -5.611037
210.970892 -3.815476
210.134491 -1.973012
209.292823 -0.083647
208.446151 1.850577
207.600316 3.784709
206.757703 5.700360
205.918315 7.597528
205.082150 9.476215
204.249209 11.336421
203.419491 13.178145
202.592997 15.001387
201.769727 16.806147
200.949681 18.592426
200.132858 20.360224
199.319259 22.109539
198.508883 23.840373
197.701732 25.552726
196.897804 27.246597
196.097099 28.921986
195.299618 30.578893
194.505361 32.217319
193.714328 33.837264
192.926518 35.438726
192.141932 37.021707
191.360570 38.586207
190.582431 40.132225
189.807516 41.659761
189.035825 43.168815
188.267357 44.659388
187.502113 46.131479
186.740093 47.585089
185.981297 49.020217
185.225724 50.436863
184.473374 51.835028
183.724249 53.214711
182.978347 54.575913
182.235669 55.918633
181.496214 57.242871
180.759983 58.548628
180.026976 59.835903
179.297193 61.104696
178.570633 62.355008
177.847297 63.586838
177.127184 64.800186
176.410295 65.995053
175.696630 67.171438
174.986189 68.329342
174.278971 69.468764
173.574977 70.589704
172.874207 71.692163
172.176660 72.776140
171.482337 73.841635
170.791237 74.888649
170.103362 75.917181
169.418710 76.927232
168.737281 77.918801
168.059077 78.891888
167.384096 79.846494
166.712339 80.782618
166.043805 81.700260
165.378495 82.599421
164.716409 83.480100
164.057546 84.342298
163.401907 85.186014
162.749492 86.011248
162.100300 86.818001
161.454332 87.606272
160.811588 88.376061
160.172068 89.127369
159.535771 89.860195
158.902698 90.574540
158.272848 91.270403
157.646222 91.947784
157.022820 92.606684
156.402642 93.247102
155.785687 93.869038
155.171956 94.472493
154.561449 95.057466
153.954165 95.623957
153.350105 96.171967
152.749268 96.701495
152.151656 97.212542
151.557267 97.705107
150.966101 98.179190
150.378160 98.634792
149.793442 99.071912
149.211947 99.490551
148.633677 99.890708
148.058630 100.272383
147.486806 100.635576
146.918207 100.980288
146.352831 101.306519
145.790678 101.614267
145.231750 101.903534
144.676045 102.174320
144.123564 102.426624
143.574306 102.660446
143.028272 102.875787
142.485462 103.072645
141.945876 103.251023
141.409513 103.410918
140.876374 103.552333
140.346458 103.675265
139.819766 103.779716
139.296298 103.865685
138.776054 103.933173
138.259033 103.982178
137.745236 104.012703
137.234662 104.024745
136.727313 104.018306
136.223187 103.993386
135.722284 103.949984
135.224606 103.888100
134.730151 103.807734
134.238919 103.708887
133.750911 103.591558
133.266127 103.455748
132.784567 103.301456
132.306231 103.128682
131.831118 102.937427
131.359228 102.727690
130.890563 102.499472
130.425121 102.252772
129.962902 101.987590
129.503908 101.703927
129.048137 101.401782
128.595590 101.081155
128.146266 100.742047
127.699561 100.386287
127.251842 100.024855
126.802503 99.659581
126.351545 99.290465
125.898967 98.917507
125.444770 98.540707
124.988954 98.160065
124.531518 97.775581
124.072463 97.387255
123.611789 96.995086
123.149495 96.599076
122.685581 96.199224
122.220048 95.795530
121.752896 95.387993
121.284124 94.976615
120.813733 94.561395
120.341723 94.142332
119.868093 93.719428
119.392843 93.292681
118.915975 92.862093
118.437487 92.427662
117.957379 91.989390
117.475652 91.547275
116.992306 91.101319
116.507340 90.651520
116.020755 90.197879
115.532550 89.740397
115.042726 89.279072
114.551282 88.813905
114.058219 88.344896
113.563537 87.872046
113.067235 87.395353
112.569314 86.914818
112.069774 86.430441
111.568614 85.942222
111.065834 85.450161
110.561436 84.954258
110.055417 84.454513
109.547780 83.950926
109.038523 83.443497
108.527646 82.932226
108.015150 82.417112
107.501035 81.898157
106.985300 81.375360
106.467946 80.848721
105.948973 80.318240
105.428380 79.783916
104.906167 79.245751
104.382336 78.703743
103.856884 78.157894
103.329814 77.608203
102.801124 77.054669
102.270814 76.497294
101.738886 75.936076
101.205337 75.371017
100.670170 74.802115
100.133383 74.229371
99.594976 73.652786
99.054950 73.072358
98.513305 72.488088
97.970040 71.899976
97.425156 71.308023
96.878652 70.712227
96.330529 70.112589
95.780787 69.509109
95.229425 68.901787
94.676444 68.290623
94.121843 67.675617
93.565623 67.056769
93.007784 66.434079
92.448325 65.807547
91.887246 65.177173
91.324549 64.542957
90.760232 63.904899
90.194295 63.262999
89.626739 62.617257
89.057564 61.967672
88.486769 61.314246
87.914355 60.656978
87.340321 59.995867
86.764668 59.330915
86.187395 58.662121
85.608504 57.989484
85.027992 57.313006
84.445862 56.632685
83.862111 55.948523
83.276742 55.260518
82.689753 54.568671
82.101145 53.872983
81.510917 53.173452
80.919070 52.470080
80.325603 51.762865
79.730517 51.051808
79.133812 50.336909
78.535487 49.618169
77.935542 48.895586
77.333979 48.169161
76.730796 47.438894
76.125993 46.704785
75.519571 45.966834
74.911530 45.225041
74.301869 44.479406
73.690589 43.729929
73.077689 42.976610
72.463170 42.219449
71.847032 41.458446
71.229274 40.693600
70.609897 39.924913
69.988900 39.152384
69.366284 38.376013
68.742049 37.595799
68.116194 36.811744
67.488719 36.023847
66.859626 35.232107
66.228912 34.436526
65.596580 33.637102
64.962628 32.833837
64.327057 32.026729
63.689866 31.215780
63.051056 30.400988
62.410626 29.582355
61.768577 28.759879
61.124908 27.933561
60.479620 27.103402
59.832713 26.269400
59.186423 25.435848
58.546218 24.613237
57.912347 23.802045
57.284809 23.002270
56.663604 22.213914
56.048733 21.436975
55.440195 20.671455
54.837991 19.917352
54.242121 19.174668
53.652584 18.443402
53.069380 17.723554
52.492510 17.015124
51.921973 16.318112
51.357770 15.632518
50.799900 14.958342
50.248364 14.295584
49.703161 13.644244
49.164292 13.004322
48.631757 12.375818
48.105554 11.758733
47.585685 11.153065
47.072150 10.558816
46.564948 9.975984
46.064080 9.404571
45.569545 8.844575
45.081344 8.295998
44.599476 7.758839
44.123942 7.233097
43.654741 6.718774
43.191873 6.215869
42.735339 5.724382
42.285139 5.244313
41.841272 4.775662
41.403739 4.318429
40.972539 3.872614
40.547672 3.438218
40.129139 3.015239
39.716940 2.603678
39.311074 2.203536
38.911541 1.814811
38.518342 1.437505
38.131477 1.071616
37.750944 0.717146
37.376746 0.374094
37.008881 0.042459
36.647349 -0.277757
36.292151 -0.586555
35.943286 -0.883935
35.600755 -1.169897
35.264557 -1.444441
34.934693 -1.707567
34.611163 -1.959275
34.293965 -2.199565
33.983102 -2.428437
33.678571 -2.645890
33.380375 -2.851926
33.088511 -3.046543
32.802981 -3.229743
32.523785 -3.401524
32.250922 -3.561888
31.984393 -3.710833
31.724197 -3.848360
31.470335 -3.974470
31.222806 -4.089161
30.981610 -4.192434
30.746749 -4.284289
30.518220 -4.364726
30.296025 -4.433745
30.080164 -4.491346
29.870636 -4.537529
29.667441 -4.572294
29.470580 -4.595640
29.280053 -4.607569
29.095859 -4.608080
28.917998 -4.597172
28.746471 -4.574847
28.581278 -4.541103
28.422418 -4.495942
28.269891 -4.439362
28.123698 -4.371364
27.983838 -4.291948
27.850312 -4.201115
27.723119 -4.098863
27.602260 -3.985193
27.487735 -3.860105
27.379542 -3.723599
27.277684 -3.575675
27.182158 -3.416332
27.092967 -3.245572
27.010108 -3.063394
26.933584 -2.869798
26.863392 -2.664783
26.799535 -2.448351
26.742010 -2.220500
26.690819 -1.981232
26.645962 -1.730545
26.607438 -1.468440
26.575248 -1.194918
26.549391 -0.909977
26.529868 -0.613618
26.516678 -0.305841
26.509821 0.013354
26.509298 0.343967
26.515109 0.685998
26.527253 1.039447
26.545730 1.404314
26.570541 1.780599
26.601686 2.168303
26.639164 2.567424
26.682975 2.977964
26.733120 3.399921
26.789599 3.833297
26.852411 4.278090
26.921556 4.734302
26.997035 5.201931
27.078847 5.680979
27.166993 6.171445
27.261473 6.673329
27.362285 7.186631
27.469432 7.711351
27.582912 8.247489
27.702725 8.795045
27.828872 9.354019
27.961352 9.924411
28.100166 10.506221
