290.769273 -73.845988
290.011769 -74.602947
289.257193 -75.353440
288.505544 -76.097466
287.756822 -76.835025
287.011028 -77.566118
286.268161 -78.290745
285.528221 -79.008904
284.791208 -79.720598
284.057123 -80.425824
283.325965 -81.124584
282.597734 -81.816878
281.872430 -82.502705
281.150054 -83.182065
280.430605 -83.854959
279.714084 -84.521387
279.000489 -85.181347
278.289822 -85.834842
277.582082 -86.481869
276.877270 -87.122430
276.175385 -87.756525
275.476427 -88.384153
274.780396 -89.005314
274.087293 -89.620009
273.397116 -90.228237
272.709868 -90.829999
272.025546 -91.425294
271.344152 -92.014123
270.665685 -92.596485
269.990145 -93.172380
269.317533 -93.741809
268.647847 -94.304771
267.981090 -94.861267
267.317259 -95.411296
266.656356 -95.954859
265.998380 -96.491955
265.343331 -97.022585
264.691209 -97.546748
264.042015 -98.064444
263.395748 -98.575674
262.752409 -99.080437
262.111996 -99.578734
261.474511 -100.070564
260.839953 -100.555928
260.208323 -101.034825
259.579620 -101.507255
258.953844 -101.973219
258.330995 -102.432717
257.711074 -102.885747
257.094079 -103.332312
256.480013 -103.772409
255.868873 -104.206040
255.260661 -104.633205
254.655376 -105.053903
254.053018 -105.468134
253.453588 -105.875899
252.857085 -106.277198
252.263509 -106.672029
251.672860 -107.060395
251.085139 -107.442293
250.500345 -107.817725
249.918478 -108.186691
249.339539 -108.549190
248.763526 -108.905222
248.190441 -109.254788
247.620284 -109.597887
247.053054 -109.934520
246.488750 -110.264686
245.927375 -110.588386
245.368926 -110.905619
244.813405 -111.216385
244.260811 -111.520685
243.711144 -111.818518
243.164405 -112.109885
242.620593 -112.394785
242.079708 -112.673219
241.541751 -112.945186
241.006720 -113.210687
240.474617 -113.469721
239.945442 -113.722288
239.419193 -113.968389
238.895872 -114.208023
238.375478 -114.441191
237.858012 -114.667892
237.343472 -114.888127
236.831860 -115.101895
236.323176 -115.309196
235.817418 -115.510031
235.314588 -115.704400
234.814685 -115.892302
234.317709 -116.073737
233.823661 -116.248705
233.332540 -116.417208
232.844346 -116.579243
232.359080 -116.734812
231.876741 -116.883915
231.397329 -117.026551
230.920844 -117.162720
230.447287 -117.292423
229.976657 -117.415659
229.508954 -117.532428
229.044178 -117.642732
228.582330 -117.746568
228.123409 -117.843938
227.667415 -117.934841
227.214349 -118.019278
226.764210 -118.097249
226.316998 -118.168752
225.872714 -118.233789
225.431356 -118.292360
224.992926 -118.344464
224.557424 -118.390101
224.124848 -118.429272
223.695200 -118.461977
223.268479 -118.488215
222.844685 -118.507986
222.423819 -118.521290
222.005880 -118.528129
221.590868 -118.528500
221.178784 -118.522405
220.769627 -118.509843
220.363397 -118.490815
219.960094 -118.465321
219.559719 -118.433359
219.162271 -118.394932
218.767611 -118.349816
218.372691 -118.293137
217.976261 -118.222902
217.578322 -118.139110
217.178874 -118.041761
216.777917 -117.930856
216.375450 -117.806393
215.971475 -117.668374
215.565991 -117.516799
215.158997 -117.351666
214.750495 -117.172977
214.340483 -116.980731
213.928962 -116.774929
213.515932 -116.555570
213.101393 -116.322654
212.685345 -116.076181
212.267788 -115.816151
211.848722 -115.542565
211.428147 -115.255422
211.006062 -114.954723
210.582469 -114.640466
210.157366 -114.312653
209.730755 -113.971284
209.302634 -113.616357
208.873004 -113.247874
208.441865 -112.865834
208.009217 -112.470237
207.575060 -112.061084
207.139394 -111.638373
206.702219 -111.202107
206.263535 -110.752283
205.823341 -110.288903
205.381639 -109.811966
204.938427 -109.321472
204.493706 -108.817421
204.047477 -108.299814
203.599738 -107.768650
203.150490 -107.223929
202.699733 -106.665652
202.247467 -106.093818
201.793691 -105.508427
201.338407 -104.909479
200.881614 -104.296975
200.423311 -103.670914
199.963500 -103.031296
199.502179 -102.378122
199.039349 -101.711391
198.575010 -101.031103
198.109163 -100.337258
197.641806 -99.629857
197.172939 -98.908898
196.702564 -98.174384
196.230680 -97.426312
195.757287 -96.664684
195.282384 -95.889499
194.805973 -95.100757
194.328052 -94.298458
193.848622 -93.482603
193.367684 -92.653191
192.885236 -91.810223
192.401279 -90.953697
191.915813 -90.083615
191.428838 -89.199976
190.940353 -88.302781
190.450360 -87.392028
189.958858 -86.467719
189.465846 -85.529854
188.971325 -84.578431
188.475296 -83.613452
187.977757 -82.634916
187.478709 -81.642824
186.978152 -80.637174
186.476086 -79.617968
185.972511 -78.585205
185.467427 -77.538886
184.960834 -76.479009
184.452731 -75.405577
183.943120 -74.318587
183.431999 -73.218040
182.919370 -72.103937
182.405231 -70.976277
181.889583 -69.835061
181.372426 -68.680287
180.853760 -67.511957
180.333585 -66.330070
179.811901 -65.134627
179.288708 -63.925627
178.764005 -62.703070
178.237794 -61.466956
177.710073 -60.217286
177.180844 -58.954058
176.650105 -57.677275
176.117857 -56.386934
175.584100 -55.083037
175.048834 -53.765583
174.512059 -52.434572
173.973775 -51.090004
173.433982 -49.731880
172.892680 -48.360199
172.349868 -46.974961
171.805548 -45.576167
171.259718 -44.163816
170.712380 -42.737908
170.163532 -41.298443
169.613175 -39.845422
169.061309 -38.378844
168.507934 -36.898709
167.953050 -35.405018
167.396657 -33.897770
166.838755 -32.376965
166.279343 -30.842603
165.718423 -29.294685
165.155993 -27.733210
164.592055 -26.158178
164.026607 -24.569589
163.459650 -22.967444
162.891184 -21.351742
162.321209 -19.722483
161.749725 -18.079668
161.176732 -16.423295
160.602230 -14.753367
160.026218 -13.069881
159.448698 -11.372839
158.869668 -9.662239
158.289130 -7.938084
157.707545 -6.204893
157.127689 -4.489796
156.550026 -2.797316
155.974556 -1.127453
155.401277 0.519795
154.830191 2.144426
154.261297 3.746441
153.694596 5.325839
153.130086 6.882621
152.567769 8.416787
152.007645 9.928337
151.449713 11.417270
150.893973 12.883587
150.340425 14.327288
149.789070 15.748373
149.239906 17.146841
148.692936 18.522693
148.148157 19.875929
147.605571 21.206548
147.065177 22.514551
146.526976 23.799938
145.990966 25.062708
145.457150 26.302863
144.925525 27.520401
144.396093 28.715322
143.868853 29.887628
143.343805 31.037317
142.820950 32.164390
142.300286 33.268846
141.781816 34.350686
141.265537 35.409910
140.751451 36.446518
140.239557 37.460509
139.729856 38.451884
139.222346 39.420643
138.717030 40.366786
138.213905 41.290312
137.712973 42.191222
137.214233 43.069515
136.717685 43.925193
136.223330 44.758254
135.731166 45.568698
135.241196 46.356527
134.753417 47.121739
134.267831 47.864335
133.784437 48.584315
133.303236 49.281678
132.824226 49.956425
132.347409 50.608556
131.872785 51.238070
131.400353 51.844968
130.930113 52.429250
130.462065 52.990916
129.996209 53.529965
129.532546 54.046398
129.071076 54.540215
128.611797 55.011416
128.154711 55.460000
127.699817 55.885968
127.247116 56.289319
126.796606 56.670055
126.348289 57.028174
125.902165 57.363676
125.458232 57.676563
125.016492 57.966833
124.576945 58.234487
124.139589 58.479524
123.704426 58.701946
123.271455 58.901751
122.840677 59.078939
122.412091 59.233512
121.985697 59.365468
121.561495 59.474808
121.139486 59.561532
120.719669 59.625639
120.302045 59.667130
119.886612 59.686005
119.473372 59.682263
119.062325 59.655905
118.653469 59.606931
118.246806 59.535341
117.842335 59.441134
117.440057 59.324311
117.039971 59.184872
116.642077 59.022816
116.246375 58.838144
115.852866 58.630856
115.461549 58.400952
115.072424 58.148431
114.685492 57.873294
114.300752 57.575540
113.918204 57.255171
113.537849 56.912185
113.159686 56.546583
112.783715 56.158364
112.409937 55.747530
112.038350 55.314079
111.668956 54.858011
111.301755 54.379328
110.936746 53.878028
110.573929 53.354112
110.213304 52.807579
109.854872 52.238430
109.498632 51.646665
109.144584 51.032284
108.792729 50.395286
108.443066 49.735673
108.095595 49.053442
107.750316 48.348596
107.407230 47.621133
107.066336 46.871054
106.727635 46.098359
106.391125 45.303047
106.056808 44.485119
105.724684 43.644575
105.394751 42.781415
105.067011 41.895638
104.741464 40.987245
104.418108 40.056235
104.096945 39.102610
103.777974 38.126368
103.461196 37.127510
103.146610 36.106035
102.834216 35.061944
102.524014 33.995237
102.214150 32.915785
101.900087 31.847717
101.581620 30.792129
101.258749 29.749022
100.931473 28.718397
100.599794 27.700251
100.263710 26.694587
99.923222 25.701403
99.578329 24.720701
99.229032 23.752479
98.875331 22.796737
98.517226 21.853477
98.154717 20.922697
97.787803 20.004398
97.416485 19.098580
97.040763 18.205243
96.660636 17.324386
96.276105 16.456010
95.887170 15.600116
95.493831 14.756701
95.096087 13.925768
94.693939 13.107315
94.287387 12.301343
93.876431 11.507852
93.461070 10.726842
93.041306 9.958313
92.617136 9.202264
92.188563 8.458696
91.755585 7.727609
91.318203 7.009002
90.876417 6.302877
90.430227 5.609232
89.979632 4.928068
89.524633 4.259385
89.065230 3.603182
88.601423 2.959461
88.133211 2.328220
87.660595 1.709460
87.183575 1.103180
86.702150 0.509382
86.216321 -0.071936
85.726088 -0.640773
85.231451 -1.197129
84.732410 -1.741004
84.228964 -2.272399
83.721114 -2.791313
83.208859 -3.297746
82.692201 -3.791698
82.171138 -4.273170
81.645671 -4.742160
81.115800 -5.198670
80.581524 -5.642699
80.042844 -6.074248
79.499760 -6.493315
78.952272 -6.899902
78.400379 -7.294008
77.844082 -7.675633
77.283381 -8.044778
76.718276 -8.401441
76.148766 -8.745624
75.574852 -9.077326
74.996534 -9.396547
74.413811 -9.703288
73.826685 -9.997548
73.235154 -10.279327
72.639218 -10.548625
72.038879 -10.805442
71.434135 -11.049779
70.824987 -11.281634
70.211435 -11.501010
69.593478 -11.707904
68.971118 -11.902317
68.344353 -12.084250
67.713183 -12.253702
67.077610 -12.410673
66.437632 -12.555163
65.793250 -12.687173
65.144464 -12.806701
64.491273 -12.913749
63.833678 -13.008317
63.171679 -13.090403
62.505276 -13.160009
61.834468 -13.217133
61.159256 -13.261778
60.479640 -13.293941
59.795620 -13.313623
59.107195 -13.320825
58.414366 -13.315546
57.717133 -13.297786
57.015495 -13.267545
56.309454 -13.224824
55.599008 -13.169622
54.884158 -13.101939
54.164903 -13.021775
53.441244 -12.929130
52.713181 -12.824005
51.980714 -12.706399
51.243843 -12.576312
50.502567 -12.433744
49.756887 -12.278696
49.006802 -12.111166
48.252314 -11.931156
47.493421 -11.738666
46.730124 -11.533694
45.962423 -11.316242
45.190317 -11.086308
44.413807 -10.843894
43.632893 -10.589000
42.847575 -10.321624
42.057852 -10.041768
41.263725 -9.749431
40.465194 -9.444613
39.662259 -9.127314
38.854919 -8.797535
38.043175 -8.455274
37.227027 -8.100533
36.406475 -7.733312
35.581518 -7.353609
34.752157 -6.961426
33.918392 -6.556761
33.080222 -6.139616
32.237649 -5.709991
31.390671 -5.267884
30.539289 -4.813297
29.683502 -4.346229
