236.338740 184.780952
235.018762 184.693064
233.713237 184.591496
232.422165 184.476248
231.145545 184.347321
229.883378 184.204713
228.635664 184.048426
227.402402 183.878460
226.183593 183.694813
224.979237 183.497487
223.789333 183.286481
222.613882 183.061795
221.452883 182.823429
220.306338 182.571384
219.174245 182.305659
218.056604 182.026254
216.953416 181.733169
215.864681 181.426405
214.790399 181.105960
213.730569 180.771836
212.685191 180.424033
211.654267 180.062549
210.637795 179.687386
209.635776 179.298543
208.648209 178.896020
207.675095 178.479817
206.716434 178.049935
205.772225 177.606372
204.842469 177.149130
203.927166 176.678209
203.026315 176.193607
202.139917 175.695326
201.267972 175.183365
200.410479 174.657724
199.567439 174.118403
198.738851 173.565403
197.924716 172.998723
197.125034 172.418363
196.339805 171.824323
195.569028 171.216604
194.812704 170.595204
194.070832 169.960125
193.343413 169.311366
192.630447 168.648928
191.931934 167.972810
191.247873 167.283011
190.578264 166.579534
189.923109 165.862376
189.282406 165.131538
188.656155 164.387021
188.044358 163.628824
187.447013 162.856947
186.864120 162.071391
186.295681 161.272155
185.741693 160.459239
185.202159 159.632643
184.677077 158.792367
184.166448 157.938412
183.670272 157.070777
183.188548 156.189462
182.721277 155.294467
182.268458 154.385792
181.830092 153.463438
181.406179 152.527404
180.996719 151.577690
180.601711 150.614297
180.221155 149.637223
179.855053 148.646470
179.503403 147.642037
179.166206 146.623925
178.843461 145.592132
178.535169 144.546660
178.241330 143.487508
177.961943 142.414676
177.697009 141.328165
177.446528 140.227973
177.210499 139.114102
176.988923 137.986551
176.781799 136.845321
176.589128 135.690410
176.410910 134.521820
176.247145 133.339550
176.097832 132.143601
175.962972 130.933971
175.842564 129.710662
175.736609 128.473673
175.645107 127.223004
175.568058 125.958655
175.505461 124.680627
175.457317 123.388919
175.423625 122.083531
175.404386 120.764463
175.399600 119.431716
175.409266 118.085289
175.433385 116.725182
175.471957 115.351395
175.524981 113.963928
175.592458 112.562782
175.674387 111.147956
175.770770 109.719450
175.881605 108.277264
176.006892 106.821399
176.146632 105.351854
176.300825 103.868629
176.469471 102.371724
176.652569 100.861140
176.850120 99.336875
177.062123 97.798931
177.288579 96.247308
177.529488 94.682004
177.784849 93.103021
178.054664 91.510357
178.338930 89.904015
178.637650 88.283992
178.950822 86.650289
179.278446 85.002907
179.620524 83.341845
179.977054 81.667103
180.348036 79.978682
180.733472 78.276581
181.133360 76.560799
181.547700 74.831339
181.976493 73.088198
182.419739 71.331378
182.877438 69.560877
183.348745 67.777497
183.815100 65.998837
184.268910 64.232095
184.710175 62.477272
185.138893 60.734368
185.555067 59.003383
185.958694 57.284317
186.349777 55.577170
186.728313 53.881941
187.094305 52.198632
187.447751 50.527241
187.788651 48.867770
188.117006 47.220217
188.432815 45.584583
188.736079 43.960869
189.026798 42.349073
189.304970 40.749196
189.570598 39.161238
189.823680 37.585198
190.064216 36.021078
190.292207 34.468877
190.507653 32.928594
190.710553 31.400231
190.900907 29.883786
191.078716 28.379261
191.243980 26.886654
191.396698 25.405966
191.536870 23.937197
191.664497 22.480347
191.779579 21.035416
191.882115 19.602404
191.972105 18.181311
192.049550 16.772136
192.114450 15.374881
192.166804 13.989544
192.206613 12.616127
192.233876 11.254628
192.248594 9.905048
192.250766 8.567387
192.240392 7.241645
192.217474 5.927822
192.182009 4.625918
192.133999 3.335933
192.073444 2.057867
192.000343 0.791719
191.914697 -0.462509
191.816505 -1.704819
191.705768 -2.935209
191.582485 -4.153681
191.446657 -5.360234
191.298283 -6.554868
191.137364 -7.737583
190.963899 -8.908379
190.777889 -10.067256
190.579334 -11.214214
190.368232 -12.349253
190.144586 -13.472374
189.908394 -14.583575
189.659656 -15.682858
189.398373 -16.770221
189.124544 -17.845666
188.838170 -18.909192
188.539251 -19.960799
188.227786 -21.000487
187.903775 -22.028256
187.567219 -23.044106
187.218117 -24.048037
186.856470 -25.040050
186.482278 -26.020143
186.095540 -26.988318
185.696256 -27.944573
185.284427 -28.888910
184.860053 -29.821328
184.423133 -30.741826
183.973667 -31.650406
183.511657 -32.547067
183.037100 -33.431809
182.549998 -34.304633
182.050351 -35.165537
181.538158 -36.014522
181.013420 -36.851589
180.476136 -37.676736
179.926306 -38.489965
179.363931 -39.291274
178.789011 -40.080665
178.201545 -40.858137
177.601534 -41.623690
176.988977 -42.377324
176.363875 -43.119039
175.726227 -43.848835
175.076034 -44.566713
174.413295 -45.272671
173.738011 -45.966710
173.050181 -46.648831
172.349806 -47.319033
171.636885 -47.977315
170.911419 -48.623679
170.173407 -49.258124
169.422850 -49.880650
168.659747 -50.491257
167.884099 -51.089945
167.095906 -51.676714
166.295166 -52.251565
165.481882 -52.814496
164.656052 -53.365509
163.817676 -53.904602
162.966755 -54.431777
162.103288 -54.947033
161.227276 -55.450369
160.338719 -55.941787
159.437616 -56.421286
158.523967 -56.888866
157.597773 -57.344527
156.659034 -57.788270
155.707749 -58.220093
154.743918 -58.639997
153.767542 -59.047983
152.778621 -59.444049
151.777154 -59.828197
150.763141 -60.200426
149.736583 -60.560736
148.697480 -60.909127
147.645831 -61.245599
146.581637 -61.570152
145.504897 -61.882786
144.418384 -62.183782
143.338736 -62.474826
142.268726 -62.756197
141.208353 -63.027897
140.157618 -63.289926
139.116520 -63.542282
138.085060 -63.784967
137.063237 -64.017980
136.051052 -64.241321
135.048504 -64.454990
134.055594 -64.658988
133.072321 -64.853314
132.098686 -65.037968
131.134688 -65.212950
130.180328 -65.378261
129.235605 -65.533900
128.300520 -65.679867
127.375073 -65.816162
126.459263 -65.942786
125.553090 -66.059738
124.656555 -66.167018
123.769658 -66.264626
122.892398 -66.352563
122.024775 -66.430827
121.166790 -66.499420
120.318443 -66.558342
119.479733 -66.607591
118.650660 -66.647169
117.831225 -66.677075
117.021428 -66.697309
116.221268 -66.707872
115.430746 -66.708762
114.649861 -66.699981
113.878613 -66.681528
113.117004 -66.653404
112.365031 -66.615607
111.622697 -66.568139
110.889999 -66.511000
110.166940 -66.444188
109.453517 -66.367705
108.749733 -66.281549
108.055585 -66.185723
107.371076 -66.080224
106.696204 -65.965053
106.030969 -65.840211
105.375372 -65.705697
104.729412 -65.561512
104.093090 -65.407654
103.466406 -65.244125
102.849359 -65.070924
102.241949 -64.888051
101.644177 -64.695507
101.056042 -64.493290
100.477545 -64.281402
99.908686 -64.059843
99.349464 -63.828611
98.799880 -63.587708
98.259933 -63.337133
97.729623 -63.076886
97.208951 -62.806967
96.697917 -62.527377
96.196520 -62.238115
95.704761 -61.939181
95.222639 -61.630575
94.750155 -61.312298
94.287308 -60.984349
93.834099 -60.646728
93.390527 -60.299435
92.956593 -59.942471
92.532296 -59.575835
92.117637 -59.199527
91.712615 -58.813547
91.317231 -58.417896
90.931484 -58.012573
90.555375 -57.597578
90.188903 -57.172911
89.832069 -56.738572
89.484873 -56.294562
89.147314 -55.840880
88.819392 -55.377526
88.501108 -54.904501
88.192461 -54.421803
87.893452 -53.929434
87.604081 -53.427394
87.324347 -52.915681
87.054250 -52.394297
86.793792 -51.863241
86.542970 -51.322513
86.301786 -50.772113
86.070240 -50.212042
85.848331 -49.642299
85.636060 -49.062884
85.433426 -48.473797
85.240429 -47.875039
85.057071 -47.266608
84.883349 -46.648507
84.719266 -46.020733
84.564819 -45.383287
84.420011 -44.736170
84.284839 -44.079381
84.159306 -43.412920
84.043409 -42.736788
83.937151 -42.050984
83.840530 -41.355508
83.753546 -40.650360
83.676200 -39.935540
83.608491 -39.211049
83.550420 -38.476886
83.501987 -37.733051
83.463191 -36.979545
83.434032 -36.216366
83.414511 -35.443516
83.404627 -34.660994
83.404381 -33.868801
83.413773 -33.066935
83.432802 -32.255398
83.461469 -31.434189
83.499773 -30.603309
83.547714 -29.762756
83.605293 -28.912532
83.672510 -28.052636
83.749364 -27.183068
83.835856 -26.303829
83.931985 -25.414918
84.037752 -24.516335
84.147815 -23.614585
84.249117 -22.725569
84.341066 -21.850011
84.423661 -20.987909
84.496902 -20.139265
84.560790 -19.304077
84.615324 -18.482346
84.660504 -17.674073
84.696330 -16.879256
84.722802 -16.097896
84.739921 -15.329993
84.747686 -14.575548
84.746097 -13.834559
84.735154 -13.107027
84.714857 -12.392952
84.685207 -11.692334
84.646203 -11.005173
84.597845 -10.331469
84.540133 -9.671223
84.473068 -9.024433
84.396649 -8.391100
84.310876 -7.771224
84.215749 -7.164805
84.111269 -6.571843
83.997434 -5.992338
83.874246 -5.426290
83.741704 -4.873698
83.599809 -4.334564
83.448559 -3.808887
83.287956 -3.296667
83.117999 -2.797904
82.938688 -2.312598
82.750024 -1.840748
82.552006 -1.382356
82.344633 -0.937421
82.127908 -0.505943
81.901828 -0.087921
81.666395 0.316643
81.421607 0.707750
81.167466 1.085401
80.903972 1.449594
80.631123 1.800330
80.348921 2.137610
80.057365 2.461432
79.756455 2.771798
79.446191 3.068706
79.126574 3.352158
78.797602 3.622152
78.459277 3.878690
78.111599 4.121770
77.754566 4.351394
77.388180 4.567561
77.012440 4.770270
76.627346 4.959523
76.232898 5.135318
75.829097 5.297657
75.415941 5.446539
74.993432 5.581964
74.561570 5.703931
74.120353 5.812442
73.669783 5.907496
73.209859 5.989093
72.740581 6.057233
72.261949 6.111915
71.773964 6.153141
71.276624 6.180910
70.769931 6.195222
70.253885 6.196077
69.728484 6.183475
69.193730 6.157416
68.649622 6.117900
68.096160 6.064927
67.533344 5.998497
66.961174 5.918610
66.379651 5.825266
65.788774 5.718465
65.188543 5.598207
64.578959 5.464493
63.960020 5.317321
63.331728 5.156692
62.694082 4.982606
62.047083 4.795063
61.390729 4.594064
60.725022 4.379607
60.049961 4.151693
59.365546 3.910323
58.671778 3.655495
57.968655 3.387210
57.256179 3.105469
56.534349 2.810270
55.803165 2.501614
55.062628 2.179502
54.312737 1.843932
53.553492 1.494906
52.784893 1.132422
52.006940 0.756482
51.219634 0.367084
50.422974 -0.035770
49.616960 -0.452081
48.801592 -0.881850
47.976871 -1.325075
47.142795 -1.781758
46.299366 -2.251897
45.446583 -2.735493
44.584447 -3.232547
43.712956 -3.743057
42.832112 -4.267024
41.941914 -4.804448
41.042363 -5.355330
40.133457 -5.919668
39.215198 -6.497463
38.287585 -7.088715
37.350618 -7.693424
36.404297 -8.311590
35.448623 -8.943213
34.483595 -9.588293
33.509213 -10.246830
32.525477 -10.918824
31.532388 -11.604275
30.529944 -12.303183
29.518147 -13.015548
28.496996 -13.741370
27.466492 -14.480649
26.426633 -15.233385
25.377421 -15.999578
