243.563935 175.147394
243.258389 170.400067
242.947820 165.688525
242.632229 161.012768
242.311616 156.372797
241.985979 151.768609
241.655321 147.200207
241.319639 142.667590
240.978935 138.170758
240.633209 133.709710
240.282460 129.284448
239.926688 124.894970
239.565894 120.541278
239.200077 116.223370
238.829237 111.941247
238.453376 107.694909
238.072491 103.484356
237.686584 99.309588
237.295654 95.170605
236.899702 91.067406
236.498727 86.999993
236.092730 82.968365
235.681710 78.972521
235.265667 75.012463
234.844602 71.088189
234.418515 67.199700
233.987404 63.346996
233.551272 59.530077
233.110116 55.748943
232.663938 52.003594
232.212738 48.294030
231.756515 44.620251
231.295269 40.982256
230.829001 37.380047
230.357710 33.813622
229.881397 30.282983
229.400061 26.788128
228.913703 23.329058
228.422321 19.905773
227.925918 16.518273
227.424492 13.166558
226.918043 9.850628
226.406572 6.570483
225.890078 3.326122
225.368561 0.117547
224.842022 -3.055244
224.310461 -6.192249
223.773876 -9.293470
223.232270 -12.358905
222.685640 -15.388556
222.133988 -18.382422
221.577314 -21.340503
221.015617 -24.262799
220.448897 -27.149311
219.877155 -30.000037
219.300391 -32.814978
218.718603 -35.594135
218.131793 -38.337506
217.539961 -41.045093
216.943106 -43.716894
216.341228 -46.352911
215.734328 -48.953143
215.122405 -51.517590
214.505460 -54.046252
213.883492 -56.539129
213.256502 -58.996221
212.624489 -61.417529
211.987453 -63.803051
211.345395 -66.152788
210.698314 -68.466741
210.046211 -70.744909
209.389085 -72.987291
208.726937 -75.193889
208.059766 -77.364702
207.387572 -79.499730
206.710356 -81.598973
206.028118 -83.662431
205.340856 -85.690104
204.648572 -87.681993
203.951266 -89.638096
203.248937 -91.558415
202.541586 -93.442948
201.829211 -95.291697
201.111815 -97.104661
200.389396 -98.881839
199.661954 -100.623233
198.929489 -102.328842
198.192002 -103.998666
197.449493 -105.632706
196.701961 -107.230960
195.949406 -108.793429
195.191829 -110.320114
194.429229 -111.811013
193.661607 -113.266128
192.888962 -114.685457
192.111294 -116.069002
191.328604 -117.416762
190.540891 -118.728737
189.748156 -120.004927
188.950398 -121.245332
188.147618 -122.449952
187.339815 -123.618788
186.526990 -124.751838
185.709142 -125.849103
184.886271 -126.910584
184.058378 -127.936280
183.225462 -128.926190
182.387524 -129.880316
181.544563 -130.798657
180.696579 -131.681213
179.843573 -132.527984
178.985545 -133.338970
178.122493 -134.114171
177.254420 -134.853588
176.381323 -135.557219
175.503204 -136.225065
174.620063 -136.857127
173.731899 -137.453404
172.838712 -138.013895
171.940503 -138.538602
171.037271 -139.027524
170.129017 -139.480661
169.215740 -139.898013
168.297441 -140.279580
167.374119 -140.625363
166.446177 -140.936110
165.522477 -141.228316
164.606644 -141.508730
163.698679 -141.777351
162.798581 -142.034180
161.906350 -142.279216
161.021987 -142.512459
160.145490 -142.733910
159.276861 -142.943567
158.416099 -143.141432
157.563205 -143.327505
156.718177 -143.501785
155.881017 -143.664272
155.051724 -143.814966
154.230299 -143.953868
153.416740 -144.080977
152.611049 -144.196293
151.813225 -144.299817
151.023269 -144.391548
150.241179 -144.471486
149.466957 -144.539632
148.700602 -144.595984
147.942115 -144.640545
147.191494 -144.673312
146.448741 -144.694287
145.713855 -144.703469
144.986836 -144.700859
144.267685 -144.686455
143.556401 -144.660260
142.852984 -144.622271
142.157434 -144.572490
141.469752 -144.510916
140.789937 -144.437549
140.117989 -144.352390
139.453908 -144.255438
138.797694 -144.146693
138.149348 -144.026156
137.508869 -143.893826
136.876257 -143.749703
136.251513 -143.593788
135.634636 -143.426079
135.025626 -143.246579
134.424483 -143.055285
133.831207 -142.852199
133.245799 -142.637320
132.668258 -142.410649
132.098584 -142.172184
131.536778 -141.921927
130.982839 -141.659878
130.436767 -141.386036
129.898562 -141.100401
129.368224 -140.802973
128.845754 -140.493753
128.331151 -140.172740
127.824415 -139.839934
127.325547 -139.495336
126.834545 -139.138945
126.351411 -138.770761
125.876144 -138.390784
125.408745 -137.999015
124.949213 -137.595453
124.497547 -137.180099
124.053750 -136.752952
123.617819 -136.314012
123.189756 -135.863279
122.769560 -135.400754
122.357231 -134.926436
121.952769 -134.440326
121.556175 -133.942422
121.167448 -133.432726
120.786588 -132.911238
120.413595 -132.377956
120.048470 -131.832882
119.691212 -131.276016
119.341821 -130.707356
119.000297 -130.126904
118.666641 -129.534660
118.340851 -128.930622
118.022930 -128.314792
117.712875 -127.687169
117.410687 -127.047754
117.116367 -126.396545
116.829914 -125.733545
116.551329 -125.058751
116.280610 -124.372165
116.017759 -123.673786
115.762775 -122.963614
115.515658 -122.241650
115.276409 -121.507893
115.045027 -120.762343
114.821512 -120.005001
114.605864 -119.235866
114.398084 -118.454938
114.198170 -117.662218
114.006124 -116.857705
113.821946 -116.041399
113.645634 -115.213301
113.477190 -114.373409
113.316613 -113.521726
113.163903 -112.658249
113.019061 -111.782980
112.882085 -110.895918
112.752977 -109.997064
112.631736 -109.086416
112.518363 -108.163976
112.412857 -107.229744
112.315218 -106.283718
112.225446 -105.325900
112.143541 -104.356290
112.069504 -103.374886
112.003334 -102.381690
111.945031 -101.376702
111.894596 -100.359920
111.852027 -99.331346
111.817326 -98.290979
111.790492 -97.238820
111.771526 -96.174868
111.760426 -95.099123
111.757194 -94.011586
111.761829 -92.912255
111.774332 -91.801132
111.794701 -90.678217
111.822938 -89.543509
111.859043 -88.397008
111.903014 -87.238714
111.953328 -86.071009
112.000834 -84.908179
112.044009 -83.752606
112.082853 -82.604289
112.117364 -81.463228
112.147543 -80.329424
112.173391 -79.202876
112.194907 -78.083585
112.212091 -76.971550
112.224943 -75.866771
112.233464 -74.769249
112.237652 -73.678983
112.237509 -72.595974
112.233034 -71.520221
112.224227 -70.451725
112.211088 -69.390485
112.193618 -68.336501
112.171815 -67.289774
112.145681 -66.250304
112.115215 -65.218089
112.080417 -64.193131
112.041288 -63.175430
111.997826 -62.164985
111.950033 -61.161796
111.897908 -60.165864
111.841451 -59.177188
111.780662 -58.195769
111.715542 -57.221606
111.646089 -56.254700
111.572305 -55.295050
111.494189 -54.342656
111.411741 -53.397519
111.324961 -52.459638
111.233850 -51.529014
111.138406 -50.605646
111.038631 -49.689534
110.934524 -48.780679
110.826085 -47.879080
110.713315 -46.984738
110.596212 -46.097652
110.474778 -45.217823
110.349012 -44.345250
110.218914 -43.479933
110.084484 -42.621873
109.945723 -41.771069
109.802629 -40.927522
109.655204 -40.091231
109.503447 -39.262197
109.347358 -38.440419
109.186938 -37.625897
109.022185 -36.818632
108.853101 -36.018623
108.679685 -35.225871
108.501937 -34.440375
108.319857 -33.662135
108.133445 -32.891152
107.942702 -32.127426
107.747627 -31.370955
107.548220 -30.621742
107.344481 -29.879784
107.136410 -29.145083
106.924007 -28.417639
106.707273 -27.697451
106.486207 -26.984519
106.260809 -26.278844
106.031079 -25.580425
105.797017 -24.889262
105.558624 -24.205356
105.315898 -23.528707
105.068841 -22.859314
104.817452 -22.197177
104.561732 -21.542296
104.301679 -20.894673
104.037295 -20.254305
103.768578 -19.621194
103.495530 -18.995339
103.218150 -18.376741
102.936439 -17.765399
102.650395 -17.161314
102.360020 -16.564485
102.065313 -15.974913
101.766274 -15.392596
101.462903 -14.817537
101.155200 -14.249733
100.843166 -13.689187
100.526799 -13.135896
100.206101 -12.589862
99.881071 -12.051085
99.551710 -11.519564
99.218016 -10.995299
98.879991 -10.478291
98.537634 -9.968539
98.190944 -9.466043
97.839924 -8.970804
97.484571 -8.482822
97.124886 -8.002095
96.760870 -7.528626
96.392522 -7.062412
96.019842 -6.603455
95.642830 -6.151755
95.261487 -5.707311
94.875811 -5.270123
94.485804 -4.840192
94.091465 -4.417517
93.692794 -4.002099
93.289791 -3.593937
92.882457 -3.193031
92.470790 -2.799382
92.054792 -2.412989
91.634462 -2.033853
91.209800 -1.661973
90.780806 -1.297350
90.347481 -0.939983
89.909824 -0.589872
89.467834 -0.247018
89.021513 0.088580
88.570861 0.416921
88.115876 0.738006
87.656560 1.051835
87.192911 1.358407
86.724931 1.657722
86.252619 1.949781
85.775976 2.234584
85.295000 2.512131
84.809693 2.782421
84.321243 3.045499
83.832557 3.301474
83.343768 3.550352
82.854875 3.792133
82.365878 4.026816
81.876778 4.254401
81.387574 4.474889
80.898267 4.688279
80.408856 4.894572
79.919342 5.093766
79.429723 5.285864
78.940002 5.470864
78.450176 5.648766
77.960247 5.819570
77.470215 5.983277
76.980079 6.139887
76.489839 6.289399
75.999496 6.431813
75.509049 6.567130
75.018498 6.695349
74.527844 6.816470
74.037086 6.930494
73.546225 7.037420
73.055260 7.137249
72.564191 7.229980
72.073019 7.315614
71.581743 7.394150
71.090364 7.465588
70.598881 7.529929
70.107294 7.587172
69.615604 7.637318
69.123810 7.680366
68.631913 7.716316
68.139912 7.745169
67.647807 7.766924
67.155599 7.781582
66.663287 7.789142
66.170872 7.789604
65.678353 7.782969
65.185731 7.769237
64.693004 7.748406
64.200175 7.720478
63.707241 7.685453
63.214204 7.643330
62.721064 7.594109
62.227819 7.537791
61.734472 7.474375
61.241020 7.403862
60.747465 7.326251
60.253806 7.241542
59.760044 7.149736
59.266178 7.050832
58.772209 6.944831
58.278136 6.831732
57.783959 6.711536
57.289679 6.584242
56.795295 6.449850
56.300808 6.308361
55.806217 6.159774
55.311522 6.004089
54.816724 5.841307
54.321822 5.671428
53.826817 5.494451
53.331708 5.310376
52.836495 5.119203
52.341179 4.920933
51.845759 4.715566
51.350236 4.503101
50.854609 4.283538
50.358878 4.056878
49.863044 3.823120
49.367106 3.582264
48.871064 3.334311
48.374919 3.079261
47.878671 2.817112
47.382318 2.547866
46.885863 2.271523
46.389303 1.988082
45.892640 1.697543
45.395873 1.399907
44.899003 1.095173
44.402029 0.783342
43.904952 0.464413
43.407771 0.138387
42.910486 -0.194738
42.413098 -0.534959
41.915606 -0.882279
41.418010 -1.236695
40.920311 -1.598210
40.422509 -1.966822
39.924602 -2.342532
39.426593 -2.725339
38.928479 -3.115244
38.430262 -3.512246
37.931941 -3.916346
37.433517 -4.327544
36.934989 -4.745839
36.436358 -5.171232
35.937623 -5.603722
35.438784 -6.043310
34.939842 -6.489996
34.440796 -6.943779
33.941646 -7.404659
33.442393 -7.872638
32.943036 -8.347714
32.443576 -8.829887
31.944012 -9.319158
31.444345 -9.815527
30.944574 -10.318993
30.444699 -10.829557
29.944720 -11.347218
29.444639 -11.871977
28.944453 -12.403834
28.444164 -12.942788
27.943771 -13.488840
27.443275 -14.041989
26.942675 -14.602236
26.441971 -15.169581
25.941164 -15.744023
25.440254 -16.325562
24.939239 -16.914200
24.438121 -17.509935
23.936900 -18.112767
23.435575 -18.722697
22.934146 -19.339725
