269.890200 -130.993434
269.513898 -127.615008
269.132638 -124.260994
268.746423 -120.931390
268.355251 -117.626198
267.959122 -114.345417
267.558038 -111.089047
267.151997 -107.857088
266.740999 -104.649541
266.325045 -101.466404
265.904135 -98.307679
265.478269 -95.173365
265.047446 -92.063461
264.611666 -88.977969
264.170931 -85.916889
263.725239 -82.880219
263.274590 -79.867960
262.818986 -76.880113
262.358425 -73.916677
261.892907 -70.977652
261.422433 -68.063038
260.947003 -65.172835
260.466617 -62.307043
259.981274 -59.465663
259.490974 -56.648693
258.995719 -53.856135
258.495507 -51.087988
257.990338 -48.344252
257.480214 -45.624927
256.965133 -42.930013
256.445095 -40.259510
255.920101 -37.613419
255.390151 -34.991739
254.855245 -32.394469
254.315382 -29.821611
253.770562 -27.273164
253.220787 -24.749129
252.666055 -22.249504
252.106366 -19.774291
251.541722 -17.323488
250.972120 -14.897097
250.397563 -12.495117
249.818049 -10.117548
249.233579 -7.764390
248.644152 -5.435644
248.049769 -3.131308
247.450430 -0.851384
246.846134 1.404130
246.236882 3.635232
245.622674 5.841923
245.003509 8.024202
244.379388 10.182071
243.750311 12.315529
243.116277 14.424575
242.477287 16.509210
241.833340 18.569434
241.184437 20.605247
240.530578 22.616649
239.871762 24.603640
239.207990 26.566220
238.539262 28.504388
237.865577 30.418145
237.186936 32.307491
236.503338 34.172426
235.814784 36.012950
235.121274 37.829063
234.422807 39.620765
233.719384 41.388055
233.011005 43.130934
232.297669 44.849403
231.579377 46.543460
230.856129 48.213106
230.127924 49.858340
229.394763 51.479164
228.656646 53.075576
227.913572 54.647578
227.165541 56.195168
226.412555 57.718347
225.654612 59.217115
224.891712 60.691472
224.123857 62.141417
223.351045 63.566952
222.573276 64.968075
221.790552 66.344788
221.002870 67.697089
220.210233 69.024979
219.412639 70.328458
218.610089 71.607525
217.802582 72.862182
216.990119 74.092427
216.172700 75.298261
215.350324 76.479685
214.522992 77.636697
213.690703 78.769297
212.853459 79.877487
212.011258 80.961266
211.164100 82.020633
210.311986 83.055589
209.454916 84.066135
208.592889 85.052269
207.725906 86.013991
206.853967 86.951303
205.977071 87.864204
205.095219 88.752693
204.208411 89.616772
203.316646 90.456439
202.419925 91.271695
201.518247 92.062540
200.611613 92.828973
199.700023 93.570996
198.783476 94.288608
197.861973 94.981808
196.935514 95.650597
196.004098 96.294975
195.067726 96.914942
194.126397 97.510498
193.180113 98.081643
192.228871 98.628376
191.272674 99.150699
190.311520 99.648610
189.345410 100.122110
188.374343 100.571199
187.398320 100.995877
186.417341 101.396143
185.431405 101.771999
184.440959 102.123967
183.455810 102.463558
182.479971 102.795483
181.513442 103.119741
180.556223 103.436333
179.608314 103.745258
178.669714 104.046516
177.740425 104.340108
176.820445 104.626033
175.909776 104.904291
175.008416 105.174883
174.116366 105.437808
173.233626 105.693066
172.360196 105.940658
171.496076 106.180583
170.641266 106.412841
169.795766 106.637433
168.959575 106.854358
168.132695 107.063616
167.315124 107.265208
166.506863 107.459133
165.707913 107.645391
164.918272 107.823983
164.137941 107.994908
163.366919 108.158166
162.605208 108.313758
161.852807 108.461683
161.109715 108.601941
160.375934 108.734533
159.651462 108.859458
158.936300 108.976716
158.230449 109.086308
157.533907 109.188233
156.846674 109.282492
156.168752 109.369083
155.500140 109.448008
154.840838 109.519267
154.190845 109.582858
153.550163 109.638783
152.918790 109.687042
152.296727 109.727634
151.683974 109.760559
151.080531 109.785817
150.486398 109.803409
149.901575 109.813334
149.326062 109.815592
148.759858 109.810184
148.202965 109.797109
147.655381 109.776367
147.117107 109.747959
146.588143 109.711884
146.068490 109.668143
145.558145 109.616734
145.057111 109.557660
144.565387 109.490918
144.082973 109.416510
143.609868 109.334435
143.146074 109.244693
142.691589 109.147285
142.246414 109.042210
141.810550 108.929469
141.383995 108.809060
140.966750 108.680986
140.558814 108.545244
140.160189 108.401836
139.770874 108.250761
139.390868 108.092019
139.020173 107.925611
138.658787 107.751536
138.306711 107.569795
137.963945 107.380387
137.630489 107.183312
137.306343 106.978570
136.991507 106.766162
136.685981 106.546087
136.389764 106.318346
136.102858 106.082937
135.825261 105.839863
135.556975 105.589121
135.297998 105.330713
135.048331 105.064638
134.807974 104.790897
134.576927 104.509488
134.355190 104.220414
134.142762 103.923672
133.939645 103.619264
133.745837 103.307189
133.561340 102.987448
133.386152 102.660039
133.220274 102.324965
133.063706 101.982223
132.916448 101.631815
132.778500 101.273740
132.649862 100.907999
132.530533 100.534591
132.420515 100.153516
132.319806 99.764774
132.228408 99.368366
132.146319 98.964291
132.073540 98.552550
132.010071 98.133142
131.955912 97.706067
131.911063 97.271326
131.875523 96.828918
131.849294 96.378843
131.832375 95.921101
131.824765 95.455693
131.826465 94.982618
131.837476 94.501877
131.857796 94.013469
131.887426 93.517394
131.926366 93.013653
131.974615 92.502245
132.032175 91.983170
132.099045 91.456429
132.175224 90.922020
132.260713 90.379946
132.355513 89.830204
132.459622 89.272796
132.573041 88.707722
132.695770 88.134980
132.827809 87.554572
132.969158 86.966497
133.119816 86.370756
133.279785 85.767348
133.446819 85.157365
133.607451 84.547362
133.759438 83.938431
133.902779 83.330571
134.037474 82.723783
134.163523 82.118067
134.280926 81.513423
134.389683 80.909850
134.489794 80.307349
134.581260 79.705919
134.664079 79.105561
134.738253 78.506275
134.803781 77.908061
134.860662 77.310918
134.908898 76.714847
134.948488 76.119847
134.979432 75.525920
135.001731 74.933064
135.015383 74.341279
135.020390 73.750567
135.016750 73.160926
135.004465 72.572357
134.983534 71.984859
134.953956 71.398433
134.915733 70.813079
134.868865 70.228796
134.813350 69.645586
134.749189 69.063446
134.676382 68.482379
134.594930 67.902383
134.504832 67.323459
134.406087 66.745607
134.298697 66.168826
134.182661 65.593117
134.057979 65.018480
133.924651 64.444914
133.782677 63.872420
133.632058 63.300998
133.472792 62.730648
133.304881 62.161369
133.128324 61.593162
132.943120 61.026026
132.749271 60.459962
132.546776 59.894970
132.335635 59.331050
132.115848 58.768201
131.887416 58.206424
131.650337 57.645719
131.404613 57.086085
131.150242 56.527523
130.887226 55.970033
130.615564 55.413614
130.335256 54.858267
130.046302 54.303992
129.748702 53.750789
129.442456 53.198657
129.127565 52.647597
128.804027 52.097608
128.471844 51.548692
128.131014 51.000846
127.781539 50.454073
127.423418 49.908371
127.056651 49.363741
126.681238 48.820183
126.297179 48.277696
125.904475 47.736281
125.503124 47.195938
125.093127 46.656667
124.674485 46.118467
124.247197 45.581339
123.811263 45.045282
123.366683 44.510297
122.913457 43.976384
122.451585 43.443543
121.981067 42.911773
121.501903 42.381075
121.014094 41.851449
120.517638 41.322894
120.012537 40.795411
119.498790 40.269000
118.976397 39.743660
118.445358 39.219392
117.905673 38.696196
117.357342 38.174071
116.800365 37.653018
116.234743 37.133037
115.660474 36.614128
115.077560 36.096290
114.486000 35.579524
113.885793 35.063830
113.276941 34.549207
112.659443 34.035656
112.033300 33.523176
111.398510 33.011769
110.755074 32.501433
110.102993 31.992169
109.442265 31.483976
108.772892 30.976855
108.094873 30.470806
107.408208 29.965828
106.712897 29.461923
106.008940 28.959088
105.296337 28.457326
104.575088 27.956635
103.845194 27.457016
103.106653 26.958469
102.359467 26.460993
101.603634 25.964589
100.839156 25.469257
100.066032 24.974996
99.284262 24.481807
98.493846 23.989690
97.694785 23.498644
96.887077 23.008670
96.070723 22.519768
95.245724 22.031938
94.412079 21.545179
93.569787 21.059492
92.718850 20.574876
91.859267 20.091333
90.991038 19.608861
90.114164 19.127460
89.228643 18.647132
88.334476 18.167875
87.431664 17.689689
86.524425 17.213106
85.623076 16.739422
84.728084 16.268695
83.839450 15.800925
82.957174 15.336114
82.081255 14.874260
81.211695 14.415363
80.348492 13.959424
79.491647 13.506443
78.641160 13.056420
77.797030 12.609354
76.959259 12.165245
76.127845 11.724095
75.302789 11.285902
74.484091 10.850666
73.671751 10.418388
72.865768 9.989068
72.066143 9.562705
71.272876 9.139300
70.485967 8.718853
69.705416 8.301363
68.931223 7.886831
68.163387 7.475256
67.401909 7.066639
66.646789 6.660980
65.898027 6.258278
65.155622 5.858534
64.419576 5.461748
63.689887 5.067919
62.966556 4.677047
62.249583 4.289134
61.538967 3.904178
60.834710 3.522179
60.136810 3.143139
59.445268 2.767055
58.760084 2.393930
58.081257 2.023762
57.408789 1.656552
56.742678 1.292299
56.082925 0.931004
55.429530 0.572666
54.782493 0.217286
54.141813 -0.135136
53.507491 -0.484601
52.879528 -0.831108
52.257921 -1.174657
51.642673 -1.515249
51.033783 -1.852883
50.431250 -2.187559
49.835075 -2.519278
49.245258 -2.848040
48.661799 -3.173843
48.084698 -3.496690
47.513954 -3.816578
46.949568 -4.133509
46.391540 -4.447482
45.839870 -4.758498
45.294558 -5.066556
44.755603 -5.371656
44.223006 -5.673799
43.696767 -5.972984
43.176886 -6.269212
42.663363 -6.562482
42.156197 -6.852794
41.655389 -7.140149
41.160940 -7.424546
40.672847 -7.705985
40.191113 -7.984467
39.715737 -8.259991
39.246718 -8.532558
38.784057 -8.802167
38.327754 -9.068818
37.877809 -9.332512
37.434221 -9.593248
36.996992 -9.851027
36.566120 -10.105848
36.141606 -10.357711
35.723450 -10.606617
35.311651 -10.852565
34.906211 -11.095555
34.507128 -11.335588
34.114403 -11.572663
33.728036 -11.806781
33.348026 -12.037941
32.974375 -12.266143
32.607081 -12.491388
32.246145 -12.713675
31.891567 -12.933005
31.543346 -13.149377
31.201484 -13.362791
30.865979 -13.573248
30.536832 -13.780747
30.214043 -13.985288
29.897612 -14.186872
29.587538 -14.385498
29.283823 -14.581167
28.986465 -14.773878
28.695465 -14.963631
28.410823 -15.150427
28.132538 -15.334265
27.860611 -15.515145
27.595043 -15.693068
27.335832 -15.868034
27.082978 -16.040041
26.836483 -16.209091
26.596345 -16.375184
26.362566 -16.538319
26.135144 -16.698496
25.914079 -16.855715
25.699373 -17.009977
25.491025 -17.161282
25.289034 -17.309629
25.093401 -17.455018
24.904126 -17.597449
24.721208 -17.736923
24.544649 -17.873439
24.374447 -18.006998
24.210603 -18.137599
24.053117 -18.265242
23.901989 -18.389928
23.757218 -18.511656
23.618806 -18.630427
23.486751 -18.746240
23.361054 -18.859095
23.241715 -18.968993
