205.631159 -218.439525
204.410725 -218.324418
203.203783 -218.205022
202.010333 -218.081337
200.830375 -217.953363
199.663909 -217.821100
198.510936 -217.684549
197.371455 -217.543708
196.245466 -217.398579
195.132969 -217.249160
194.033964 -217.095453
192.948452 -216.937457
191.876432 -216.775172
190.817904 -216.608598
189.772868 -216.437736
188.741325 -216.262584
187.723274 -216.083143
186.718714 -215.899414
185.727648 -215.711396
184.750073 -215.519089
183.785990 -215.322493
182.835400 -215.121608
181.898302 -214.916434
180.974696 -214.706971
180.064583 -214.493220
179.167961 -214.275179
178.284832 -214.052850
177.415195 -213.826232
176.559050 -213.595324
175.716398 -213.360128
174.887238 -213.120644
174.071569 -212.876870
173.269393 -212.628807
172.480710 -212.376456
171.705518 -212.119815
170.943819 -211.858886
170.195612 -211.593668
169.460897 -211.324161
168.739674 -211.050365
168.031944 -210.772280
167.337706 -210.489906
166.656960 -210.203244
165.989706 -209.912292
165.335944 -209.617052
164.695675 -209.317523
164.068898 -209.013704
163.455613 -208.705597
162.855820 -208.393201
162.269519 -208.076517
161.696711 -207.755543
161.137395 -207.430280
160.591571 -207.100729
160.059239 -206.766889
159.540400 -206.428759
159.035052 -206.086341
158.543197 -205.739634
158.064834 -205.388639
157.599964 -205.033354
157.148585 -204.673780
156.710699 -204.309918
156.286305 -203.941766
155.875403 -203.569326
155.477993 -203.192597
155.094076 -202.811579
154.723651 -202.426272
154.366718 -202.036676
154.023277 -201.642791
153.693328 -201.244618
153.376872 -200.842155
153.073908 -200.435404
152.784436 -200.024364
152.508456 -199.609035
152.245969 -199.189417
151.996973 -198.765510
151.761470 -198.337314
151.539459 -197.904829
151.330941 -197.468056
151.135914 -197.026993
150.954380 -196.581642
150.786338 -196.132002
150.631788 -195.678073
150.490730 -195.219855
150.363165 -194.757348
150.249092 -194.290552
150.148511 -193.819468
150.061422 -193.344094
149.987825 -192.864432
149.927721 -192.380481
149.881109 -191.892241
149.847989 -191.399712
149.828361 -190.902894
149.822226 -190.401787
149.829582 -189.896391
149.850431 -189.386707
149.884772 -188.872733
149.932606 -188.354471
149.993931 -187.831920
150.068749 -187.305080
150.157059 -186.773951
150.258861 -186.238533
150.374155 -185.698826
150.502942 -185.154830
150.645221 -184.606546
150.800992 -184.053972
150.970255 -183.497110
151.153010 -182.935959
151.349258 -182.370519
151.558998 -181.800790
151.782230 -181.226772
152.018954 -180.648466
152.269171 -180.065870
152.532879 -179.478985
152.810080 -178.887812
153.100773 -178.292350
153.404958 -177.692599
153.722636 -177.088559
154.053806 -176.480230
154.398468 -175.867612
154.756622 -175.250705
155.128268 -174.629510
155.513407 -174.004026
155.912037 -173.374252
156.324160 -172.740190
156.749776 -172.101839
157.188883 -171.459199
157.640765 -170.812153
158.089621 -170.158125
158.528990 -169.496061
158.958870 -168.825962
159.379263 -168.147826
159.790168 -167.461655
160.191584 -166.767448
160.583513 -166.065205
160.965953 -165.354926
161.338906 -164.636612
161.702370 -163.910261
162.056346 -163.175875
162.400835 -162.433453
162.735835 -161.682995
163.061348 -160.924502
163.377372 -160.157972
163.683908 -159.383407
163.980956 -158.600805
164.268517 -157.810168
164.546589 -157.011495
164.815173 -156.204787
165.074269 -155.390042
165.323878 -154.567262
165.563998 -153.736446
165.794630 -152.897594
166.015774 -152.050706
166.227430 -151.195782
166.429598 -150.332823
166.622278 -149.461827
166.805470 -148.582796
166.979174 -147.695729
167.143390 -146.800626
167.298118 -145.897488
167.443358 -144.986313
167.579110 -144.067103
167.705374 -143.139857
167.822150 -142.204575
167.929437 -141.261257
168.027237 -140.309903
168.115549 -139.350514
168.194373 -138.383088
168.263709 -137.407627
168.323556 -136.424130
168.373916 -135.432597
168.414788 -134.433029
168.446171 -133.425424
168.468067 -132.409784
168.480474 -131.386108
168.483394 -130.354396
168.476826 -129.314648
168.460769 -128.266865
168.435225 -127.211045
168.400192 -126.147190
168.355672 -125.075299
168.301663 -123.995372
168.238167 -122.907409
168.165182 -121.811411
168.082709 -120.707376
167.990749 -119.595306
167.889300 -118.475200
167.778363 -117.347058
167.657939 -116.210880
167.528026 -115.066667
167.388625 -113.914417
167.239736 -112.754132
167.081359 -111.585811
166.913495 -110.409454
166.736142 -109.225061
166.549301 -108.032633
166.352972 -106.832168
166.147155 -105.623668
165.931850 -104.407132
165.707057 -103.182560
165.472776 -101.949953
165.229007 -100.709309
164.975750 -99.460630
164.713005 -98.203915
164.440772 -96.939164
164.159051 -95.666377
163.867842 -94.385554
163.567145 -93.096696
163.256960 -91.799801
162.937286 -90.494871
162.608125 -89.181905
162.269476 -87.860903
161.921339 -86.531866
161.563713 -85.194792
161.196600 -83.849683
160.819999 -82.496538
160.433909 -81.135357
160.038332 -79.766140
159.633267 -78.388887
159.218713 -77.003599
158.794672 -75.610274
158.361142 -74.208914
157.918125 -72.799518
157.465619 -71.382086
157.003626 -69.956619
156.532144 -68.523115
156.051175 -67.081576
155.560717 -65.632001
155.060771 -64.174390
154.551338 -62.708743
154.032416 -61.235061
153.504006 -59.753342
152.966109 -58.263588
152.418723 -56.765798
151.861849 -55.259972
151.295487 -53.746110
150.719638 -52.224213
150.134300 -50.694279
149.539474 -49.156310
148.935160 -47.610305
148.321358 -46.056264
147.698068 -44.494187
147.065290 -42.924075
146.423024 -41.345926
145.771270 -39.759742
145.110028 -38.165522
144.439298 -36.563266
143.759080 -34.952975
143.069374 -33.334647
142.370180 -31.708284
141.661498 -30.073884
140.943328 -28.431449
140.217054 -26.783988
139.490982 -25.149556
138.766497 -23.531165
138.043599 -21.928812
137.322287 -20.342499
136.602562 -18.772225
135.884423 -17.217991
135.167871 -15.679796
134.452905 -14.157641
133.739526 -12.651525
133.027734 -11.161449
132.317528 -9.687412
131.608908 -8.229415
130.901875 -6.787457
130.196429 -5.361538
129.492570 -3.951659
128.790296 -2.557819
128.089610 -1.180019
127.390510 0.181742
126.692997 1.527463
125.997070 2.857145
125.302729 4.170788
124.609976 5.468390
123.918809 6.749954
123.229228 8.015478
122.541234 9.264963
121.854827 10.498408
121.170006 11.715814
120.486771 12.917180
119.805124 14.102507
119.125063 15.271794
118.446588 16.425042
117.769700 17.562251
117.094398 18.683420
116.420684 19.788549
115.748555 20.877639
115.078013 21.950690
114.409058 23.007701
113.741690 24.048673
113.075907 25.073606
112.411712 26.082498
111.749103 27.075352
111.088081 28.052166
110.428645 29.012941
109.770796 29.957676
109.114533 30.886371
108.459857 31.799028
107.806767 32.695644
107.155264 33.576222
106.505348 34.440759
105.857018 35.289258
105.210275 36.121717
104.565118 36.938136
103.921548 37.738516
103.279564 38.522857
102.639167 39.291158
102.000357 40.043420
101.363133 40.779642
100.727496 41.499825
100.093445 42.203968
99.460981 42.892072
98.830103 43.564137
98.200812 44.220162
97.573108 44.860147
96.946990 45.484094
96.322458 46.092000
95.699514 46.683868
95.078155 47.259695
94.458384 47.819484
93.840199 48.363233
93.223600 48.890942
92.608588 49.402612
91.995163 49.898242
91.383324 50.377834
90.773072 50.841385
90.164406 51.288897
89.557327 51.720370
88.951834 52.135803
88.347928 52.535197
87.745609 52.918552
87.144876 53.285867
86.545730 53.637142
85.948170 53.972378
85.352197 54.291575
84.757810 54.594732
84.165010 54.881850
83.573797 55.152928
82.984170 55.407967
82.396130 55.646966
81.809676 55.869926
81.224809 56.076846
80.641528 56.267728
80.059834 56.442569
79.479727 56.601371
78.901206 56.744134
78.324271 56.870857
77.748924 56.981541
77.175162 57.076185
76.602988 57.154790
76.032400 57.217355
75.463398 57.263881
74.895983 57.294368
74.330155 57.308815
73.765913 57.307223
73.203258 57.289591
72.642189 57.255920
72.082707 57.206209
71.524811 57.140459
70.968502 57.058669
70.413780 56.960840
69.860644 56.846971
69.309095 56.717064
68.759132 56.571116
68.210756 56.409129
67.663966 56.231103
67.118763 56.037037
66.575147 55.826932
66.033117 55.600787
65.492674 55.358603
64.953817 55.100380
64.416547 54.826117
63.880863 54.535814
63.346766 54.229472
62.814256 53.907091
62.283332 53.568670
61.754266 53.217449
61.227720 52.861345
60.703726 52.500718
60.182282 52.135569
59.663389 51.765897
59.147047 51.391701
58.633255 51.012984
58.122015 50.629743
57.613326 50.241979
57.107187 49.849693
56.603599 49.452884
56.102562 49.051552
55.604076 48.645697
55.108140 48.235320
54.614756 47.820419
54.123922 47.400996
53.635639 46.977050
53.149907 46.548581
52.666726 46.115590
52.186096 45.678075
51.708016 45.236038
51.232488 44.789478
50.759510 44.338396
50.289083 43.882790
49.821207 43.422662
49.355881 42.958010
48.893107 42.488836
48.432883 42.015140
47.975211 41.536920
47.520089 41.054178
47.067518 40.566912
46.617497 40.075124
46.170028 39.578814
45.725109 39.077980
45.282742 38.572623
44.842925 38.062744
44.405659 37.548342
43.970943 37.029417
43.538779 36.505970
43.109166 35.977999
42.682103 35.445506
42.257591 34.908490
41.835630 34.366951
41.416220 33.820889
40.999360 33.270305
40.585052 32.715198
40.173294 32.155568
39.764088 31.591415
39.357432 31.022739
38.953326 30.449541
38.551772 29.871819
38.152769 29.289575
37.756316 28.702808
37.362414 28.111519
36.971063 27.515706
36.582263 26.915371
36.196014 26.310513
35.812316 25.701132
35.431168 25.087228
35.052571 24.468801
34.676525 23.845852
34.303030 23.218380
33.932086 22.586385
33.563693 21.949867
33.197850 21.308827
32.834559 20.663263
32.473818 20.013177
32.115628 19.358568
31.759989 18.699436
31.406900 18.035782
31.056363 17.367604
30.708376 16.694904
30.362940 16.017681
30.020055 15.335936
29.679721 14.649667
29.341938 13.958876
29.006705 13.263561
28.674024 12.563724
28.343893 11.859365
28.016313 11.150482
27.691284 10.437076
27.368806 9.719148
27.048878 8.996697
26.731502 8.269723
26.416676 7.538227
26.104401 6.802207
25.794677 6.061665
25.487504 5.316600
25.182882 4.567012
24.880810 3.812902
24.581289 3.054268
24.284319 2.291112
23.989900 1.523433
23.698032 0.751231
23.408715 -0.025494
23.121948 -0.806741
22.837733 -1.592512
22.556068 -2.382805
22.276954 -3.177621
22.000391 -3.976959
21.726379 -4.780821
21.454917 -5.589205
21.186006 -6.402112
20.919647 -7.219542
20.655838 -8.041495
20.394580 -8.867970
20.135872 -9.698969
19.879716 -10.534490
19.626110 -11.374534
19.375056 -12.219100
19.126552 -13.068190
18.880599 -13.921802
18.637197 -14.779938
18.396345 -15.642595
18.158045 -16.509776
17.922295 -17.381480
17.689096 -18.257706
17.458448 -19.138455
17.230351 -20.023727
17.004805 -20.913522
16.781809 -21.807840
16.561364 -22.706680
16.343471 -23.610043
16.128128 -24.517929
15.915336 -25.430338
