297.494600 -38.690602
296.803014 -35.872303
296.112156 -33.089480
295.422028 -30.342131
294.732627 -27.630258
294.043956 -24.953859
293.356013 -22.312936
292.668800 -19.707488
291.982314 -17.137515
291.296558 -14.603017
290.611530 -12.103994
289.927231 -9.640446
289.243661 -7.212374
288.560820 -4.819776
287.878707 -2.462654
287.197323 -0.141006
286.516668 2.145166
285.836742 4.395863
285.157544 6.611085
284.479075 8.790832
283.801335 10.935104
283.124323 13.043901
282.448041 15.117222
281.772487 17.155069
281.097661 19.157440
280.423565 21.124336
279.750197 23.055758
279.077558 24.951704
278.405648 26.812175
277.734466 28.637171
277.064014 30.426692
276.394290 32.180737
275.725294 33.899308
275.057028 35.582403
274.389490 37.230024
273.722681 38.842169
273.056601 40.418839
272.391249 41.960035
271.726626 43.465755
271.062732 44.935999
270.399567 46.370769
269.737131 47.770064
269.075423 49.133884
268.414444 50.462228
267.754193 51.755098
267.094672 53.012492
266.435879 54.234411
265.777815 55.420855
265.120479 56.571824
264.463873 57.687318
263.807995 58.767337
263.152846 59.811881
262.498426 60.820949
261.844734 61.794543
261.191771 62.732661
260.539537 63.635304
259.888031 64.502473
259.237255 65.334166
258.587207 66.130384
257.937888 66.891127
257.289297 67.616394
256.641436 68.306187
255.994303 68.960505
255.347899 69.579347
254.702223 70.162715
254.057277 70.710607
253.413059 71.223024
252.769569 71.699966
252.126809 72.141433
251.484777 72.547425
250.843474 72.917942
250.202900 73.252983
249.563055 73.552550
248.923938 73.816641
248.285550 74.045258
247.647891 74.238399
247.010960 74.396065
246.374758 74.518256
245.739285 74.604972
245.104541 74.656213
244.470526 74.671979
243.837239 74.652270
243.204681 74.597085
242.572852 74.506426
241.941751 74.380291
241.311379 74.218681
240.681736 74.021596
240.052822 73.789037
239.424636 73.521002
238.797180 73.217491
238.170452 72.878506
237.544452 72.504046
236.919182 72.094110
236.294640 71.648700
235.670827 71.167814
235.047742 70.651453
234.425387 70.099618
233.803760 69.512307
233.182862 68.889521
232.562692 68.231259
231.943252 67.537523
231.324540 66.808312
230.706557 66.043625
230.089302 65.243464
229.472777 64.407827
228.856980 63.536715
228.241912 62.630129
227.627572 61.688067
227.013962 60.710530
226.401080 59.697517
225.788927 58.649030
225.177502 57.565068
224.566807 56.445630
223.956840 55.290718
223.347602 54.100330
222.739092 52.874467
222.131311 51.613129
221.524259 50.316316
220.917936 48.984028
220.312342 47.616265
219.707476 46.213027
219.103339 44.774314
218.499931 43.300125
217.897251 41.790462
217.295301 40.245323
216.694020 38.666115
216.092130 37.083761
215.489106 35.510912
214.884948 33.947568
214.279656 32.393728
213.673230 30.849394
213.065669 29.314564
212.456975 27.789239
211.847148 26.273419
211.236186 24.767104
210.624090 23.270294
210.010860 21.782989
209.396496 20.305189
208.780998 18.836893
208.164367 17.378102
207.546601 15.928816
206.927701 14.489035
206.307668 13.058759
205.686500 11.637988
205.064199 10.226721
204.440763 8.824960
203.816194 7.432703
203.190491 6.049951
202.563653 4.676704
201.935682 3.312962
201.306577 1.958725
200.676338 0.613992
200.044965 -0.721235
199.412457 -2.046958
198.778816 -3.363176
198.144041 -4.669889
197.508132 -5.967097
196.871089 -7.254800
196.232913 -8.532998
195.593602 -9.801692
194.953157 -11.060881
194.311578 -12.310565
193.668866 -13.550744
193.025019 -14.781418
192.380038 -16.002587
191.733924 -17.214251
191.086675 -18.416411
190.438293 -19.609065
189.788776 -20.792215
189.138126 -21.965860
188.486342 -23.130000
187.833423 -24.284636
187.179371 -25.429766
186.524185 -26.565391
185.867865 -27.691512
185.210410 -28.808128
184.551822 -29.915239
183.892100 -31.012845
183.231244 -32.100946
182.569254 -33.179542
181.906130 -34.248634
181.241873 -35.308221
180.576481 -36.358302
179.909955 -37.398879
179.242295 -38.429951
178.573502 -39.451519
177.903574 -40.463581
177.232512 -41.466138
176.560317 -42.459191
175.886987 -43.442739
175.212524 -44.416782
174.536926 -45.381320
173.860195 -46.336353
173.182330 -47.281881
172.503330 -48.217905
171.823197 -49.144423
171.141930 -50.061437
170.459529 -50.968946
169.775994 -51.866950
169.091325 -52.755449
168.405521 -53.634443
167.718584 -54.503933
167.030514 -55.363917
166.341309 -56.214397
165.650970 -57.055372
164.959497 -57.886842
164.266890 -58.708807
163.573149 -59.521267
162.878275 -60.324223
162.182266 -61.117673
161.485124 -61.901619
160.786847 -62.676060
160.087436 -63.440996
159.386892 -64.196427
158.685214 -64.942353
157.982401 -65.678775
157.278455 -66.405691
156.573375 -67.123103
155.867160 -67.831010
155.159812 -68.529412
154.451330 -69.218309
153.741714 -69.897701
153.030964 -70.567589
152.319080 -71.227971
151.606062 -71.878849
150.891910 -72.520222
150.176624 -73.152090
149.460204 -73.774453
148.742650 -74.387311
148.023962 -74.990664
147.304141 -75.584513
146.583185 -76.168857
145.861095 -76.743695
145.137872 -77.309029
144.413514 -77.864858
143.688023 -78.411183
142.961397 -78.948002
142.233638 -79.475317
141.504744 -79.993126
140.774717 -80.501431
140.043556 -81.000231
139.311261 -81.489526
138.577831 -81.969316
137.843268 -82.439602
137.107571 -82.900382
136.370740 -83.351658
135.632775 -83.793428
134.893676 -84.225694
134.153443 -84.648455
133.412076 -85.061712
132.670390 -85.465134
131.933272 -85.856752
131.201537 -86.236235
130.475185 -86.603584
129.754216 -86.958799
129.038629 -87.301880
128.328426 -87.632827
127.623605 -87.951640
126.924167 -88.258319
126.230113 -88.552864
125.541441 -88.835274
124.858152 -89.105551
124.180246 -89.363693
123.507723 -89.609702
122.840582 -89.843576
122.178825 -90.065317
121.522450 -90.274923
120.871459 -90.472395
120.225850 -90.657734
119.585624 -90.830938
118.950782 -90.992008
118.321322 -91.140944
117.697244 -91.277746
117.078550 -91.402414
116.465239 -91.514948
115.857311 -91.615347
115.254765 -91.703613
114.657602 -91.779745
114.065823 -91.843742
113.479426 -91.895606
112.898412 -91.935335
112.322781 -91.962931
111.752533 -91.978392
111.187668 -91.981719
110.628185 -91.972913
110.074086 -91.951972
109.525369 -91.918897
108.982036 -91.873688
108.444085 -91.816345
107.911517 -91.746868
107.384332 -91.665257
106.862530 -91.571511
106.346111 -91.465632
105.835075 -91.347619
105.329422 -91.217471
104.829151 -91.075190
104.334264 -90.920774
103.844759 -90.754225
103.360637 -90.575541
102.881898 -90.384723
102.408542 -90.181772
101.940569 -89.966686
101.477979 -89.739466
101.020772 -89.500112
100.568948 -89.248624
100.122506 -88.985002
99.681448 -88.709246
99.245772 -88.421355
98.815479 -88.121331
98.390569 -87.809173
97.971042 -87.484880
97.556898 -87.148454
97.148137 -86.799893
96.744759 -86.439199
96.346764 -86.066370
95.954151 -85.681407
95.566921 -85.284311
95.185075 -84.875080
94.808611 -84.453715
94.437530 -84.020216
94.071832 -83.574583
93.711517 -83.116816
93.356585 -82.646915
93.007036 -82.164879
92.662869 -81.670710
92.324086 -81.164407
91.990685 -80.645969
91.662667 -80.115398
91.340033 -79.572692
91.022781 -79.017853
90.710912 -78.450879
90.404426 -77.871771
90.103322 -77.280530
89.807602 -76.677154
89.517265 -76.061644
89.232310 -75.434000
88.952739 -74.794222
88.678550 -74.142310
88.409744 -73.478264
88.146321 -72.802083
87.888281 -72.113769
87.635624 -71.413321
87.388350 -70.700738
87.146458 -69.976022
86.909950 -69.239171
86.678824 -68.490187
86.453082 -67.729068
86.232722 -66.955816
86.017745 -66.170429
85.808151 -65.372908
85.603940 -64.563253
85.405112 -63.741464
85.211667 -62.907541
85.023605 -62.061484
84.840925 -61.203293
84.663629 -60.332968
84.491715 -59.450508
84.325184 -58.555915
84.164036 -57.649188
84.008271 -56.730326
83.857889 -55.799331
83.712890 -54.856201
83.573274 -53.900937
83.439040 -52.933540
83.310190 -51.954008
83.186722 -50.962342
83.068638 -49.958542
82.955936 -48.942608
82.848617 -47.914540
82.746681 -46.874338
82.650128 -45.822002
82.558958 -44.757532
82.473171 -43.680927
82.392766 -42.592189
82.317745 -41.491317
82.244879 -40.385777
82.166278 -39.293822
82.081586 -38.216280
81.990800 -37.153153
81.893922 -36.104439
81.790951 -35.070140
81.681887 -34.050255
81.566731 -33.044784
81.445482 -32.053726
81.318140 -31.077083
81.184706 -30.114854
81.045178 -29.167039
80.899559 -28.233638
80.747846 -27.314651
80.590041 -26.410078
80.426143 -25.519919
80.256152 -24.644174
80.080069 -23.782843
79.897893 -22.935926
79.709624 -22.103423
79.515263 -21.285334
79.314809 -20.481659
79.108262 -19.692398
78.895623 -18.917551
78.676891 -18.157119
78.452066 -17.411100
78.221148 -16.679495
77.984138 -15.962304
77.741035 -15.259528
77.491839 -14.571165
77.236551 -13.897216
76.975170 -13.237682
76.707696 -12.592561
76.434130 -11.961855
76.154471 -11.345562
75.868719 -10.743684
75.576874 -10.156219
75.278937 -9.583169
74.974907 -9.024532
74.664785 -8.480310
74.348570 -7.950502
74.026262 -7.435107
73.697861 -6.934127
73.363367 -6.447561
73.022781 -5.975408
72.676103 -5.517670
72.323331 -5.074346
71.964467 -4.645436
71.599510 -4.230940
71.228461 -3.830858
70.851318 -3.445189
70.468084 -3.073935
70.078756 -2.717095
69.683336 -2.374669
69.281823 -2.046657
68.874217 -1.733059
68.460519 -1.433875
68.040727 -1.149106
67.614844 -0.878750
67.182867 -0.622808
66.744798 -0.381280
66.300636 -0.154166
65.850382 0.058534
65.394034 0.256819
64.931594 0.440691
64.463062 0.610149
63.988436 0.765192
63.507718 0.905822
63.020908 1.032038
62.528004 1.143839
62.029008 1.241227
61.523919 1.324200
61.012738 1.392760
60.495463 1.446905
59.972097 1.486637
59.442637 1.511954
58.907085 1.522858
58.365440 1.519347
57.817702 1.501422
57.263872 1.469084
56.703949 1.422331
56.137933 1.361164
55.565824 1.285583
54.987623 1.195589
54.403329 1.091180
53.812943 0.972357
53.216464 0.839120
52.613892 0.691469
52.005227 0.529404
51.390470 0.352925
50.769620 0.162032
50.142677 -0.043275
49.509641 -0.262996
48.870513 -0.497131
48.225293 -0.745680
47.573979 -1.008643
46.916573 -1.286020
46.253074 -1.577811
45.583482 -1.884017
44.907798 -2.204636
44.226021 -2.539669
43.538151 -2.889116
42.844189 -3.252978
42.144134 -3.631253
41.437986 -4.023942
40.725746 -4.431046
40.007413 -4.852563
39.282987 -5.288494
38.552468 -5.738840
37.815857 -6.203599
37.073153 -6.682773
36.324357 -7.176360
35.569467 -7.684362
34.808485 -8.206778
34.041411 -8.743607
33.268243 -9.294851
32.488983 -9.860509
31.703630 -10.440580
30.912185 -11.035066
30.114647 -11.643966
29.311016 -12.267280
28.501292 -12.905007
27.685476 -13.557149
26.863567 -14.223705
26.035565 -14.904675
