295.816257 -49.927368
294.719473 -51.786525
293.629724 -53.617801
292.547011 -55.421195
291.471332 -57.196708
290.402689 -58.944339
289.341082 -60.664089
288.286509 -62.355957
287.238972 -64.019944
286.198470 -65.656049
285.165004 -67.264273
284.138573 -68.844615
283.119177 -70.397076
282.106816 -71.921655
281.101491 -73.418352
280.103201 -74.887168
279.111946 -76.328103
278.127726 -77.741156
277.150542 -79.126327
276.180393 -80.483617
275.217280 -81.813026
274.261201 -83.114553
273.312158 -84.388198
272.370151 -85.633962
271.435178 -86.851844
270.507241 -88.041845
269.586339 -89.203965
268.672473 -90.338203
267.765641 -91.444559
266.865845 -92.523034
265.973085 -93.573627
265.087359 -94.596339
264.208669 -95.591169
263.337014 -96.558118
262.472395 -97.497185
261.614811 -98.408370
260.764262 -99.291675
259.920748 -100.147097
259.084270 -100.974638
258.254827 -101.774298
257.432419 -102.546076
256.617046 -103.289973
255.808709 -104.005988
255.007407 -104.694121
254.213141 -105.354373
253.425909 -105.986744
252.645713 -106.591233
251.872553 -107.167840
251.106427 -107.716566
250.347337 -108.237410
249.595282 -108.730373
248.850262 -109.195455
248.112278 -109.632654
247.381329 -110.041973
246.657416 -110.423410
245.940537 -110.776965
245.230694 -111.102639
244.527886 -111.400431
243.832114 -111.670342
243.143376 -111.912371
242.461674 -112.126519
241.787008 -112.312785
241.119376 -112.471169
240.458780 -112.601672
239.805220 -112.704294
239.158694 -112.779034
238.519204 -112.825893
237.886749 -112.844870
237.261329 -112.835965
236.642945 -112.799179
236.031596 -112.734512
235.427282 -112.641963
234.830004 -112.521532
234.239761 -112.373220
233.656553 -112.197027
233.080380 -111.992951
232.511243 -111.760995
231.949141 -111.501157
231.394074 -111.213437
230.846043 -110.897836
230.305047 -110.554353
229.771086 -110.182989
229.244160 -109.783743
228.724270 -109.356616
228.211415 -108.901607
227.705595 -108.418717
227.206811 -107.907945
226.715062 -107.369292
226.230348 -106.802757
225.752670 -106.208340
225.282027 -105.586043
224.818419 -104.935863
224.361846 -104.257802
223.912309 -103.551860
223.469807 -102.818036
223.034340 -102.056330
222.605908 -101.266743
222.184512 -100.449275
221.770151 -99.603925
221.362826 -98.730693
220.962535 -97.829580
220.569280 -96.900585
220.183061 -95.943709
219.803876 -94.958952
219.431727 -93.946312
219.066613 -92.905792
218.708535 -91.837389
218.357492 -90.741106
218.013484 -89.616940
217.676511 -88.464894
217.346574 -87.284965
217.023671 -86.077156
216.707805 -84.841464
216.398973 -83.577891
216.097177 -82.286437
215.802416 -80.967101
215.514690 -79.619884
215.234000 -78.244785
214.960345 -76.841804
214.693725 -75.410942
214.434141 -73.952199
214.181592 -72.465574
213.936078 -70.951067
213.697599 -69.408679
213.466156 -67.838410
213.241353 -66.241797
213.014504 -64.652677
212.782054 -63.084893
212.544004 -61.538444
212.300354 -60.013332
212.051104 -58.509554
211.796253 -57.027113
211.535803 -55.566007
211.269752 -54.126237
210.998101 -52.707802
210.720849 -51.310703
210.437997 -49.934939
210.149546 -48.580512
209.855494 -47.247420
209.555841 -45.935663
209.250589 -44.645242
208.939736 -43.376157
208.623283 -42.128407
208.301230 -40.901993
207.973576 -39.696915
207.640322 -38.513172
207.301468 -37.350765
206.957014 -36.209694
206.606960 -35.089958
206.251305 -33.991558
205.890050 -32.914494
205.523195 -31.858765
205.150740 -30.824371
204.772684 -29.811314
204.389029 -28.819592
203.999773 -27.849206
203.604916 -26.900155
203.204460 -25.972440
202.798403 -25.066060
202.386746 -24.181017
201.969489 -23.317308
201.546632 -22.474936
201.118174 -21.653899
200.684116 -20.854198
200.244458 -20.075832
199.799200 -19.318802
199.348342 -18.583108
198.891883 -17.868749
198.429824 -17.175726
197.962165 -16.504038
197.488905 -15.853687
197.010046 -15.224670
196.525586 -14.616990
196.035526 -14.030645
195.539865 -13.465636
195.038605 -12.921962
194.531744 -12.399624
194.019283 -11.898622
193.501221 -11.418955
192.977560 -10.960624
192.448298 -10.523628
191.913436 -10.107968
191.372974 -9.713644
190.826912 -9.340656
190.275249 -8.989003
189.717986 -8.658685
189.155123 -8.349704
188.586660 -8.062058
188.012596 -7.795747
187.432932 -7.550773
186.847668 -7.327133
186.256804 -7.124830
185.660340 -6.943862
185.058275 -6.784230
184.450610 -6.645933
183.837345 -6.528972
183.218479 -6.433347
182.594014 -6.359057
181.963948 -6.306103
181.328282 -6.274485
180.687016 -6.264202
180.040149 -6.275255
179.387682 -6.307643
178.729615 -6.361367
178.065948 -6.436427
177.396681 -6.532823
176.721813 -6.650554
176.041345 -6.789620
175.355277 -6.950022
174.663609 -7.131760
173.966340 -7.334834
173.263471 -7.559243
172.555002 -7.804988
171.840933 -8.072068
171.121263 -8.360485
170.395994 -8.670236
169.665124 -9.001324
168.928653 -9.353747
168.186583 -9.727505
167.438912 -10.122600
166.685641 -10.539029
165.926770 -10.976795
165.162299 -11.435896
164.392227 -11.916333
163.616556 -12.418105
162.835284 -12.941213
162.048411 -13.485657
161.255939 -14.051436
160.457866 -14.638551
159.654193 -15.247002
158.844920 -15.876788
158.030046 -16.527910
157.209573 -17.200368
156.383499 -17.894161
155.551825 -18.609290
154.714551 -19.345754
153.871676 -20.103554
153.023201 -20.882690
152.169126 -21.683161
151.309451 -22.504968
150.444176 -23.348111
149.573300 -24.212589
148.696824 -25.098403
147.814748 -26.005552
146.927071 -26.934037
146.033795 -27.883858
145.134918 -28.855015
144.230441 -29.847507
143.320364 -30.861334
142.404686 -31.896498
141.484760 -32.948435
140.568693 -33.989776
139.657838 -35.015958
138.752194 -36.026983
137.851761 -37.022849
136.956540 -38.003557
136.066530 -38.969108
135.181731 -39.919500
134.302143 -40.854733
133.427767 -41.774809
132.558602 -42.679727
131.694648 -43.569486
130.835905 -44.444088
129.982374 -45.303531
129.134054 -46.147816
128.290945 -46.976943
127.453048 -47.790912
126.620361 -48.589722
125.792886 -49.373375
124.970623 -50.141869
124.153570 -50.895206
123.341729 -51.633384
122.535099 -52.356404
121.733680 -53.064266
120.937473 -53.756969
120.146477 -54.434515
119.360692 -55.096903
118.580118 -55.744132
117.804756 -56.376203
117.034605 -56.993116
116.269665 -57.594871
115.509937 -58.181468
114.755419 -58.752907
114.006113 -59.309187
113.262019 -59.850310
112.523135 -60.376274
111.789463 -60.887080
111.061002 -61.382728
110.337752 -61.863218
109.619714 -62.328550
108.906887 -62.778724
108.199271 -63.213739
107.496866 -63.633596
106.799673 -64.038296
106.107691 -64.427837
105.420920 -64.802220
104.739360 -65.161445
104.063012 -65.505511
103.391875 -65.834420
102.725949 -66.148170
102.065235 -66.446763
101.409731 -66.730197
100.759439 -66.998473
100.114359 -67.251591
99.474489 -67.489551
98.839831 -67.712352
98.210384 -67.919996
97.586149 -68.112481
96.967124 -68.289808
96.353311 -68.451977
95.744709 -68.598988
95.141319 -68.730841
94.543139 -68.847536
93.950171 -68.949073
93.362414 -69.035451
92.779869 -69.106671
92.202535 -69.162734
91.630412 -69.203638
91.063500 -69.229384
90.501799 -69.239971
89.945310 -69.235401
89.394032 -69.215673
88.847966 -69.180786
88.307110 -69.130741
87.771466 -69.065538
87.241033 -68.985177
86.715812 -68.889658
86.195801 -68.778981
85.681002 -68.653146
85.171414 -68.512152
84.667038 -68.356000
84.167872 -68.184691
83.673918 -67.998223
83.185176 -67.796597
82.701644 -67.579812
82.223324 -67.347870
81.750215 -67.100770
81.282317 -66.838511
80.819631 -66.561094
80.362156 -66.268520
79.909892 -65.960787
79.462839 -65.637895
79.020998 -65.299846
78.584368 -64.946639
78.152949 -64.578273
77.726741 -64.194750
77.305745 -63.796068
76.889960 -63.382228
76.479386 -62.953230
76.074024 -62.509074
75.673872 -62.049759
75.278932 -61.575287
74.889204 -61.085656
74.504686 -60.580868
74.125380 -60.060921
73.751285 -59.525816
73.382401 -58.975553
73.018729 -58.410132
72.660268 -57.829552
72.307018 -57.233815
71.958979 -56.622919
71.616152 -55.996865
71.278536 -55.355653
70.946131 -54.699283
70.618938 -54.027755
70.296955 -53.341069
69.980184 -52.639224
69.668625 -51.922222
69.362276 -51.190061
69.061139 -50.442742
68.765213 -49.680265
68.474498 -48.902630
68.188995 -48.109837
67.908703 -47.301886
67.633622 -46.478776
67.361700 -45.645982
67.087920 -44.816880
66.812055 -43.992079
66.534103 -43.171580
66.254066 -42.355381
65.971943 -41.543484
65.687734 -40.735888
65.401439 -39.932592
65.113058 -39.133598
64.822591 -38.338905
64.530039 -37.548513
64.235400 -36.762423
63.938676 -35.980633
63.639866 -35.203144
63.338970 -34.429957
63.035988 -33.661070
62.730921 -32.896485
62.423767 -32.136201
62.114528 -31.380218
61.803202 -30.628536
61.489791 -29.881155
61.174294 -29.138075
60.856711 -28.399296
60.537043 -27.664818
60.215288 -26.934642
59.891448 -26.208766
59.565521 -25.487192
59.237509 -24.769918
58.907411 -24.056946
58.575227 -23.348275
58.240958 -22.643905
57.904602 -21.943836
57.566161 -21.248068
57.225633 -20.556601
56.883020 -19.869436
56.538321 -19.186571
56.191536 -18.508007
55.842666 -17.833745
55.491709 -17.163784
55.138667 -16.498123
54.783538 -15.836764
54.426324 -15.179706
54.067024 -14.526949
53.705638 -13.878493
53.342166 -13.234339
52.976609 -12.594485
52.608965 -11.958932
52.239236 -11.327681
51.867421 -10.700730
51.493520 -10.078081
51.117533 -9.459733
50.739460 -8.845686
50.359301 -8.235940
49.977057 -7.630495
49.592726 -7.029351
49.206310 -6.432508
48.817808 -5.839967
48.427220 -5.251726
48.034546 -4.667786
47.639786 -4.088148
47.242941 -3.512811
46.844010 -2.941775
46.442992 -2.375039
46.039889 -1.812605
45.634700 -1.254472
45.227425 -0.700641
44.818065 -0.151110
44.406618 0.394120
43.993086 0.935048
43.577467 1.471676
43.159763 2.004002
42.739973 2.532028
42.318097 3.055752
41.894136 3.575175
41.468088 4.090297
41.039955 4.601118
40.609735 5.107638
40.177430 5.609856
39.743039 6.107774
39.306562 6.601391
38.867999 7.090706
38.427351 7.575720
37.984616 8.056434
37.539796 8.532846
37.092890 9.004957
36.643898 9.472767
36.192820 9.936276
35.739656 10.395484
35.284406 10.850391
34.827071 11.300996
34.367650 11.747301
33.906142 12.189304
33.442549 12.627007
32.976870 13.060408
32.509106 13.489508
32.039255 13.914307
31.567318 14.334805
31.093296 14.751002
30.617188 15.162898
30.138994 15.570493
29.658714 15.973786
29.176348 16.372779
28.691896 16.767470
28.205359 17.157861
27.716735 17.543950
27.226026 17.925738
26.733231 18.303225
26.238350 18.676411
25.741383 19.045296
25.242330 19.409880
24.741192 19.770162
24.237967 20.126144
23.732657 20.477825
23.225261 20.825204
22.715779 21.168282
22.204211 21.507060
21.690557 21.841536
21.174818 22.171711
20.656992 22.497585
20.137081 22.819158
19.615084 23.136430
19.091001 23.449400
18.564832 23.758070
18.036577 24.062438
17.506236 24.362506
