209.487109 -214.744386
210.217481 -211.693496
210.937082 -208.672557
211.645910 -205.681568
212.343966 -202.720529
213.031251 -199.789440
213.707763 -196.888302
214.373504 -194.017114
215.028473 -191.175876
215.672669 -188.364588
216.306094 -185.583251
216.928747 -182.831864
217.540628 -180.110427
218.141736 -177.418940
218.732073 -174.757403
219.311638 -172.125817
219.880431 -169.524181
220.438452 -166.952495
220.985701 -164.410759
221.522179 -161.898974
222.047884 -159.417139
222.562817 -156.965254
223.066978 -154.543319
223.560368 -152.151335
224.042985 -149.789301
224.514830 -147.457217
224.975904 -145.155083
225.426205 -142.882900
225.865735 -140.640666
226.294493 -138.428383
226.712478 -136.246050
227.119692 -134.093668
227.516134 -131.971235
227.901803 -129.878753
228.276701 -127.816221
228.640827 -125.783640
228.994181 -123.781008
229.336763 -121.808327
229.668573 -119.865596
229.989611 -117.952815
230.299877 -116.069985
230.599371 -114.217105
230.888093 -112.394175
231.166044 -110.601195
231.433222 -108.838165
231.689628 -107.105086
231.935263 -105.401957
232.170125 -103.728778
232.394216 -102.085549
232.607534 -100.472271
232.810081 -98.888943
233.001855 -97.335565
233.182858 -95.812137
233.353089 -94.318659
233.512547 -92.855132
233.661234 -91.421555
233.799149 -90.017928
233.926292 -88.644252
234.042663 -87.300526
234.148262 -85.986749
234.243089 -84.702924
234.327144 -83.449048
234.400427 -82.225123
234.462938 -81.031147
234.514677 -79.867122
234.555644 -78.733048
234.585840 -77.628923
234.605263 -76.554749
234.613914 -75.510525
234.611794 -74.496251
234.598901 -73.511928
234.575237 -72.557554
234.540800 -71.633131
234.495592 -70.738658
234.439612 -69.874136
234.372859 -69.039563
234.295335 -68.234941
234.207039 -67.460269
234.107971 -66.715548
233.998131 -66.000776
233.877519 -65.315955
233.746135 -64.661084
233.603979 -64.036163
233.451051 -63.441193
233.287351 -62.876172
233.112879 -62.341102
232.927635 -61.835982
232.731619 -61.360813
232.524832 -60.915593
232.307272 -60.500324
232.078940 -60.115005
231.839837 -59.759637
231.589961 -59.434218
231.329314 -59.138750
231.057894 -58.873232
230.775703 -58.637664
230.482740 -58.432047
230.179004 -58.256380
229.864497 -58.110663
229.539218 -57.994896
229.203167 -57.909079
228.856344 -57.853213
228.498749 -57.827297
228.130382 -57.831331
227.751243 -57.865315
227.361332 -57.929250
226.960649 -58.023134
226.549194 -58.146969
226.126967 -58.300755
225.693968 -58.484490
225.250198 -58.698176
224.795655 -58.941812
224.330341 -59.215398
223.854254 -59.518935
223.367395 -59.852421
222.869765 -60.215858
222.361363 -60.609245
221.842188 -61.032583
221.312242 -61.485870
220.771524 -61.969108
220.220033 -62.482296
219.657771 -63.025434
219.084737 -63.598523
218.500931 -64.201562
217.906353 -64.834550
217.301338 -65.496249
216.693271 -66.159350
216.085172 -66.812684
215.477041 -67.456251
214.868877 -68.090051
214.260681 -68.714083
213.652453 -69.328349
213.044193 -69.932847
212.435900 -70.527578
211.827576 -71.112542
211.219219 -71.687738
210.610830 -72.253168
210.002409 -72.808830
209.393956 -73.354725
208.785470 -73.890853
208.176952 -74.417214
207.568403 -74.933807
206.959821 -75.440633
206.351206 -75.937692
205.742560 -76.424984
205.133881 -76.902509
204.525171 -77.370266
203.916428 -77.828257
203.307653 -78.276480
202.698845 -78.714936
202.090006 -79.143624
201.481134 -79.562546
200.872230 -79.971700
200.263294 -80.371087
199.654326 -80.760707
199.045326 -81.140560
198.436293 -81.510646
197.827228 -81.870964
197.218131 -82.221515
196.609002 -82.562299
195.999841 -82.893316
195.390648 -83.214565
194.781422 -83.526048
194.172164 -83.827763
193.562874 -84.119711
192.953552 -84.401892
192.344197 -84.674305
191.734811 -84.936952
191.125392 -85.189831
190.515941 -85.432943
189.906458 -85.666288
189.296943 -85.889866
188.687395 -86.103676
188.077816 -86.307719
187.468204 -86.501995
186.858560 -86.686504
186.248884 -86.861246
185.639175 -87.026220
185.029435 -87.181428
184.419662 -87.326868
183.809857 -87.462540
183.200020 -87.588446
182.590151 -87.704585
181.980249 -87.810956
181.370316 -87.907560
180.760350 -87.994397
180.150352 -88.071467
179.540322 -88.138769
178.930259 -88.196305
178.320165 -88.244073
177.710038 -88.282074
177.099879 -88.310307
176.489688 -88.328774
175.879465 -88.337473
175.269209 -88.336406
174.658922 -88.325570
174.048602 -88.304968
173.438250 -88.274599
172.827866 -88.234462
172.217449 -88.184558
171.607001 -88.124887
170.996520 -88.055449
170.386007 -87.976244
169.775462 -87.887271
169.164885 -87.788532
168.554275 -87.680025
167.943634 -87.561750
167.332960 -87.433709
166.722254 -87.295900
166.111516 -87.148325
165.500745 -86.990982
164.889943 -86.823872
164.279108 -86.646994
163.668241 -86.460350
163.057342 -86.263938
162.446411 -86.057759
161.835447 -85.841813
161.224452 -85.616100
160.613424 -85.380619
160.002364 -85.135372
159.391272 -84.880357
158.780147 -84.615575
158.168991 -84.341025
157.557802 -84.056709
156.946581 -83.762625
156.335328 -83.458774
155.724043 -83.145156
155.112725 -82.821771
154.501376 -82.488619
153.889994 -82.145699
153.278580 -81.793012
152.667134 -81.430558
152.055656 -81.058337
151.444145 -80.676349
150.832602 -80.284593
150.221027 -79.883070
149.609420 -79.471780
148.997781 -79.050723
148.386110 -78.619899
147.774406 -78.179307
147.162670 -77.728948
146.550902 -77.268823
145.939102 -76.798929
145.327270 -76.319269
144.715405 -75.829841
144.103509 -75.330647
143.491580 -74.821685
142.879619 -74.302956
142.267625 -73.774459
141.655600 -73.236196
141.044079 -72.689674
140.436286 -72.143947
139.832757 -71.600525
139.233491 -71.059407
138.638490 -70.520592
138.047753 -69.984082
137.461281 -69.449876
136.879072 -68.917974
136.301128 -68.388376
135.727447 -67.861082
135.158031 -67.336092
134.592879 -66.813406
134.031991 -66.293024
133.475367 -65.774947
132.923008 -65.259173
132.374912 -64.745704
131.831081 -64.234539
131.291514 -63.725677
130.756210 -63.219120
130.225172 -62.714867
129.698397 -62.212918
129.175886 -61.713273
128.657640 -61.215932
128.143657 -60.720896
127.633939 -60.228163
127.128485 -59.737734
126.627295 -59.249610
126.130369 -58.763790
125.637707 -58.280273
125.149310 -57.799061
124.665176 -57.320153
124.185307 -56.843549
123.709702 -56.369249
123.238361 -55.897253
122.771284 -55.427561
122.308471 -54.960174
121.849923 -54.495090
121.395638 -54.032311
120.945618 -53.571835
120.499862 -53.113664
120.058370 -52.657796
119.621142 -52.204233
119.188178 -51.752974
118.759479 -51.304019
118.335043 -50.857368
117.914872 -50.413021
117.498965 -49.970979
117.087322 -49.531240
116.679943 -49.093805
116.276828 -48.658675
115.877978 -48.225848
115.483391 -47.795326
115.093069 -47.367108
114.707011 -46.941194
114.325217 -46.517584
113.947687 -46.096278
113.574421 -45.677276
113.205419 -45.260578
112.840682 -44.846184
112.480209 -44.434095
112.123999 -44.024309
111.772054 -43.616828
111.424373 -43.211650
111.080957 -42.808777
110.741804 -42.408208
110.406916 -42.009943
110.076291 -41.613982
109.749931 -41.220325
109.427835 -40.828972
109.110003 -40.439923
108.796435 -40.053178
108.487131 -39.668738
108.182092 -39.286601
107.881317 -38.906769
107.584805 -38.529240
107.292558 -38.154016
107.004575 -37.781096
106.720856 -37.410480
106.441402 -37.042168
106.166211 -36.676160
105.895285 -36.312456
105.628623 -35.951056
105.366224 -35.591961
105.108090 -35.235169
104.854221 -34.880682
104.604615 -34.528498
104.359273 -34.178619
104.118196 -33.831044
103.881383 -33.485773
103.648834 -33.142805
103.420549 -32.802142
103.196528 -32.463784
102.976771 -32.127729
102.761278 -31.793978
102.550050 -31.462531
102.343086 -31.133389
102.140386 -30.806550
101.941950 -30.482016
101.747778 -30.159786
101.557870 -29.839860
101.372226 -29.522237
101.190847 -29.206919
101.013732 -28.893905
100.840880 -28.583196
100.672293 -28.274790
100.507970 -27.968688
100.347912 -27.664891
100.192117 -27.363397
100.040587 -27.064208
99.893320 -26.767322
99.750318 -26.472741
99.611580 -26.180464
99.477106 -25.890491
99.346896 -25.602822
99.220951 -25.317457
99.099269 -25.034396
98.981852 -24.753639
98.868699 -24.475187
98.759810 -24.199038
98.655185 -23.925193
98.554824 -23.653653
98.458727 -23.384417
98.366895 -23.117485
98.279326 -22.852856
98.196022 -22.590532
98.113679 -22.330249
98.024226 -22.071362
97.927294 -21.813842
97.822883 -21.557689
97.710995 -21.302904
97.591628 -21.049486
97.464784 -20.797435
97.330461 -20.546751
97.188660 -20.297434
97.039381 -20.049485
96.882623 -19.802902
96.718388 -19.557687
96.546674 -19.313839
96.367482 -19.071359
96.180812 -18.830245
95.986664 -18.590499
95.785037 -18.352119
95.575933 -18.115107
95.359350 -17.879463
95.135289 -17.645185
94.903750 -17.412275
94.664732 -17.180731
94.418237 -16.950555
94.164263 -16.721747
93.902812 -16.494305
93.633882 -16.268230
93.357473 -16.043523
93.073587 -15.820183
92.782223 -15.598210
92.483380 -15.377605
92.177059 -15.158366
91.863260 -14.940495
91.541983 -14.723991
91.213228 -14.508854
90.876994 -14.295084
90.533282 -14.082681
90.182092 -13.871646
89.823424 -13.661978
89.457278 -13.453677
89.083654 -13.246743
88.702551 -13.041176
88.313971 -12.836977
87.917912 -12.634145
87.514375 -12.432680
87.103359 -12.232582
86.684866 -12.033851
86.258894 -11.836488
85.825444 -11.640491
85.384517 -11.445862
84.936110 -11.252600
84.480226 -11.060706
84.016864 -10.870178
83.546023 -10.681018
83.067704 -10.493224
82.581907 -10.306799
82.088632 -10.121740
81.587879 -9.938048
81.079647 -9.755724
80.563938 -9.574767
80.040750 -9.395177
79.510084 -9.216954
78.971940 -9.040098
78.426317 -8.864610
77.873217 -8.690488
77.312638 -8.517734
76.744581 -8.346347
76.169046 -8.176328
75.586033 -8.007675
74.995542 -7.840390
74.397572 -7.674472
73.792124 -7.509921
73.179198 -7.346737
72.558794 -7.184920
71.930912 -7.024471
71.295552 -6.865389
70.652713 -6.707674
70.002396 -6.551326
69.344601 -6.396346
68.679328 -6.242732
68.006577 -6.090486
67.326347 -5.939607
66.638640 -5.790095
65.943454 -5.641950
65.240790 -5.495173
64.530648 -5.349763
63.813028 -5.205719
63.087929 -5.063044
62.355352 -4.921735
61.615298 -4.781793
60.867765 -4.643219
60.112753 -4.506012
59.350264 -4.370172
58.580297 -4.235699
57.802851 -4.102594
57.017927 -3.970855
56.225525 -3.840484
55.425645 -3.711480
54.618286 -3.583843
53.803450 -3.457573
52.981135 -3.332671
52.151342 -3.209136
51.314071 -3.086968
50.469322 -2.966167
49.617094 -2.846733
48.757389 -2.728667
47.890205 -2.611967
47.015543 -2.496635
46.133403 -2.382670
45.243785 -2.270073
44.346688 -2.158842
43.442114 -2.048979
42.530061 -1.940483
41.610530 -1.833354
40.683521 -1.727592
39.749033 -1.623197
38.807068 -1.520170
37.857624 -1.418510
36.900702 -1.318216
35.936302 -1.219291
34.964424 -1.121732
33.985068 -1.025541
32.998233 -0.930716
32.003921 -0.837259
31.002130 -0.745169
29.992861 -0.654447
