264.908855 -140.795236
264.743729 -139.281222
264.572645 -137.770430
264.395602 -136.262861
264.212600 -134.758513
264.023640 -133.257387
263.828721 -131.759483
263.627844 -130.264801
263.421009 -128.773341
263.208215 -127.285102
262.989462 -125.800086
262.764751 -124.318292
262.534082 -122.839719
262.297454 -121.364369
262.054867 -119.892240
261.806322 -118.423333
261.551819 -116.957648
261.291357 -115.495186
261.024937 -114.035945
260.752558 -112.579926
260.474220 -111.127129
260.189924 -109.677553
259.899670 -108.231200
259.603457 -106.788069
259.301285 -105.348159
258.993156 -103.911472
258.679067 -102.478006
258.359020 -101.047763
258.033015 -99.620741
257.701051 -98.196941
257.363129 -96.776363
257.019248 -95.359008
256.669408 -93.944873
256.313611 -92.533961
255.951854 -91.126271
255.584139 -89.721803
255.210466 -88.320557
254.830834 -86.922532
254.445244 -85.527730
254.053695 -84.136149
253.656188 -82.747791
253.252722 -81.362654
252.843298 -79.980739
252.427915 -78.602046
252.006574 -77.226575
251.579274 -75.854326
251.146016 -74.485299
250.706799 -73.119494
250.261624 -71.756911
249.810490 -70.397549
249.353398 -69.041410
248.890347 -67.688493
248.421338 -66.338797
247.946370 -64.992323
247.465444 -63.649072
246.978559 -62.309042
246.485716 -60.972234
245.986914 -59.638648
245.482154 -58.308284
244.971435 -56.981142
244.454758 -55.657222
243.932123 -54.336524
243.403529 -53.019047
242.868976 -51.704793
242.328465 -50.393760
241.781995 -49.085950
241.229567 -47.781361
240.671180 -46.479994
240.106835 -45.181850
239.536532 -43.886927
238.960270 -42.595226
238.378049 -41.306747
237.789870 -40.021490
237.195732 -38.739455
236.595636 -37.460641
235.989582 -36.185050
235.377569 -34.912681
234.759597 -33.643533
234.135667 -32.377608
233.505779 -31.114904
232.869932 -29.855422
232.228126 -28.599162
231.580362 -27.346125
230.926640 -26.096309
230.266959 -24.849715
229.601319 -23.606342
228.929721 -22.366192
228.252165 -21.129264
227.568650 -19.895558
226.879176 -18.665073
226.183744 -17.437811
225.482354 -16.213770
224.775005 -14.992952
224.061698 -13.775355
223.342432 -12.560980
222.617207 -11.349827
221.886024 -10.141896
221.148883 -8.937187
220.405783 -7.735700
219.656725 -6.537435
218.901708 -5.342392
218.140732 -4.150570
217.373799 -2.961971
216.600906 -1.776594
215.822055 -0.594438
215.037246 0.584496
214.246478 1.760207
213.449752 2.932697
212.647067 4.101965
211.838424 5.268011
211.023822 6.430835
210.203262 7.590437
209.376743 8.746817
208.544266 9.899976
207.705830 11.049912
206.861435 12.196626
206.011083 13.340119
205.154771 14.480389
204.292502 15.617438
203.424273 16.751265
202.550087 17.881870
201.669942 19.009252
200.783838 20.133413
199.891776 21.254352
198.993755 22.372070
198.090177 23.486205
197.189863 24.588845
196.296423 25.676752
195.409856 26.749926
194.530163 27.808367
193.657344 28.852074
192.791397 29.881049
191.932325 30.895291
191.080126 31.894800
190.234800 32.879576
189.396348 33.849618
188.564770 34.804928
187.740065 35.745505
186.922234 36.671348
186.111276 37.582459
185.307192 38.478837
184.509981 39.360481
183.719643 40.227393
182.936180 41.079571
182.159589 41.917017
181.389873 42.739729
180.627029 43.547709
179.871060 44.340955
179.121964 45.119469
178.379741 45.883249
177.644392 46.632296
176.915916 47.366611
176.194314 48.086192
175.479586 48.791040
174.771731 49.481156
174.070749 50.156538
173.376641 50.817187
172.689407 51.463104
172.009046 52.094287
171.335559 52.710737
170.668945 53.312454
170.009204 53.899438
169.356338 54.471689
168.710344 55.029207
168.071225 55.571992
167.438978 56.100044
166.813606 56.613363
166.195106 57.111949
165.583481 57.595802
164.978729 58.064922
164.380850 58.519309
163.789845 58.958963
163.205713 59.383884
162.628455 59.794072
162.058071 60.189527
161.494560 60.570249
160.937922 60.936237
160.388158 61.287493
159.845268 61.624016
159.309251 61.945806
158.780108 62.252862
158.257838 62.545186
157.742442 62.822777
157.233919 63.085634
156.732270 63.333759
156.237494 63.567150
155.749592 63.785809
155.268563 63.989735
154.794408 64.178927
154.327126 64.353387
153.866718 64.513113
153.413183 64.658106
152.966522 64.788367
152.526735 64.903894
152.093821 65.004689
151.667780 65.090750
151.248613 65.162078
150.836320 65.218674
150.430900 65.260536
150.032353 65.287665
149.640680 65.300061
149.255881 65.297725
148.877955 65.280655
148.506903 65.248852
148.142724 65.202316
147.785419 65.141047
147.434987 65.065045
147.091429 64.974310
146.754744 64.868842
146.424933 64.748642
146.101995 64.613708
145.785931 64.464041
145.476741 64.299640
145.174424 64.120507
144.878980 63.926641
144.590410 63.718042
144.308714 63.494710
144.033891 63.256645
143.765941 63.003847
143.504865 62.736316
143.250663 62.454051
143.003334 62.157054
142.762879 61.845324
142.529297 61.518861
142.302588 61.177664
142.082754 60.821735
141.869792 60.451073
141.663705 60.065677
141.464490 59.665549
141.272150 59.250687
141.086683 58.821093
140.908089 58.376765
140.736369 57.917705
140.571522 57.443911
140.413549 56.955385
140.262450 56.452125
140.118224 55.934133
139.980871 55.401407
139.850392 54.853948
139.726787 54.291757
139.610055 53.714832
139.500196 53.123174
139.397211 52.516784
139.301100 51.895660
139.211862 51.259803
139.129498 50.609213
139.054007 49.943890
138.985390 49.263835
138.923646 48.569046
138.868776 47.859524
138.819604 47.137839
138.769075 46.419410
138.716013 45.706806
138.660419 45.000029
138.602293 44.299077
138.541634 43.603951
138.478443 42.914651
138.412719 42.231176
138.344463 41.553528
138.273675 40.881705
138.200354 40.215708
138.124500 39.555536
138.046115 38.901191
137.965196 38.252671
137.881746 37.609977
137.795763 36.973109
137.707247 36.342067
137.616200 35.716850
137.522619 35.097459
137.426507 34.483894
137.327861 33.876155
137.226684 33.274241
137.122974 32.678154
137.016732 32.087892
136.907957 31.503456
136.796650 30.924845
136.682810 30.352061
136.566438 29.785102
136.447533 29.223969
136.326096 28.668662
136.202127 28.119180
136.075625 27.575525
135.946591 27.037695
135.815025 26.505691
135.680926 25.979512
135.544294 25.459160
135.405130 24.944633
135.263434 24.435932
135.119205 23.933057
134.972444 23.436007
134.823151 22.944784
134.671325 22.459386
134.516966 21.979814
134.360075 21.506068
134.200652 21.038147
134.038696 20.576052
133.874208 20.119784
133.707188 19.669340
133.537635 19.224723
133.365550 18.785931
133.190932 18.352966
133.013782 17.925826
132.834099 17.504511
132.651884 17.089023
132.467136 16.679360
132.279857 16.275523
132.090044 15.877512
131.897700 15.485327
131.702822 15.098967
131.505413 14.718434
131.305471 14.343726
131.102996 13.974844
130.897990 13.611787
130.690450 13.254556
130.480379 12.903152
130.267774 12.557573
130.052638 12.217819
129.834969 11.883892
129.614768 11.555790
129.392034 11.233514
129.166768 10.917064
128.938969 10.606440
128.708638 10.301641
128.475774 10.002668
128.240379 9.709521
128.002450 9.422200
127.761989 9.140704
127.518996 8.865035
127.273471 8.595191
127.025413 8.331173
126.774822 8.072980
126.521699 7.820614
126.266044 7.574073
126.007856 7.333358
125.747136 7.098469
125.483884 6.869406
125.218099 6.646168
124.949781 6.428756
124.678932 6.217170
124.405549 6.011410
124.129635 5.811475
123.851188 5.617366
123.570208 5.429084
123.286696 5.246626
123.000652 5.069995
122.712075 4.899189
122.420966 4.734210
122.127324 4.575056
121.831150 4.421727
121.532444 4.274225
121.231205 4.132548
120.927434 3.996697
120.621130 3.866672
120.312294 3.742473
120.000925 3.624099
119.687024 3.511551
119.370591 3.404829
119.051625 3.303933
118.730127 3.208863
118.406096 3.119618
118.079533 3.036199
117.750437 2.958606
117.418809 2.886839
117.084649 2.820897
116.747956 2.760782
116.408731 2.706492
116.066974 2.658028
115.722683 2.615389
115.375861 2.578577
115.026506 2.547590
114.674619 2.522429
114.320199 2.503093
113.963247 2.489584
113.603762 2.481900
113.241745 2.480042
112.876442 2.482729
112.506009 2.486829
112.130363 2.492200
111.749504 2.498842
111.363432 2.506755
110.972146 2.515939
110.575647 2.526394
110.173935 2.538120
109.767010 2.551116
109.354872 2.565384
108.937521 2.580922
108.514956 2.597732
108.087178 2.615812
107.654187 2.635163
107.215983 2.655786
106.772565 2.677679
106.323935 2.700843
105.870091 2.725278
105.411034 2.750984
104.946764 2.777961
104.477281 2.806209
104.002584 2.835728
103.522674 2.866517
103.037552 2.898578
102.547215 2.931910
102.051666 2.966512
101.550904 3.002386
101.044928 3.039530
100.533739 3.077945
100.017337 3.117632
99.495722 3.158589
98.968894 3.200817
98.436852 3.244316
97.899597 3.289086
97.357129 3.335127
96.809448 3.382439
96.256554 3.431022
95.698447 3.480876
95.135126 3.532000
94.566592 3.584396
93.992845 3.638063
93.413885 3.693000
92.829711 3.749208
92.240325 3.806688
91.645725 3.865438
91.045912 3.925459
90.440886 3.986752
89.830647 4.049315
89.215194 4.113149
88.594528 4.178254
87.968649 4.244630
87.337557 4.312277
86.701252 4.381194
86.059734 4.451383
85.413002 4.522843
84.761057 4.595573
84.103899 4.669575
83.441528 4.744847
82.773943 4.821391
82.101146 4.899205
81.423135 4.978290
80.739911 5.058647
80.051474 5.140274
79.357824 5.223172
78.658960 5.307341
77.954884 5.392781
77.245594 5.479492
76.531091 5.567473
75.811374 5.656726
75.086445 5.747250
74.356302 5.839044
73.620947 5.932110
72.880378 6.026447
72.134595 6.122054
71.383600 6.218932
70.627391 6.317082
69.865970 6.416502
69.099335 6.517193
68.327487 6.619155
67.550425 6.722388
66.768151 6.826892
65.980663 6.932667
65.187962 7.039713
64.390048 7.148030
63.586921 7.257617
62.778581 7.368476
61.965027 7.480606
61.146260 7.594006
60.322281 7.708678
59.493087 7.824620
58.658681 7.941833
57.819062 8.060318
56.974229 8.180073
56.124183 8.301099
55.268924 8.423396
54.408452 8.546964
53.542766 8.671803
52.671868 8.797913
51.795756 8.925294
50.914431 9.053945
50.027893 9.183868
49.136141 9.315062
48.239177 9.447526
47.336999 9.581262
46.429608 9.716268
45.517004 9.852546
44.599187 9.990094
43.676156 10.128913
42.747912 10.269003
41.814456 10.410364
40.875785 10.552996
39.931902 10.696899
38.982806 10.842073
38.028496 10.988518
37.068973 11.136234
36.104237 11.285221
35.134288 11.435478
34.159126 11.587007
33.178750 11.739806
32.193162 11.893877
31.202360 12.049218
30.206345 12.205830
29.205116 12.363714
28.198675 12.522868
27.187020 12.683293
