206.734143 -217.395939
206.959046 -210.979394
207.181002 -204.627730
207.400010 -198.340948
207.616069 -192.119048
207.829180 -185.962030
208.039343 -179.869893
208.246557 -173.842638
208.450824 -167.880264
208.652142 -161.982773
208.850511 -156.150163
209.045933 -150.382434
209.238406 -144.679588
209.427932 -139.041623
209.614509 -133.468540
209.798137 -127.960339
209.978818 -122.517019
210.156550 -117.138581
210.331334 -111.825025
210.503170 -106.576350
210.672057 -101.392557
210.837997 -96.273646
211.000988 -91.219616
211.161031 -86.230469
211.318125 -81.306202
211.472272 -76.446818
211.623470 -71.652315
211.771720 -66.922695
211.917021 -62.257955
212.059375 -57.658098
212.198780 -53.123122
212.335237 -48.653028
212.468746 -44.247815
212.599306 -39.907485
212.726919 -35.632036
212.851583 -31.421468
212.973299 -27.275783
213.092066 -23.194979
213.207886 -19.179057
213.320757 -15.228016
213.430680 -11.341857
213.537654 -7.520580
213.641681 -3.764185
213.742759 -0.072671
213.840889 3.553961
213.936071 7.115711
214.028304 10.612579
214.117590 14.044566
214.203927 17.411671
214.287316 20.713895
214.367756 23.951237
214.445249 27.123697
214.519793 30.231275
214.591389 33.273971
214.660036 36.251786
214.725736 39.164720
214.788487 42.012771
214.848290 44.795941
214.905145 47.514229
214.959051 50.167635
215.010010 52.756160
215.058020 55.279803
215.103082 57.738564
215.145195 60.132444
215.184361 62.461441
215.220578 64.725558
215.253847 66.924792
215.284167 69.059145
215.311540 71.128616
215.335964 73.133205
215.357440 75.072913
215.375968 76.947738
215.391547 78.757683
215.404179 80.502745
215.413862 82.182926
215.420597 83.798225
215.424383 85.348642
215.425222 86.834178
215.423112 88.254832
215.418054 89.610604
215.410047 90.901495
215.399093 92.127504
215.385190 93.288631
215.368339 94.384876
215.348540 95.416240
215.325792 96.382722
215.300097 97.284322
215.271453 98.121041
215.239861 98.892878
215.205320 99.599833
215.167832 100.241906
215.127395 100.819098
215.084010 101.331408
215.037676 101.778836
214.988395 102.161383
214.936165 102.479048
214.880987 102.731831
214.822861 102.919733
214.761786 103.042753
214.697764 103.100891
214.630793 103.094147
214.560873 103.022522
214.488006 102.886015
214.412190 102.684626
214.333427 102.418356
214.251714 102.087204
214.167054 101.691170
214.079446 101.230254
213.988889 100.704457
213.895384 100.113778
213.798931 99.458217
213.699529 98.737775
213.597179 97.952451
213.491881 97.102245
213.383635 96.187158
213.272441 95.207189
213.158298 94.162338
213.041207 93.052605
212.921168 91.877991
212.798181 90.638495
212.672245 89.334117
212.543362 87.964858
212.411530 86.530717
212.276749 85.031694
212.139021 83.467789
211.998342 81.841574
211.854660 80.209607
211.707953 78.595026
211.558222 76.997831
211.405466 75.418022
211.249686 73.855599
211.090881 72.310562
210.929052 70.782911
210.764198 69.272647
210.596319 67.779768
210.425417 66.304276
210.251489 64.846169
210.074537 63.405449
209.894561 61.982114
209.711560 60.576166
209.525534 59.187604
209.336484 57.816428
209.144410 56.462638
208.949310 55.126234
208.751187 53.807216
208.550039 52.505584
208.345866 51.221338
208.138669 49.954478
207.928447 48.705005
207.715201 47.472917
207.498930 46.258216
207.279635 45.060900
207.057315 43.880971
206.831970 42.718427
206.603602 41.573270
206.372208 40.445499
206.137790 39.335114
205.900348 38.242115
205.659881 37.166502
205.416389 36.108275
205.169873 35.067434
204.920333 34.043979
204.667767 33.037910
204.412178 32.049228
204.153564 31.077931
203.891925 30.124021
203.627262 29.187496
203.359574 28.268358
203.088862 27.366605
202.815125 26.482239
202.538364 25.615259
202.258578 24.765665
201.975767 23.933457
201.689933 23.118634
201.401073 22.321199
201.109189 21.541149
200.814281 20.778485
200.516348 20.033207
200.215390 19.305315
199.911408 18.594810
199.604402 17.901690
199.294370 17.225957
198.981315 16.567609
198.665235 15.926648
198.346130 15.303073
198.024001 14.696883
197.698847 14.108080
197.370669 13.536663
197.039466 12.982632
196.705239 12.445987
196.367987 11.926728
196.027711 11.424855
195.684410 10.940368
195.338084 10.473268
194.988734 10.023553
194.636360 9.591225
194.280961 9.176282
193.922537 8.778726
193.561089 8.398555
193.196617 8.035771
192.829120 7.690373
192.458598 7.362360
192.085052 7.051734
191.708481 6.758494
191.328886 6.482640
190.946266 6.224172
190.560622 5.983091
190.171953 5.759395
189.780260 5.553085
189.385542 5.364161
188.987800 5.192624
188.587033 5.038472
188.183241 4.901707
187.776425 4.782327
187.366585 4.680334
186.953720 4.595727
186.537830 4.528506
186.118916 4.478670
185.696978 4.446221
185.272015 4.431158
184.844027 4.433481
184.413015 4.453191
183.978978 4.490286
183.541917 4.544767
183.101831 4.616634
182.658721 4.705888
182.212586 4.812527
181.763427 4.936553
181.311243 5.077964
180.856035 5.236762
180.397802 5.412946
179.936544 5.606516
179.472262 5.817471
179.004956 6.045813
178.534625 6.291541
178.061269 6.554655
177.584889 6.835155
177.105485 7.133042
176.623056 7.448314
176.137602 7.780972
175.649124 8.131017
175.157621 8.498447
174.663094 8.883264
174.165542 9.285466
173.664966 9.705055
173.161365 10.142029
172.654740 10.596390
172.145090 11.068137
171.632416 11.557270
171.116717 12.063789
170.598233 12.584056
170.078404 13.096239
169.557469 13.596701
169.035429 14.085441
168.512282 14.562459
167.988030 15.027756
167.462672 15.481331
166.936208 15.923185
166.408639 16.353317
165.879963 16.771727
165.350182 17.178416
164.819296 17.573382
164.287303 17.956628
163.754205 18.328151
163.220001 18.687954
162.684691 19.036034
162.148275 19.372393
161.610754 19.697030
161.072127 20.009945
160.532394 20.311139
159.991555 20.600611
159.449611 20.878362
158.906561 21.144391
158.362405 21.398698
157.817143 21.641284
157.270776 21.872148
156.723303 22.091290
156.174724 22.298711
155.625039 22.494410
155.074249 22.678387
154.522352 22.850643
153.969350 23.011177
153.415243 23.159989
152.860029 23.297080
152.303710 23.422449
151.746285 23.536097
151.187754 23.638023
150.628117 23.728227
150.067375 23.806710
149.505527 23.873471
148.942573 23.928510
148.378514 23.971828
147.813348 24.003424
147.247077 24.023298
146.679700 24.031451
146.111218 24.027882
145.541629 24.012591
144.970935 23.985579
144.399135 23.946845
143.826230 23.896390
143.252218 23.834213
142.677101 23.760314
142.100878 23.674694
141.523549 23.577352
140.945115 23.468288
140.365575 23.347503
139.784929 23.214996
139.203177 23.070767
138.620319 22.914817
138.036356 22.747145
137.451287 22.567751
136.865112 22.376636
136.277832 22.173799
135.689445 21.959241
135.099953 21.732961
134.509355 21.494959
133.917652 21.245236
133.324842 20.983791
132.730927 20.710624
132.135906 20.425735
131.539780 20.129126
130.942547 19.820794
130.344209 19.500741
129.744765 19.168966
129.144215 18.825469
128.542560 18.470251
127.939799 18.103311
127.335932 17.724650
126.730959 17.334267
126.124881 16.932162
125.517696 16.518336
124.909406 16.092787
124.300011 15.655518
123.689509 15.206526
123.077902 14.745814
122.465189 14.273379
121.851370 13.789223
121.236445 13.293345
120.620415 12.785745
120.003279 12.266424
119.385037 11.735381
118.765689 11.192617
118.145236 10.638131
117.523677 10.071923
116.901012 9.493994
116.277241 8.904342
115.652365 8.302970
115.026383 7.689875
114.399295 7.065059
113.771101 6.428522
113.141802 5.780263
112.511396 5.120282
111.879885 4.448579
111.247269 3.765155
110.613546 3.070009
109.978718 2.363142
109.342784 1.644553
108.705744 0.914242
108.067598 0.172209
107.428347 -0.581545
106.787990 -1.347020
106.146527 -2.124218
105.503959 -2.913137
104.860284 -3.713777
104.215504 -4.526139
103.569618 -5.350223
102.922627 -6.186029
102.274529 -7.033556
101.625326 -7.892805
100.975017 -8.763775
100.323603 -9.646467
99.671082 -10.540881
99.017456 -11.447017
98.362724 -12.364874
97.706886 -13.294452
97.050769 -14.227635
96.396390 -15.144577
95.743842 -16.044377
95.093125 -16.927035
94.444239 -17.792551
93.797184 -18.640925
93.151959 -19.472157
92.508565 -20.286247
91.867002 -21.083194
91.227269 -21.863000
90.589368 -22.625663
89.953297 -23.371184
89.319057 -24.099563
88.686648 -24.810801
88.056069 -25.504895
87.427321 -26.181848
86.800405 -26.841659
86.175318 -27.484328
85.552063 -28.109854
84.930638 -28.718239
84.311044 -29.309481
83.693281 -29.883581
83.077349 -30.440540
82.463248 -30.980356
81.850977 -31.503030
81.240537 -32.008562
80.631928 -32.496951
80.025149 -32.968199
79.420201 -33.422304
78.817085 -33.859268
78.215798 -34.279089
77.616343 -34.681769
77.018719 -35.067306
76.422925 -35.435701
75.828962 -35.786954
75.236830 -36.121065
74.646528 -36.438033
74.058057 -36.737860
73.471417 -37.020545
72.886608 -37.286087
72.303630 -37.534487
71.722482 -37.765746
71.143166 -37.979862
70.565679 -38.176836
69.990024 -38.356668
69.416200 -38.519358
68.844206 -38.664905
68.274043 -38.793311
67.705711 -38.904574
67.139209 -38.998696
66.574539 -39.075675
66.011699 -39.135512
65.450690 -39.178208
64.891512 -39.203761
64.334164 -39.212172
63.778647 -39.203440
63.224961 -39.177567
62.673106 -39.134552
62.123082 -39.074394
61.574888 -38.997095
61.028525 -38.902653
60.483993 -38.791069
59.941292 -38.662343
59.400421 -38.516475
58.861381 -38.353465
58.324172 -38.173313
57.788794 -37.976019
57.255247 -37.761582
56.723530 -37.530004
56.193644 -37.281283
55.665589 -37.015421
55.139365 -36.732416
54.614971 -36.432269
54.092408 -36.114980
53.571676 -35.780549
53.052775 -35.428976
52.535704 -35.060260
52.020465 -34.674403
51.507056 -34.271404
50.995478 -33.851262
50.485730 -33.413978
49.977814 -32.959552
49.471728 -32.487985
48.967473 -31.999275
48.465048 -31.493422
47.964455 -30.970428
47.465692 -30.430292
46.968760 -29.873013
46.473659 -29.298593
45.980388 -28.707030
45.488949 -28.098326
44.999340 -27.472479
44.511562 -26.829490
44.025614 -26.169359
43.541498 -25.492086
43.059212 -24.797671
42.578757 -24.086113
42.100133 -23.357414
41.623339 -22.611572
41.148377 -21.848589
40.675245 -21.068463
40.203944 -20.271195
39.734473 -19.456785
39.266834 -18.625233
38.801025 -17.776539
38.337047 -16.910703
37.874900 -16.027725
37.414583 -15.127604
36.956097 -14.210342
36.499442 -13.275937
36.044618 -12.324390
35.591625 -11.355701
35.140462 -10.369871
34.691130 -9.366897
34.243629 -8.346782
33.797959 -7.309525
33.354120 -6.255126
32.912111 -5.183584
32.471933 -4.094901
32.033586 -2.989075
31.597069 -1.866107
31.162384 -0.725998
30.729529 0.431254
30.298505 1.605648
29.869311 2.797185
