223.153539 200.505606
222.699120 193.847093
222.247492 187.261634
221.798656 180.749230
221.352610 174.309881
220.909356 167.943587
220.468892 161.650348
220.031220 155.430164
219.596339 149.283034
219.164248 143.208959
218.734949 137.207940
218.308441 131.279975
217.884724 125.425064
217.463798 119.643209
217.045663 113.934408
216.630319 108.298663
216.217767 102.735972
215.808005 97.246336
215.401034 91.829755
214.996855 86.486228
214.595466 81.215757
214.196869 76.018340
213.801063 70.893978
213.408047 65.842671
213.017823 60.864419
212.630390 55.959221
212.245748 51.127079
211.863897 46.367991
211.484837 41.681958
211.108568 37.068980
210.735090 32.529057
210.364404 28.062189
209.996508 23.668375
209.631403 19.347617
209.269090 15.099913
208.909568 10.925264
208.552836 6.823670
208.198896 2.795130
207.847747 -1.160354
207.499388 -5.042784
207.153821 -8.852159
206.811045 -12.588479
206.471060 -16.251744
206.133867 -19.841954
205.799464 -23.359110
205.467852 -26.803211
205.139031 -30.174256
204.813002 -33.472247
204.489763 -36.697184
204.169316 -39.849065
203.851659 -42.927891
203.536794 -45.933663
203.224720 -48.866380
202.915437 -51.726042
202.608944 -54.512649
202.305243 -57.226201
202.004333 -59.866699
201.706214 -62.434142
201.410887 -64.928529
201.118350 -67.349862
200.828604 -69.698140
200.541650 -71.973364
200.257486 -74.175532
199.976113 -76.304646
199.697532 -78.360705
199.421742 -80.343709
199.148742 -82.253658
198.878534 -84.090552
198.611117 -85.854392
198.346491 -87.545176
198.084656 -89.162906
197.825612 -90.707581
197.569359 -92.179201
197.315897 -93.577766
197.065227 -94.903277
196.817347 -96.155733
196.572258 -97.335133
196.329961 -98.441479
196.090454 -99.474770
195.853739 -100.435007
195.619815 -101.322188
195.388681 -102.136315
195.160339 -102.877387
194.934788 -103.545404
194.712028 -104.140366
194.492059 -104.662273
194.274881 -105.111125
194.060494 -105.486923
193.848899 -105.789666
193.640094 -106.019354
193.434080 -106.175987
193.230858 -106.259565
193.030426 -106.270088
192.832786 -106.207557
192.637936 -106.071971
192.445878 -105.863330
192.256611 -105.581634
192.070135 -105.226883
191.886450 -104.799078
191.705556 -104.298217
191.527453 -103.724302
191.352141 -103.077332
191.179620 -102.357307
191.009890 -101.564227
190.842952 -100.698093
190.678804 -99.758903
190.517448 -98.746659
190.358882 -97.661360
190.203108 -96.503006
190.050125 -95.271597
189.899932 -93.967134
189.752531 -92.589615
189.607921 -91.139042
189.466102 -89.615414
189.327074 -88.018731
189.190837 -86.348993
189.057391 -84.606201
188.926737 -82.790353
188.798873 -80.901451
188.673800 -78.939494
188.551519 -76.904482
188.432028 -74.796415
188.315329 -72.615293
188.201420 -70.361117
188.090303 -68.033886
187.981805 -65.636559
187.872144 -63.234244
187.759772 -60.853575
187.644690 -58.494552
187.526898 -56.157176
187.406396 -53.841446
187.283183 -51.547362
187.157259 -49.274924
187.028626 -47.024133
186.897282 -44.794988
186.763227 -42.587489
186.626462 -40.401637
186.486987 -38.237430
186.344802 -36.094870
186.199906 -33.973956
186.052300 -31.874689
185.901983 -29.797067
185.748957 -27.741092
185.593219 -25.706763
185.434772 -23.694081
185.273614 -21.703045
185.109746 -19.733654
184.943167 -17.785911
184.773878 -15.859813
184.601879 -13.955362
184.427169 -12.072557
184.249749 -10.211398
184.069618 -8.371885
183.886778 -6.554019
183.701227 -4.757799
183.512965 -2.983225
183.321993 -1.230298
183.128311 0.500984
182.931919 2.210619
182.732816 3.898607
182.531002 5.564950
182.326479 7.209646
182.119245 8.832696
181.909301 10.434100
181.696646 12.013858
181.481281 13.571969
181.263206 15.108434
181.042420 16.623253
180.818924 18.116425
180.592717 19.587951
180.363801 21.037831
180.132174 22.466065
179.897836 23.872653
179.660788 25.257594
179.421030 26.620889
179.178561 27.962537
178.933383 29.282540
178.685493 30.580896
178.434894 31.857606
178.181584 33.112670
177.925563 34.346087
177.666833 35.557859
177.405392 36.747984
177.141240 37.916462
176.874379 39.063295
176.604807 40.188481
176.332524 41.292021
176.057531 42.373915
175.779828 43.434162
175.499415 44.472763
175.216291 45.489718
174.930457 46.485027
174.641912 47.458689
174.350657 48.410705
174.056692 49.341075
173.760016 50.249799
173.460630 51.136876
173.158534 52.002308
172.853727 52.846093
172.546210 53.668231
172.235983 54.468724
171.923045 55.247570
171.607397 56.004770
171.289039 56.740323
170.967970 57.454231
170.644191 58.146492
170.317701 58.817107
169.988501 59.466075
169.656591 60.093398
169.321970 60.699074
168.984639 61.283104
168.644598 61.845487
168.301846 62.386225
167.956385 62.905316
167.608212 63.402761
167.257329 63.878559
166.903736 64.332712
166.547433 64.765218
166.188419 65.176078
165.826695 65.565291
165.462261 65.932859
165.095116 66.278780
164.725261 66.603055
164.352695 66.905683
163.977419 67.186666
163.599433 67.446002
163.218736 67.683691
162.835329 67.899735
162.449212 68.094132
162.060384 68.266883
161.668846 68.417988
161.274598 68.547447
160.877639 68.655259
160.477970 68.741425
160.075591 68.805945
159.670501 68.848819
159.262701 68.870046
158.852190 68.869627
158.438970 68.847562
158.023038 68.803850
157.604397 68.738493
157.183045 68.651489
156.758983 68.542838
156.332210 68.412542
155.902727 68.260599
155.470534 68.087010
155.035630 67.891775
154.598016 67.674894
154.157692 67.436366
153.714657 67.176192
153.268956 66.896819
152.820853 66.612936
152.370392 66.326989
151.917574 66.038980
151.462398 65.748907
151.004864 65.456771
150.544972 65.162572
150.082723 64.866309
149.618115 64.567984
149.151150 64.267595
148.681827 63.965143
148.210147 63.660629
147.736108 63.354050
147.259712 63.045409
146.780958 62.734705
146.299846 62.421937
145.816377 62.107106
145.330549 61.790213
144.842364 61.471256
144.351821 61.150235
143.858921 60.827152
143.363662 60.502006
142.866046 60.174796
142.366072 59.845523
141.863740 59.514187
141.359051 59.180788
140.852004 58.845326
140.342598 58.507800
139.830836 58.168212
139.316715 57.826560
138.800237 57.482845
138.281400 57.137067
137.760206 56.789226
137.236655 56.439321
136.710745 56.087354
136.182478 55.733323
135.651853 55.377229
135.118870 55.019072
134.583529 54.658852
134.045831 54.296569
133.505774 53.932222
132.963361 53.565813
132.418589 53.197340
131.871459 52.826804
131.321972 52.454205
130.770127 52.079543
130.215924 51.702817
129.659363 51.324029
129.100445 50.943177
128.539169 50.560262
127.975535 50.175284
127.409543 49.788243
126.841193 49.399139
126.270486 49.007971
125.697421 48.614741
125.121998 48.219447
124.544217 47.822090
123.964079 47.422670
123.381583 47.021187
122.796729 46.617640
122.209517 46.212031
121.619948 45.804358
121.028020 45.394622
120.433735 44.982823
119.837092 44.568961
119.238092 44.153036
118.636733 43.735047
118.033017 43.314995
117.426943 42.892881
116.818511 42.468703
116.207722 42.042462
115.594574 41.614157
114.979069 41.183790
114.361206 40.751359
113.740986 40.316866
113.118407 39.880309
112.493471 39.441689
111.866177 39.001005
111.236525 38.558259
110.604516 38.113450
109.970148 37.666577
109.333423 37.217641
108.694341 36.766642
108.052900 36.313580
107.409101 35.858455
106.762945 35.401266
106.114431 34.942015
105.463559 34.480700
104.810330 34.017322
104.154743 33.551881
103.496798 33.084377
102.836495 32.614809
102.173834 32.143179
101.508816 31.669485
100.841439 31.193728
100.171705 30.715908
99.499614 30.236025
98.825164 29.754079
98.148357 29.270069
97.469192 28.783997
96.787669 28.295861
96.103788 27.805662
95.417550 27.313400
94.728954 26.819075
94.038000 26.322686
93.344688 25.824235
92.649018 25.323720
91.950991 24.821142
91.250606 24.316501
90.547863 23.809797
89.842762 23.301029
89.135304 22.790199
88.425488 22.277305
87.713314 21.762349
86.998782 21.245329
86.281892 20.726245
85.562645 20.205099
84.841040 19.681890
84.117077 19.156617
83.390756 18.629281
82.662078 18.099883
81.931042 17.568421
81.197648 17.034895
80.461896 16.499307
79.723786 15.961655
78.985450 15.423977
78.252095 14.891246
77.523958 14.363691
76.801039 13.841311
76.083338 13.324106
75.370855 12.812076
74.663591 12.305220
73.961544 11.803540
73.264716 11.307035
72.573106 10.815704
71.886714 10.329549
71.205540 9.848568
70.529584 9.372763
69.858847 8.902133
69.193327 8.436677
68.533026 7.976397
67.877943 7.521291
67.228078 7.071361
66.583431 6.626605
65.944002 6.187024
65.309791 5.752619
64.680799 5.323388
64.057024 4.899333
63.438468 4.480452
62.825130 4.066746
62.217010 3.658215
61.614108 3.254860
61.016424 2.856679
60.423959 2.463673
59.836711 2.075842
59.254682 1.693186
58.677871 1.315705
58.106278 0.943400
57.539903 0.576269
56.978746 0.214313
56.422807 -0.142468
55.872087 -0.494074
55.326584 -0.840505
54.786300 -1.181761
54.251234 -1.517843
53.721386 -1.848749
53.196756 -2.174480
52.677344 -2.495036
52.163151 -2.810417
51.654175 -3.120623
51.150418 -3.425655
50.651879 -3.725511
50.158558 -4.020192
49.670455 -4.309698
49.187570 -4.594030
48.709903 -4.873186
48.237455 -5.147167
47.770225 -5.415974
47.308212 -5.679605
46.851418 -5.938062
46.399842 -6.191343
45.953484 -6.439450
45.512345 -6.682381
45.076423 -6.920138
44.645720 -7.152719
44.220234 -7.380126
43.799967 -7.602357
43.384918 -7.819414
42.975087 -8.031296
42.570474 -8.238002
42.171080 -8.439534
41.776903 -8.635891
41.387945 -8.827073
41.004205 -9.013079
40.625682 -9.193911
40.252378 -9.369568
39.884293 -9.540050
39.521425 -9.705357
39.163775 -9.865489
38.811344 -10.020446
38.464131 -10.170228
38.122135 -10.314835
37.785358 -10.454267
37.453800 -10.588524
37.127459 -10.717606
36.806336 -10.841513
36.490432 -10.960245
36.179745 -11.073802
35.874277 -11.182184
35.574027 -11.285391
35.278995 -11.383423
34.989181 -11.476281
34.704585 -11.563963
34.425208 -11.646470
34.151048 -11.723803
33.882107 -11.795960
33.618384 -11.862942
33.359879 -11.924750
33.106592 -11.981382
32.858523 -12.032839
32.615673 -12.079122
32.378040 -12.120229
32.145626 -12.156162
31.918430 -12.186919
31.696451 -12.212502
31.479692 -12.232909
31.268150 -12.248142
31.061826 -12.258200
30.860720 -12.263082
30.664833 -12.262790
30.474164 -12.257323
30.288713 -12.246680
30.108480 -12.230863
29.933465 -12.209871
29.763668 -12.183704
29.599089 -12.152361
29.439729 -12.115844
29.285586 -12.074152
29.136662 -12.027285
28.992956 -11.975243
28.854468 -11.918026
28.721198 -11.855634
28.593147 -11.788067
28.470313 -11.715325
28.352698 -11.637408
28.240300 -11.554316
28.133121 -11.466049
28.031160 -11.372607
27.934417 -11.273990
27.842893 -11.170198
