273.075168 124.217361
272.530592 120.262795
271.986935 116.352224
271.444195 112.485648
270.902373 108.663066
270.361470 104.884478
269.821483 101.149885
269.282415 97.459287
268.744265 93.812683
268.207032 90.210073
267.670718 86.651458
267.135321 83.136838
266.600842 79.666212
266.067281 76.239581
265.534638 72.856944
265.002913 69.518302
264.472106 66.223654
263.942216 62.973000
263.413244 59.766342
262.885191 56.603677
262.358055 53.485007
261.831837 50.410332
261.306537 47.379651
260.782154 44.392965
260.258690 41.450273
259.736143 38.551576
259.214515 35.696874
258.693804 32.886165
258.174011 30.119452
257.655136 27.396733
257.137179 24.718008
256.620139 22.083278
256.104018 19.492542
255.588814 16.945801
255.074529 14.443054
254.561161 11.984302
254.048711 9.569545
253.537179 7.198782
253.026565 4.872013
252.516868 2.589239
252.008090 0.350460
251.500229 -1.844325
250.993286 -3.995116
250.487261 -6.101912
249.982154 -8.164713
249.477965 -10.183520
248.974694 -12.158333
248.472340 -14.089151
247.970905 -15.975974
247.470387 -17.818803
246.970787 -19.617637
246.472106 -21.372477
245.974341 -23.083323
245.477495 -24.750174
244.981567 -26.373030
244.486557 -27.951892
243.992464 -29.486759
243.499289 -30.977632
243.007032 -32.424510
242.515693 -33.827394
242.025272 -35.186283
241.535769 -36.501178
241.047184 -37.772078
240.559516 -38.998984
240.072767 -40.181895
239.586935 -41.320812
239.102021 -42.415734
238.618025 -43.466662
238.134947 -44.473595
237.652786 -45.436533
237.171544 -46.355477
236.691219 -47.230427
236.211813 -48.061382
235.733324 -48.848343
235.255753 -49.591309
234.779100 -50.290280
234.303365 -50.945257
233.828547 -51.556240
233.354648 -52.123228
232.881666 -52.646221
232.409603 -53.125220
231.938457 -53.560225
231.468229 -53.951235
230.998919 -54.298250
230.530527 -54.601271
230.063052 -54.860298
229.596496 -55.075330
229.130857 -55.246367
228.666136 -55.373410
228.202333 -55.456458
227.739448 -55.495512
227.277481 -55.490572
226.816432 -55.441636
226.356301 -55.348707
225.897087 -55.211782
225.438791 -55.030864
224.981414 -54.805951
224.524954 -54.537043
224.069412 -54.224141
223.614787 -53.867244
223.161081 -53.466353
222.708293 -53.021467
222.256422 -52.532586
221.805469 -51.999712
221.355434 -51.422842
220.906317 -50.801979
220.458118 -50.137120
220.010837 -49.428267
219.564474 -48.675420
219.119028 -47.878578
218.674501 -47.037742
218.230891 -46.152911
217.788199 -45.224085
217.346425 -44.251265
216.905569 -43.234451
216.465631 -42.173642
216.026610 -41.068838
215.588508 -39.920040
215.151323 -38.727248
214.715056 -37.490461
214.279707 -36.209679
213.845276 -34.884903
213.411763 -33.516133
212.979168 -32.103368
212.547490 -30.646608
212.116594 -29.147536
211.683471 -27.643143
211.246892 -26.148563
210.806857 -24.663797
210.363365 -23.188844
209.916416 -21.723704
209.466012 -20.268377
209.012150 -18.822864
208.554832 -17.387164
208.094058 -15.961277
207.629827 -14.545203
207.162139 -13.138943
206.690996 -11.742496
206.216395 -10.355862
205.738338 -8.979041
205.256825 -7.612034
204.771855 -6.254839
204.283429 -4.907458
203.791546 -3.569891
203.296207 -2.242136
202.797411 -0.924195
202.295158 0.383933
201.789450 1.682248
201.280284 2.970750
200.767663 4.249438
200.251584 5.518313
199.732049 6.777375
199.209058 8.026624
198.682610 9.266059
198.152706 10.495681
197.619345 11.715490
197.082528 12.925486
196.542255 14.125668
195.998524 15.316037
195.451338 16.496593
194.900694 17.667336
194.346595 18.828265
193.789039 19.979382
193.228026 21.120685
192.663557 22.252174
192.095631 23.373851
191.524249 24.485714
190.949410 25.587764
190.371115 26.680001
189.789364 27.762425
189.204155 28.835035
188.615491 29.897832
188.023370 30.950816
187.427792 31.993987
186.828758 33.027344
186.226268 34.050888
185.620321 35.064619
185.010917 36.068537
184.398057 37.062641
183.781740 38.046932
183.161967 39.021410
182.538738 39.986075
181.912052 40.940926
181.281909 41.885965
180.648310 42.821190
180.011255 43.746602
179.370743 44.662200
178.726774 45.567985
178.079350 46.463957
177.428468 47.350116
176.774130 48.226462
176.116336 49.092994
175.455085 49.949713
174.790377 50.796619
174.122213 51.633712
173.450593 52.460991
172.775516 53.278457
172.096983 54.086110
171.414993 54.883950
170.729547 55.671976
170.040644 56.450190
169.348284 57.218590
168.652469 57.977176
167.953196 58.725950
167.250467 59.464910
166.544282 60.194057
165.834640 60.913391
165.121542 61.622911
164.404987 62.322619
163.684976 63.012513
162.961508 63.692594
162.234584 64.362861
161.504203 65.023315
160.770366 65.673957
160.033072 66.314784
159.292322 66.945799
158.548115 67.567000
157.800452 68.178389
157.049332 68.779964
156.294756 69.371725
155.536724 69.953674
154.775234 70.525809
154.010289 71.088131
153.241887 71.640640
152.470028 72.183335
151.694713 72.716217
150.915941 73.239286
150.133713 73.752542
149.348028 74.255985
148.558887 74.749614
147.766290 75.233430
146.970236 75.707433
146.170725 76.171623
145.367758 76.625999
144.561335 77.070562
143.751454 77.505312
142.938118 77.930249
142.121325 78.345372
141.301075 78.750682
140.477369 79.146179
139.650207 79.531863
138.819588 79.907733
137.985512 80.273790
137.147980 80.630034
136.306992 80.976465
135.462547 81.313083
134.614646 81.639887
133.763288 81.956878
132.908473 82.264056
132.050202 82.561420
131.189592 82.849595
130.333344 83.132318
129.482577 83.410213
128.637290 83.683280
127.797482 83.951518
126.963155 84.214929
126.134308 84.473511
125.310940 84.727265
124.493053 84.976191
123.680646 85.220289
122.873718 85.459558
122.072271 85.694000
121.276304 85.923613
120.485816 86.148398
119.700809 86.368355
118.921282 86.583483
118.147235 86.793784
117.378667 86.999256
116.615580 87.199900
115.857973 87.395716
115.105846 87.586704
114.359199 87.772864
113.618032 87.954195
112.882344 88.130698
112.152137 88.302373
111.427410 88.469220
110.708163 88.631239
109.994396 88.788430
109.286109 88.940792
108.583302 89.088326
107.885975 89.231032
107.194128 89.368910
106.507761 89.501960
105.826874 89.630181
105.151467 89.753574
104.481540 89.872140
103.817093 89.985876
103.158126 90.094785
102.504639 90.198866
101.856632 90.298118
101.214105 90.392543
100.577058 90.482139
99.945491 90.566906
99.319404 90.646846
98.698797 90.721958
98.083670 90.792241
97.474023 90.857696
96.869856 90.918323
96.271169 90.974122
95.677963 91.025093
95.090236 91.071235
94.507989 91.112550
93.931222 91.149036
93.359935 91.180694
92.794128 91.207523
92.233802 91.229525
91.678955 91.246698
91.129588 91.259044
90.585701 91.266561
90.047295 91.269250
89.514368 91.267110
88.986921 91.260143
88.464955 91.248347
87.948468 91.231723
87.437461 91.210271
86.931935 91.183991
86.431888 91.152883
85.937321 91.116946
85.448235 91.076182
84.964628 91.030589
84.486501 90.980168
84.013855 90.924919
83.546688 90.864841
83.085002 90.799936
82.628795 90.730202
82.178069 90.655640
81.732822 90.576250
81.293056 90.492031
80.858769 90.402985
80.429963 90.309110
80.006636 90.210408
79.588790 90.106877
79.176423 89.998517
78.769537 89.885330
78.368130 89.767314
77.972204 89.644471
77.581757 89.516799
77.196791 89.384299
76.817305 89.246971
76.443298 89.104814
76.074772 88.957830
75.711725 88.806017
75.354159 88.649376
75.002073 88.487907
74.655466 88.321609
74.314340 88.150484
73.978694 87.974530
73.648527 87.793749
73.323841 87.608139
73.004635 87.417700
72.690909 87.222434
72.382662 87.022339
72.079896 86.817417
71.782610 86.607666
71.490804 86.393087
71.204478 86.173680
70.923631 85.949444
70.648265 85.720381
70.378379 85.486489
70.113973 85.247769
69.855047 85.004221
69.601601 84.755844
69.353635 84.502640
69.111148 84.244607
68.874142 83.981746
68.642616 83.714057
68.416570 83.441540
68.196004 83.164195
67.980918 82.882021
67.771312 82.595020
67.567186 82.303190
67.368540 82.006532
67.175374 81.705045
66.987688 81.398731
66.805482 81.087588
66.626516 80.772055
66.445313 80.453200
66.261625 80.131072
66.075451 79.805670
65.886791 79.476996
65.695646 79.145048
65.502016 78.809828
65.305900 78.471334
65.107298 78.129567
64.906211 77.784527
64.702639 77.436214
64.496581 77.084627
64.288037 76.729768
64.077008 76.371635
63.863494 76.010230
63.647494 75.645551
63.429008 75.277599
63.208037 74.906374
62.984580 74.531876
62.758638 74.154105
62.530210 73.773061
62.299297 73.388743
62.065898 73.001153
61.830014 72.610289
61.591644 72.216152
61.350789 71.818743
61.107448 71.418060
60.861622 71.014103
60.613310 70.606874
60.362513 70.196372
60.109230 69.782596
59.853462 69.365548
59.595208 68.945226
59.334468 68.521631
59.071243 68.094763
58.805533 67.664622
58.537337 67.231208
58.266655 66.794521
57.993488 66.354561
57.717836 65.911327
57.439698 65.464821
57.159074 65.015041
56.875965 64.561988
56.590371 64.105662
56.302291 63.646063
56.011725 63.183191
55.718674 62.717046
55.423137 62.247627
55.125115 61.774936
54.824607 61.298971
54.521614 60.819733
54.216135 60.337222
53.908171 59.851438
53.597721 59.362381
53.284786 58.870051
52.969365 58.374448
52.651459 57.875571
52.331067 57.373422
52.008190 56.867999
51.682827 56.359303
51.354979 55.847334
51.024645 55.332092
50.691825 54.813577
50.356520 54.291789
50.018730 53.766728
49.678454 53.238393
49.335692 52.706786
48.990445 52.171905
48.642713 51.633751
48.292495 51.092324
47.939791 50.547624
47.584602 49.999651
47.226928 49.448405
46.866768 48.893885
46.504122 48.336093
46.138991 47.775027
45.771374 47.210688
45.401272 46.643077
45.028684 46.072192
44.653611 45.498034
44.276052 44.920602
43.896008 44.339898
43.513478 43.755921
43.128463 43.168670
42.740962 42.578146
42.350976 41.984350
41.958504 41.387280
41.563547 40.786937
41.166104 40.183321
40.766176 39.576431
40.363762 38.966269
39.958862 38.352834
39.551477 37.736125
39.141607 37.116143
38.729251 36.492889
38.314409 35.866361
37.897082 35.236560
37.477270 34.603485
37.054972 33.967138
36.630188 33.327518
36.202919 32.684624
35.773165 32.038458
35.340925 31.389018
34.906199 30.736305
34.468988 30.080319
34.029291 29.421060
33.587109 28.758528
33.142441 28.092723
32.695288 27.423644
32.245649 26.751293
31.793525 26.075668
31.338915 25.396770
30.881820 24.714599
30.422239 24.029156
29.960173 23.340438
29.495621 22.648448
29.028584 21.953185
28.559061 21.254648
28.087053 20.552839
27.612559 19.847756
27.135579 19.139400
26.656114 18.427771
26.174164 17.712869
25.689728 16.994694
25.202807 16.273246
