294.235584 -58.527097
294.101594 -56.812348
293.957930 -55.101685
293.804591 -53.395109
293.641577 -51.692620
293.468890 -49.994217
293.286527 -48.299901
293.094490 -46.609671
292.892779 -44.923528
292.681393 -43.241471
292.460333 -41.563500
292.229598 -39.889616
291.989189 -38.219819
291.739105 -36.554108
291.479347 -34.892484
291.209915 -33.234946
290.930807 -31.581495
290.642026 -29.932130
290.343570 -28.286852
290.035439 -26.645660
289.717634 -25.008555
289.390155 -23.375536
289.053001 -21.746604
288.706172 -20.121758
288.349669 -18.500999
287.983492 -16.884326
287.607640 -15.271739
287.222113 -13.663240
286.826912 -12.058826
286.422037 -10.458500
286.007487 -8.862259
285.583263 -7.270106
285.149364 -5.682039
284.705791 -4.098058
284.252543 -2.518164
283.789621 -0.942356
283.317024 0.629365
282.834753 2.197000
282.342807 3.760548
281.841187 5.320010
281.329892 6.875385
280.808923 8.426674
280.278280 9.973876
279.737962 11.516992
279.187969 13.056021
278.628302 14.590963
278.058960 16.121820
277.479944 17.648589
276.891254 19.171272
276.292889 20.689869
275.684850 22.204379
275.067136 23.714803
274.439747 25.221140
273.802684 26.723390
273.155947 28.221555
272.499535 29.715632
271.833449 31.205623
271.157688 32.691528
270.472253 34.173346
269.777143 35.651077
269.072359 37.124723
268.357900 38.594281
267.633767 40.059753
266.899959 41.521139
266.156477 42.978438
265.403321 44.431650
264.640489 45.880776
263.867984 47.325816
263.085804 48.766769
262.293949 50.203635
261.492420 51.636415
260.681217 53.065109
259.860339 54.489716
259.029786 55.910236
258.189559 57.326670
257.339658 58.739018
256.480082 60.147279
255.610832 61.551453
254.731907 62.951541
253.843307 64.347543
252.945034 65.739458
252.037085 67.127286
251.119463 68.511028
250.192165 69.890684
249.255194 71.266252
248.308547 72.637735
247.352227 74.005131
246.386232 75.368440
245.410562 76.727663
244.425218 78.082800
243.430199 79.433849
242.425506 80.780813
241.411138 82.123690
240.387096 83.462480
239.353380 84.797184
238.309989 86.127801
237.256923 87.454332
236.194183 88.776777
235.121769 90.095134
234.039680 91.409406
232.947917 92.719591
231.846479 94.025689
230.735366 95.327701
229.614580 96.625626
228.484118 97.919465
227.343982 99.209217
226.194172 100.494883
225.034687 101.776462
223.865528 103.053955
222.686694 104.327361
221.498186 105.596681
220.300004 106.861914
219.092146 108.123061
217.874615 109.380121
216.647409 110.633095
215.410528 111.881983
214.163973 113.126783
212.907743 114.367498
211.641839 115.604125
210.366261 116.836666
209.081008 118.065121
207.786080 119.289489
206.481478 120.509771
205.167202 121.725966
203.843251 122.938075
202.510287 124.145345
201.182863 125.331216
199.866930 126.488916
198.562491 127.618443
197.269544 128.719798
195.988089 129.792981
194.718127 130.837992
193.459657 131.854831
192.212680 132.843498
190.977195 133.803993
189.753203 134.736316
188.540703 135.640467
187.339696 136.516445
186.150181 137.364252
184.972159 138.183886
183.805629 138.975349
182.650592 139.738639
181.507047 140.473757
180.374995 141.180704
179.254435 141.859478
178.145368 142.510080
177.047793 143.132510
175.961711 143.726767
174.887121 144.292853
173.824024 144.830767
172.772419 145.340508
171.732307 145.822078
170.703687 146.275475
169.686560 146.700701
168.680925 147.097754
167.686783 147.466635
166.704133 147.807344
165.732976 148.119881
164.773311 148.404246
163.825138 148.660439
162.888458 148.888460
161.963271 149.088309
161.049576 149.259985
160.147374 149.403490
159.256664 149.518822
158.377447 149.605983
157.509722 149.664971
156.653489 149.695787
155.808749 149.698431
154.975502 149.672903
154.153747 149.619203
153.343485 149.537331
152.544715 149.427287
151.757437 149.289071
150.981652 149.122682
150.217360 148.928122
149.464560 148.705390
148.723252 148.454485
147.993437 148.175408
147.275115 147.868160
146.568285 147.532739
145.872947 147.169146
145.189102 146.777381
144.516750 146.357444
143.855890 145.909335
143.206522 145.433054
142.568647 144.928600
141.942265 144.395975
141.327375 143.835177
140.723977 143.246208
140.132072 142.629066
139.551659 141.983753
138.982739 141.310267
138.425312 140.608609
137.879377 139.878779
137.344934 139.120777
136.821984 138.334603
136.310526 137.520257
135.810561 136.677738
135.322089 135.807048
134.845109 134.908186
134.379621 133.981151
133.925626 133.025945
133.483123 132.042566
133.052113 131.031015
132.632595 129.991292
132.224570 128.923397
131.828037 127.827330
131.442997 126.703091
131.069450 125.550680
130.707394 124.370097
130.356832 123.161342
130.017761 121.924414
129.690184 120.659315
129.374099 119.366043
129.069506 118.044600
128.776406 116.694984
128.494798 115.317196
128.224683 113.911236
127.966060 112.477104
127.718930 111.014800
127.483292 109.524324
127.259147 108.005676
127.046494 106.458856
126.845333 104.883864
126.655666 103.280699
126.477490 101.649363
126.310808 99.989854
126.155617 98.302173
126.011919 96.586321
125.879714 94.842296
125.759001 93.070099
125.649781 91.269730
125.552053 89.441189
125.465818 87.584476
125.391075 85.699591
125.327825 83.786533
125.276067 81.845304
125.235801 79.875902
125.207028 77.878329
125.189748 75.852583
125.183960 73.798666
125.189665 71.716576
125.206862 69.606314
125.235551 67.467880
125.275733 65.301274
125.327408 63.106496
125.390575 60.883546
125.465235 58.632423
125.551387 56.353129
125.646664 54.051987
125.736866 51.766942
125.819624 49.504320
125.894939 47.264119
125.962812 45.046341
126.023241 42.850984
126.076227 40.678049
126.121770 38.527536
126.159870 36.399445
126.190527 34.293776
126.213741 32.210529
126.229512 30.149704
126.237839 28.111301
126.238724 26.095320
126.232166 24.101761
126.218164 22.130623
126.196720 20.181908
126.167832 18.255615
126.131501 16.351743
126.087728 14.470294
126.036511 12.611266
125.977851 10.774660
125.911748 8.960477
125.838202 7.168715
125.757213 5.399375
125.668781 3.652457
125.572905 1.927961
125.469587 0.225887
125.358826 -1.453765
125.240621 -3.110995
125.114974 -4.745803
124.981883 -6.358189
124.841349 -7.948154
124.693373 -9.515696
124.537953 -11.060816
124.375090 -12.583515
124.204784 -14.083791
124.027035 -15.561646
123.841843 -17.017079
123.649208 -18.450089
123.449130 -19.860678
123.241609 -21.248845
123.026644 -22.614590
122.804237 -23.957913
122.574386 -25.278814
122.337093 -26.577293
122.092356 -27.853350
121.840177 -29.106985
121.580554 -30.338198
121.313488 -31.546990
121.038979 -32.733359
120.757027 -33.897306
120.467632 -35.038832
120.170794 -36.157935
119.866513 -37.254617
119.554789 -38.328877
119.235621 -39.380714
118.909011 -40.410130
118.574958 -41.417124
118.233461 -42.401696
117.884522 -43.363846
117.528139 -44.303574
117.164313 -45.220880
116.793044 -46.115764
116.414333 -46.988226
116.028178 -47.838266
115.634580 -48.665885
115.233539 -49.471081
114.825055 -50.253855
114.409127 -51.014208
113.985757 -51.752138
113.554944 -52.467647
113.116687 -53.160734
112.670988 -53.831398
112.217845 -54.479641
111.757260 -55.105462
111.289231 -55.708861
110.813759 -56.289838
110.330845 -56.848393
109.840487 -57.384526
109.342686 -57.898237
108.837442 -58.389526
108.324755 -58.858393
107.804625 -59.304839
107.277051 -59.728862
106.742035 -60.130463
106.199576 -60.509643
105.649673 -60.866400
105.092328 -61.200736
104.527539 -61.512650
103.955308 -61.802141
103.375633 -62.069211
102.788515 -62.313859
102.193955 -62.536085
101.591951 -62.735889
100.982504 -62.913271
100.365614 -63.068231
99.741281 -63.200769
99.109504 -63.310885
98.470285 -63.398579
97.823623 -63.463851
97.169518 -63.506702
96.507969 -63.527130
95.838978 -63.525137
95.162543 -63.500721
94.478665 -63.453884
93.787345 -63.384624
93.088581 -63.292943
92.382374 -63.178840
91.668724 -63.042315
90.947631 -62.883368
90.219095 -62.701998
89.483116 -62.498207
88.739694 -62.271994
87.988829 -62.023360
87.230520 -61.752303
86.464769 -61.458824
85.691574 -61.142923
84.910937 -60.804601
84.122856 -60.443856
83.327333 -60.060689
82.524366 -59.655101
81.713956 -59.227090
80.896103 -58.776658
80.070807 -58.303804
79.242099 -57.814820
78.419833 -57.325088
77.604455 -56.835306
76.795968 -56.345476
75.994369 -55.855596
75.199660 -55.365667
74.411841 -54.875689
73.630910 -54.385662
72.856869 -53.895586
72.089718 -53.405460
71.329456 -52.915286
70.576083 -52.425062
69.829599 -51.934789
69.090005 -51.444467
68.357301 -50.954096
67.631485 -50.463676
66.912559 -49.973206
66.200523 -49.482687
65.495376 -48.992120
64.797118 -48.501503
64.105749 -48.010836
63.421270 -47.520121
62.743681 -47.029357
62.072980 -46.538543
61.409169 -46.047680
60.752248 -45.556768
60.102215 -45.065807
59.459073 -44.574797
58.822819 -44.083738
58.193455 -43.592629
57.570980 -43.101471
56.955395 -42.610265
56.346699 -42.119009
55.744892 -41.627703
55.149975 -41.136349
54.561947 -40.644946
53.980809 -40.153493
53.406560 -39.661991
52.839200 -39.170440
52.278729 -38.678840
51.725148 -38.187191
51.178457 -37.695493
50.638655 -37.203745
50.105742 -36.711949
49.579718 -36.220103
49.060584 -35.728208
48.548339 -35.236264
48.042984 -34.744270
47.544518 -34.252228
47.052941 -33.760136
46.568254 -33.267995
46.090456 -32.775805
45.619547 -32.283566
45.155528 -31.791278
44.698398 -31.298941
44.248158 -30.806554
43.804807 -30.314118
43.368345 -29.821634
42.938773 -29.329100
42.516090 -28.836516
42.100296 -28.343884
41.691392 -27.851203
41.289377 -27.358472
40.894252 -26.865692
40.506016 -26.372863
40.124669 -25.879985
39.750212 -25.387058
39.382644 -24.894082
39.021965 -24.401056
38.668176 -23.907981
38.321276 -23.414858
37.981266 -22.921685
37.648145 -22.428462
37.321913 -21.935191
37.002571 -21.441871
36.690118 -20.948501
36.384554 -20.455082
36.085880 -19.961614
35.794095 -19.468097
35.509199 -18.974531
35.231193 -18.480915
34.960077 -17.987251
34.695849 -17.493537
34.438511 -16.999774
34.188063 -16.505962
33.944503 -16.012101
33.707833 -15.518191
33.478053 -15.024231
33.255162 -14.530223
33.039160 -14.036165
32.830048 -13.542058
32.627825 -13.047902
32.432491 -12.553697
32.244047 -12.059442
32.062492 -11.565139
31.887826 -11.070786
31.720050 -10.576384
31.559163 -10.081933
31.405166 -9.587433
31.258058 -9.092884
31.117839 -8.598285
30.984510 -8.103637
30.858070 -7.608941
30.738519 -7.114195
30.625858 -6.619400
30.520086 -6.124555
30.421204 -5.629662
30.329211 -5.134719
30.244107 -4.639728
30.165893 -4.144687
30.094568 -3.649597
30.030132 -3.154458
29.972586 -2.659269
29.921929 -2.164032
29.878162 -1.668745
29.841284 -1.173409
29.811295 -0.678024
29.788196 -0.182590
29.771986 0.312893
29.762665 0.808426
29.760234 1.304007
29.764692 1.799638
29.776040 2.295318
29.794277 2.791047
29.819403 3.286825
