298.458917 -30.368981
297.879098 -30.852106
297.294580 -31.337148
296.705363 -31.824107
296.111447 -32.312982
295.512831 -32.803773
294.909516 -33.296481
294.301502 -33.791106
293.688789 -34.287647
293.071376 -34.786104
292.449264 -35.286478
291.822453 -35.788769
291.190943 -36.292976
290.554733 -36.799099
289.913824 -37.307139
289.268216 -37.817096
288.617908 -38.328969
287.962902 -38.842758
287.303196 -39.358464
286.638791 -39.876087
285.969686 -40.395626
285.295883 -40.917081
284.617380 -41.440453
283.934178 -41.965742
283.246276 -42.492947
282.553676 -43.022068
281.856376 -43.553106
281.154377 -44.086061
280.447678 -44.620932
279.736281 -45.157719
279.020184 -45.696423
278.299388 -46.237044
277.573892 -46.779581
276.843698 -47.324034
276.108804 -47.870404
275.369211 -48.418691
274.624918 -48.968894
273.875927 -49.521013
273.122236 -50.075049
272.363846 -50.631002
271.600756 -51.188871
270.832968 -51.748656
270.060480 -52.310358
269.283292 -52.873977
268.501406 -53.439512
267.714820 -54.006963
266.923536 -54.576331
266.127551 -55.147616
265.326868 -55.720817
264.521485 -56.295934
263.711404 -56.872968
262.896622 -57.451919
262.077142 -58.032786
261.252962 -58.615569
260.424083 -59.200269
259.590505 -59.786886
258.752228 -60.375419
257.909251 -60.965868
257.061575 -61.558234
256.209200 -62.152517
255.352126 -62.748716
254.490352 -63.346831
253.623879 -63.946863
252.752707 -64.548812
251.876836 -65.152677
250.996265 -65.758458
250.110995 -66.366156
249.221026 -66.975771
248.326358 -67.587302
247.426990 -68.200749
246.522923 -68.816113
245.614157 -69.433394
244.700692 -70.052591
243.782527 -70.673704
242.859663 -71.296734
241.932100 -71.921681
240.999838 -72.548544
240.062876 -73.177323
239.121215 -73.808019
238.174855 -74.440632
237.223796 -75.075161
236.268037 -75.711606
235.307579 -76.349968
234.342422 -76.990247
233.372566 -77.632442
232.398010 -78.276553
231.418755 -78.922581
230.434801 -79.570526
229.446148 -80.220387
228.452795 -80.872164
227.454743 -81.525858
226.451992 -82.181469
225.444542 -82.838996
224.432392 -83.498439
223.415543 -84.159799
222.393995 -84.823076
221.367748 -85.488269
220.336801 -86.155378
219.301155 -86.824404
218.260810 -87.495347
217.215766 -88.168205
216.166022 -88.842981
215.111579 -89.519673
214.052437 -90.198281
212.988596 -90.878806
211.920055 -91.561248
210.846815 -92.245606
209.768876 -92.931880
208.686238 -93.620071
207.598900 -94.310179
206.506863 -95.002203
205.410127 -95.696143
204.308692 -96.392000
203.202557 -97.089774
202.091723 -97.789464
200.976190 -98.491070
199.855958 -99.194593
198.731026 -99.900033
197.601395 -100.607389
196.467065 -101.316661
195.328036 -102.027850
194.184307 -102.740956
193.035879 -103.455977
191.882752 -104.172916
190.724926 -104.891771
189.562896 -105.611920
188.407566 -106.319669
187.263396 -107.009414
186.130387 -107.681158
185.008539 -108.334898
183.897851 -108.970636
182.798323 -109.588371
181.709956 -110.188103
180.632750 -110.769833
179.566704 -111.333560
178.511818 -111.879284
177.468093 -112.407005
176.435529 -112.916724
175.414125 -113.408440
174.403881 -113.882153
173.404798 -114.337864
172.416876 -114.775572
171.440114 -115.195277
170.474512 -115.596980
169.520071 -115.980680
168.576791 -116.346377
167.644671 -116.694071
166.723711 -117.023763
165.813912 -117.335452
164.915274 -117.629138
164.027796 -117.904821
163.151478 -118.162502
162.286321 -118.402180
161.432325 -118.623856
160.589489 -118.827529
159.757814 -119.013199
158.937299 -119.180866
158.127944 -119.330531
157.329750 -119.462192
156.542717 -119.575852
155.766844 -119.671508
155.002132 -119.749162
154.248580 -119.808813
153.506188 -119.850461
152.774957 -119.874107
152.054887 -119.879750
151.345977 -119.867390
150.648228 -119.837028
149.961639 -119.788662
149.286211 -119.722294
148.621943 -119.637924
147.968835 -119.535550
147.326888 -119.415174
146.696102 -119.276796
146.076476 -119.120414
145.468011 -118.946030
144.870706 -118.753643
144.284562 -118.543254
143.709578 -118.314861
143.145755 -118.068466
142.593092 -117.804069
142.051589 -117.521668
141.521248 -117.221265
141.002066 -116.902859
140.494045 -116.566451
139.997185 -116.212040
139.511485 -115.839626
139.036946 -115.449209
138.573567 -115.040790
138.121349 -114.614367
137.680291 -114.169943
137.250394 -113.707515
136.831657 -113.227085
136.424081 -112.728652
136.027665 -112.212216
135.642410 -111.677778
135.268315 -111.125337
134.905381 -110.554893
134.553607 -109.966447
134.212994 -109.359998
133.883541 -108.735546
133.565249 -108.093091
133.258117 -107.432634
132.962146 -106.754174
132.677335 -106.057711
132.403685 -105.343246
132.141195 -104.610778
131.889866 -103.860307
131.649697 -103.091833
131.420689 -102.305357
131.202841 -101.500878
130.996154 -100.678396
130.800628 -99.837912
130.616261 -98.979425
130.443056 -98.102935
130.281010 -97.208443
130.130126 -96.295947
129.990402 -95.365449
129.861838 -94.416949
129.744435 -93.450445
129.638192 -92.465939
129.543110 -91.463431
129.459188 -90.442919
129.386427 -89.404405
129.324827 -88.347888
129.274386 -87.273369
129.235107 -86.180846
129.206988 -85.070321
129.190029 -83.941793
129.184231 -82.795263
129.189593 -81.630730
129.206116 -80.448194
129.233800 -79.247656
129.272643 -78.029114
129.322648 -76.792570
129.383813 -75.538024
129.456138 -74.265474
129.539624 -72.974922
129.634270 -71.666367
129.740077 -70.339810
129.857045 -68.995250
129.985173 -67.632687
130.124461 -66.252121
130.274910 -64.853553
130.436520 -63.436982
130.609290 -62.002408
130.793220 -60.549831
130.988311 -59.079252
131.194562 -57.590670
131.411974 -56.084086
131.638076 -54.563559
131.858041 -53.053452
132.069398 -51.557827
132.272147 -50.076683
132.466288 -48.610019
132.651822 -47.157837
132.828748 -45.720136
132.997067 -44.296915
133.156777 -42.888176
133.307880 -41.493917
133.450376 -40.114140
133.584263 -38.748844
133.709543 -37.398028
133.826215 -36.061694
133.934279 -34.739840
134.033736 -33.432468
134.124585 -32.139576
134.206826 -30.861166
134.280459 -29.597236
134.345485 -28.347787
134.401903 -27.112820
134.449713 -25.892333
134.488915 -24.686328
134.519510 -23.494803
134.541497 -22.317759
134.554877 -21.155197
134.559648 -20.007115
134.555812 -18.873515
134.543368 -17.754395
134.522317 -16.649756
134.492657 -15.559598
134.454390 -14.483922
134.407515 -13.422726
134.352033 -12.376011
134.287943 -11.343778
134.215245 -10.326025
134.133939 -9.322753
134.044026 -8.333962
133.945505 -7.359652
133.838376 -6.399824
133.722639 -5.454476
133.598295 -4.523609
133.465343 -3.607223
133.323783 -2.705318
133.173616 -1.817894
133.014840 -0.944951
132.847457 -0.086490
132.671467 0.757491
132.486868 1.586991
132.293662 2.402010
132.091849 3.202548
131.881427 3.988605
131.662398 4.760181
131.434761 5.517276
131.198516 6.259890
130.953663 6.988023
130.700203 7.701675
130.438135 8.400846
130.167460 9.085536
129.888176 9.755745
129.600285 10.411473
129.303786 11.052720
128.998680 11.679487
128.684966 12.291772
128.362644 12.889576
128.031714 13.472899
127.692176 14.041741
127.344031 14.596102
126.987278 15.135983
126.621918 15.661382
126.247949 16.172300
125.865373 16.668737
125.474190 17.150693
125.074398 17.618169
124.665999 18.071163
124.248992 18.509676
123.823377 18.933708
123.389155 19.343260
122.946324 19.738330
122.494887 20.118919
122.034841 20.485028
121.566188 20.836655
121.088927 21.173801
120.603058 21.496467
120.108581 21.804651
119.605497 22.098355
119.093805 22.377577
118.573505 22.642319
118.044598 22.892579
117.507083 23.128358
116.960960 23.349657
116.406229 23.556474
115.842891 23.748811
115.270945 23.926666
114.690391 24.090041
114.101230 24.238934
113.503460 24.373347
112.897083 24.493279
112.282099 24.598729
111.658506 24.689699
111.026306 24.766187
110.385498 24.828195
109.736083 24.875722
109.078059 24.908767
108.411428 24.927332
107.736190 24.931415
107.052343 24.921018
106.359889 24.896140
105.658827 24.856781
104.949157 24.802940
104.230880 24.734619
103.503995 24.651817
102.768502 24.554533
102.024401 24.442769
101.271693 24.316524
100.510377 24.175798
99.740453 24.020591
98.961922 23.850902
98.174783 23.666733
97.379036 23.468083
96.574681 23.254952
95.761719 23.027340
94.940149 22.785247
94.109971 22.528673
93.271185 22.257617
92.427275 21.977517
91.586756 21.701656
90.750014 21.430639
89.917049 21.164467
89.087861 20.903138
88.262452 20.646654
87.440819 20.395014
86.622964 20.148218
85.808886 19.906266
84.998586 19.669158
84.192063 19.436894
83.389318 19.209474
82.590350 18.986899
81.795159 18.769167
81.003746 18.556280
80.216111 18.348237
79.432252 18.145038
78.652171 17.946683
77.875868 17.753172
77.103342 17.564505
76.334593 17.380682
75.569622 17.201703
74.808428 17.027569
74.051012 16.858278
73.297373 16.693832
72.547511 16.534230
71.801427 16.379472
71.059121 16.229558
70.320591 16.084488
69.585840 15.944262
68.854865 15.808880
68.127668 15.678342
67.404248 15.552649
66.684606 15.431800
65.968742 15.315794
65.256654 15.204633
64.548344 15.098316
63.843812 14.996843
63.143057 14.900214
62.446079 14.808429
61.752879 14.721489
61.063456 14.639392
60.377811 14.562139
59.695943 14.489731
59.017852 14.422167
58.343539 14.359447
57.673003 14.301570
57.006245 14.248539
56.343264 14.200351
55.684060 14.157007
55.028634 14.118507
54.376986 14.084852
53.729115 14.056040
53.085021 14.032073
52.444704 14.012950
51.808165 13.998670
51.175404 13.989235
50.546420 13.984644
49.921213 13.984898
49.299784 13.989995
48.682132 13.999936
48.068257 14.014722
47.458160 14.034351
46.851841 14.058825
46.249299 14.088143
45.650534 14.122304
45.055546 14.161310
44.464337 14.205161
43.876904 14.253855
43.293249 14.307393
42.713371 14.365775
42.137271 14.429002
41.564948 14.497072
40.996403 14.569987
40.431635 14.647746
39.870644 14.730349
39.313431 14.817796
38.759995 14.910087
38.210337 15.007222
37.664456 15.109201
37.122352 15.216025
36.584026 15.327692
36.049478 15.444204
35.518706 15.565560
34.991713 15.691760
34.468496 15.822804
33.949057 15.958692
33.433396 16.099424
32.921512 16.245000
32.413405 16.395420
31.909076 16.550685
31.408524 16.710793
30.911749 16.875746
30.418752 17.045543
29.929533 17.220183
29.444090 17.399668
28.962426 17.583997
28.484538 17.773171
28.010428 17.967188
27.540096 18.166049
27.073541 18.369755
26.610763 18.578304
26.151763 18.791698
25.696540 19.009936
25.245094 19.233018
24.797426 19.460944
24.353536 19.693714
23.913422 19.931328
23.477087 20.173786
23.044528 20.421089
22.615747 20.673235
22.190744 20.930226
21.769518 21.192060
21.352069 21.458739
20.938398 21.730262
20.528504 22.006629
20.122388 22.287840
19.720049 22.573895
19.321487 22.864795
18.926703 23.160538
18.535696 23.461126
18.148467 23.766557
17.765015 24.076833
17.385340 24.391953
17.009443 24.711917
