248.740547 167.714460
247.463991 168.031841
246.194503 168.325967
244.932084 168.596837
243.676735 168.844451
242.428455 169.068810
241.187244 169.269913
239.953102 169.447760
238.726029 169.602352
237.506025 169.733688
236.293090 169.841769
235.087225 169.926594
233.888428 169.988163
232.696701 170.026477
231.512043 170.041536
230.334454 170.033338
229.163934 170.001885
228.000483 169.947177
226.844101 169.869213
225.694789 169.767993
224.552545 169.643517
223.417371 169.495786
222.289265 169.324800
221.168229 169.130558
220.054262 168.913060
218.947364 168.672306
217.847536 168.408297
216.754776 168.121033
215.669085 167.810513
214.590464 167.476737
213.518912 167.119705
212.454428 166.739418
211.397014 166.335876
210.346669 165.909078
209.303394 165.459024
208.267187 164.985714
207.238049 164.489149
206.215981 163.969329
205.200981 163.426252
204.193051 162.859921
203.192190 162.270333
202.198398 161.657490
201.211675 161.021391
200.232021 160.362037
199.259437 159.679427
198.293921 158.973562
197.335475 158.244441
196.384097 157.492064
195.439789 156.716432
194.502550 155.917544
193.572380 155.095400
192.649279 154.250001
191.733247 153.381347
190.824285 152.489436
189.922391 151.574270
189.027567 150.635849
188.139812 149.674172
187.259126 148.689239
186.385509 147.681051
185.518961 146.649607
184.659482 145.594907
183.807072 144.516952
182.961732 143.415742
182.123460 142.291275
181.292258 141.143553
180.468125 139.972576
179.651061 138.778343
178.841066 137.560854
178.038140 136.320109
177.242283 135.056110
176.453495 133.768854
175.671777 132.458343
174.897128 131.124576
174.129547 129.767554
173.369036 128.387276
172.615594 126.983742
171.869221 125.556953
171.129917 124.106908
170.397683 122.633608
169.672517 121.137052
168.954421 119.617240
168.243394 118.074173
167.539435 116.507850
166.842546 114.918272
166.152726 113.305438
165.469975 111.669348
164.794294 110.010003
164.125681 108.327402
163.464138 106.621546
162.809663 104.892434
162.162258 103.140066
161.521922 101.364443
160.888655 99.565564
160.262457 97.743430
159.643328 95.898040
159.031268 94.029394
158.426278 92.137493
157.828356 90.222336
157.237504 88.283923
156.653721 86.322255
156.077007 84.337332
155.507362 82.329152
154.944786 80.297717
154.389279 78.243027
153.840842 76.165081
153.299473 74.063879
152.765174 71.939422
152.237944 69.791709
151.717782 67.620741
151.204690 65.426516
150.698668 63.209037
150.199714 60.968301
149.707829 58.704311
149.223014 56.417064
148.745267 54.106562
148.274590 51.772804
147.810982 49.415791
147.354443 47.035522
146.904973 44.631997
146.462572 42.205217
146.027240 39.755182
145.598977 37.281890
145.177784 34.785343
144.763659 32.265541
144.356604 29.722483
143.956456 27.158018
143.559647 24.612841
143.164717 22.103598
142.771667 19.630289
142.380496 17.192914
141.991205 14.791473
141.603793 12.425966
141.218261 10.096393
140.834608 7.802754
140.452835 5.545049
140.072941 3.323279
139.694927 1.137442
139.318792 -1.012461
138.944537 -3.126430
138.572161 -5.204464
138.201665 -7.246565
137.833048 -9.252732
137.466311 -11.222964
137.101453 -13.157263
136.738475 -15.055627
136.377376 -16.918058
136.018157 -18.744554
135.660818 -20.535117
135.305357 -22.289745
134.951777 -24.008440
134.600075 -25.691200
134.250254 -27.338026
133.902312 -28.948919
133.556249 -30.523877
133.212066 -32.062901
132.869762 -33.565991
132.529338 -35.033147
132.190793 -36.464369
131.854128 -37.859658
131.519342 -39.219012
131.186436 -40.542432
130.855409 -41.829918
130.526262 -43.081469
130.198994 -44.297087
129.873606 -45.476771
129.550098 -46.620521
129.228468 -47.728337
128.908719 -48.800219
128.590848 -49.836166
128.274858 -50.836180
127.960747 -51.800260
127.648515 -52.728406
127.338163 -53.620617
127.029690 -54.476895
126.723097 -55.297238
126.418383 -56.081648
126.115549 -56.830123
125.814594 -57.542665
125.515519 -58.219272
125.218324 -58.859946
124.923007 -59.464685
124.629571 -60.033490
124.338014 -60.566361
124.048336 -61.063299
123.760538 -61.524302
123.474619 -61.949371
123.190580 -62.338506
122.908420 -62.691707
122.628140 -63.008975
122.349739 -63.290308
122.073218 -63.535707
121.798577 -63.745172
121.525814 -63.918703
121.254932 -64.056299
120.985929 -64.157962
120.718805 -64.223691
120.453561 -64.253486
120.190196 -64.247347
119.928711 -64.205274
119.669105 -64.127266
119.411379 -64.013325
119.155533 -63.863450
118.901565 -63.677640
118.649478 -63.455897
118.399270 -63.198219
118.150941 -62.904608
117.904492 -62.575062
117.659922 -62.209583
117.417232 -61.808169
117.176421 -61.370822
116.937490 -60.897540
116.700439 -60.388324
116.465267 -59.843175
116.231974 -59.262091
116.000561 -58.645073
115.771027 -57.992121
115.543373 -57.303236
115.317598 -56.578416
115.093703 -55.817662
114.871688 -55.020974
114.651552 -54.188352
114.433295 -53.319796
114.216918 -52.415306
114.002420 -51.474882
113.789802 -50.498524
113.579063 -49.486232
113.370204 -48.438005
113.163225 -47.353845
112.958125 -46.233751
112.754904 -45.077723
112.553563 -43.885760
112.354101 -42.657864
112.156519 -41.394034
111.960817 -40.094269
111.766993 -38.758571
111.575050 -37.386939
111.384986 -35.979372
111.196801 -34.535872
111.010496 -33.056437
110.826070 -31.541068
110.643524 -29.989766
110.462858 -28.402529
110.284071 -26.779358
110.107163 -25.120254
109.932135 -23.425215
109.758986 -21.694242
109.587717 -19.927335
109.418328 -18.124494
109.250818 -16.285720
109.085187 -14.411011
108.920983 -12.507370
108.755487 -10.616808
108.588245 -8.746328
108.419258 -6.895930
108.248526 -5.065613
108.076049 -3.255378
107.901826 -1.465225
107.725859 0.304847
107.548146 2.054838
107.368688 3.784747
107.187484 5.494574
107.004535 7.184320
106.819842 8.853984
106.633402 10.503566
106.445218 12.133067
106.255289 13.742487
106.063614 15.331825
105.870194 16.901081
105.675028 18.450256
105.478118 19.979349
105.279462 21.488361
105.079061 22.977291
104.876915 24.446139
104.673023 25.894906
104.467387 27.323592
104.260005 28.732195
104.050878 30.120718
103.840005 31.489158
103.627388 32.837518
103.413025 34.165795
103.196917 35.473991
102.979063 36.762106
102.759465 38.030138
102.538121 39.278090
102.315032 40.505959
102.090198 41.713748
101.863618 42.901454
101.635293 44.069079
101.405223 45.216623
101.173408 46.344085
100.939848 47.451465
100.704542 48.538764
100.467491 49.605981
100.228695 50.653117
99.988154 51.680171
99.745867 52.687143
99.501835 53.674034
99.256058 54.640843
99.008536 55.587571
98.759268 56.514217
98.508256 57.420782
98.255498 58.307265
98.000994 59.173667
97.744746 60.019987
97.486752 60.846225
97.227013 61.652382
96.965529 62.438457
96.702300 63.204451
96.437325 63.950363
96.170605 64.676194
95.902140 65.381943
95.631930 66.067610
95.359974 66.733196
95.086273 67.378701
94.810827 68.004123
94.533636 68.609465
94.254699 69.194724
93.974018 69.759902
93.691591 70.304999
93.407418 70.830014
93.121501 71.334947
92.833838 71.819799
92.544430 72.284569
92.253277 72.729258
91.960379 73.153865
91.665735 73.558391
91.369346 73.942834
91.071212 74.307197
90.771333 74.651478
90.469708 74.975677
90.166339 75.279795
89.861224 75.563831
89.554363 75.827786
89.245758 76.071659
88.935407 76.295450
88.623311 76.499160
88.309470 76.682788
87.993884 76.846335
87.676552 76.989800
87.357475 77.113184
87.036653 77.216486
86.714086 77.299706
86.389773 77.362845
86.063715 77.405903
85.735912 77.428878
85.406364 77.431773
85.075070 77.414585
84.742032 77.377317
84.407248 77.319966
84.070718 77.242534
83.732444 77.145020
83.392424 77.027425
83.050659 76.889749
82.707149 76.731990
82.361894 76.554150
82.014893 76.356229
81.666147 76.138226
81.315656 75.900141
80.963420 75.641975
80.609438 75.363728
80.253711 75.065398
79.896239 74.746988
79.537022 74.408495
79.176060 74.049921
78.813352 73.671266
78.448899 73.272529
78.082701 72.853710
77.714757 72.414810
77.345069 71.955828
76.973635 71.476765
76.600456 70.977620
76.225531 70.458393
75.848862 69.919085
75.470447 69.359696
75.090287 68.780225
74.708951 68.186337
74.327829 67.591882
73.946986 66.997489
73.566421 66.403158
73.186134 65.808888
72.806126 65.214680
72.426395 64.620534
72.046943 64.026450
71.667768 63.432428
71.288872 62.838467
70.910254 62.244568
70.531915 61.650732
70.153853 61.056956
69.776069 60.463243
69.398564 59.869592
69.021337 59.276002
68.644388 58.682474
68.267717 58.089008
67.891324 57.495604
67.515210 56.902262
67.139374 56.308981
66.763815 55.715762
66.388535 55.122605
66.013533 54.529510
65.638809 53.936477
65.264364 53.343506
64.890196 52.750596
64.516307 52.157748
64.142696 51.564962
63.769363 50.972238
63.396308 50.379575
63.023531 49.786975
62.651033 49.194436
62.278812 48.601959
61.906870 48.009544
61.535206 47.417191
61.163820 46.824899
60.792712 46.232670
60.421883 45.640502
60.051331 45.048396
59.681058 44.456351
59.311063 43.864369
58.941346 43.272448
58.571907 42.680590
58.202746 42.088793
57.833863 41.497057
57.465259 40.905384
57.096933 40.313773
56.728885 39.722223
56.361115 39.130735
55.993623 38.539309
55.626409 37.947945
55.259474 37.356642
54.892816 36.765402
54.526437 36.174223
54.160336 35.583106
53.794513 34.992051
53.428968 34.401057
53.063702 33.810126
52.698713 33.219256
52.334003 32.628448
51.969571 32.037702
51.605417 31.447018
51.241541 30.856395
50.877944 30.265834
50.514624 29.675336
50.151583 29.084899
49.788820 28.494523
49.426335 27.904210
49.064128 27.313958
48.702199 26.723769
48.340548 26.133641
47.979176 25.543575
47.618082 24.953570
47.257265 24.363628
46.896727 23.773747
46.536468 23.183928
46.176486 22.594171
45.816782 22.004476
45.457357 21.414843
45.098210 20.825271
44.739341 20.235761
44.380750 19.646313
44.022437 19.056927
43.664403 18.467603
43.306646 17.878340
42.949168 17.289140
42.591968 16.700001
42.235046 16.110924
41.878402 15.521908
41.522036 14.932955
41.165949 14.344063
40.810139 13.755233
40.454608 13.166466
40.099355 12.577759
39.744380 11.989115
39.389683 11.400532
39.035265 10.812012
38.681124 10.223553
38.327262 9.635156
37.973678 9.046820
37.620372 8.458547
37.267344 7.870335
36.914594 7.282186
36.562123 6.694097
36.209929 6.106071
35.858014 5.518107
35.506377 4.930204
35.155018 4.342364
34.803937 3.754585
34.453135 3.166868
34.102610 2.579212
33.752364 1.991619
33.402396 1.404087
33.052706 0.816617
32.703294 0.229209
32.354160 -0.358137
32.005305 -0.945421
31.656727 -1.532644
31.308428 -2.119805
30.960407 -2.706904
30.612664 -3.293941
30.265199 -3.880916
29.918013 -4.467830
29.571104 -5.054681
