299.702933 13.347361
297.707829 16.232123
295.725575 19.089739
293.756169 21.920209
291.799613 24.723535
289.855905 27.499715
287.925046 30.248750
286.007036 32.970639
284.101874 35.665383
282.209562 38.332982
280.330099 40.973436
278.463484 43.586745
276.609718 46.172908
274.768801 48.731926
272.940733 51.263799
271.125514 53.768526
269.323144 56.246108
267.533622 58.696545
265.756950 61.119837
263.993126 63.515983
262.242151 65.884984
260.504025 68.226840
258.778748 70.541551
257.066320 72.829116
255.366741 75.089536
253.680010 77.322811
252.006128 79.528941
250.345096 81.707925
248.696912 83.859764
247.061577 85.984458
245.439091 88.082006
243.829453 90.152409
242.232665 92.195667
240.648725 94.211780
239.077635 96.200747
237.519393 98.162569
235.974000 100.097246
234.441456 102.004778
232.921761 103.885164
231.414914 105.738405
229.920917 107.564501
228.439768 109.363452
226.971468 111.135257
225.516018 112.879917
224.073416 114.597432
222.643663 116.287801
221.226758 117.951025
219.822703 119.587104
218.431496 121.196038
217.053139 122.777826
215.687630 124.332469
214.334970 125.859967
212.995159 127.360320
211.668197 128.833527
210.354083 130.279589
209.052819 131.698506
207.764403 133.090278
206.488837 134.454904
205.226119 135.792385
203.976250 137.102721
202.739230 138.385911
201.515059 139.641956
200.303736 140.870856
199.105263 142.072611
197.919638 143.247220
196.746862 144.394685
195.586935 145.515003
194.439857 146.608177
193.305628 147.674205
192.184248 148.713089
191.075717 149.724826
189.980034 150.709419
188.897200 151.666866
187.827215 152.597168
186.770080 153.500325
185.725792 154.376336
184.694354 155.225203
183.675765 156.046924
182.670024 156.841499
181.677133 157.608930
180.697090 158.349215
179.729896 159.062355
178.775551 159.748349
177.834055 160.407199
176.905408 161.038903
175.989609 161.643462
175.086660 162.220875
174.196559 162.771144
173.319307 163.294267
172.454905 163.790244
171.603350 164.259077
170.764645 164.700764
169.938789 165.115306
169.125782 165.502703
168.325623 165.862954
167.538313 166.196060
166.763852 166.502021
166.002240 166.780837
165.253477 167.032507
164.517563 167.257032
163.794498 167.454412
163.084281 167.624647
162.386914 167.767736
161.702395 167.883680
161.030725 167.972479
160.371904 168.034132
159.725932 168.068641
159.092808 168.076003
158.472534 168.056221
157.865108 168.009294
157.270532 167.935221
156.688804 167.834003
156.119925 167.705639
155.563895 167.550131
155.020714 167.367477
154.490381 167.157678
153.972898 166.920733
153.468263 166.656644
152.976478 166.365409
152.497541 166.047028
152.031453 165.701503
151.578213 165.328832
151.137823 164.929016
150.710282 164.502055
150.295589 164.047948
149.893476 163.567560
149.498004 163.079882
149.106745 162.592686
148.719700 162.105971
148.336867 161.619736
147.958248 161.133983
147.583841 160.648711
147.213647 160.163920
146.847667 159.679609
146.485899 159.195780
146.128345 158.712432
145.775004 158.229565
145.425875 157.747179
145.080960 157.265274
144.740257 156.783850
144.403768 156.302907
144.071492 155.822445
143.743428 155.342464
143.419578 154.862964
143.099941 154.383945
142.784517 153.905407
142.473305 153.427350
142.166307 152.949774
141.863522 152.472679
141.564950 151.996065
141.270591 151.519932
140.980445 151.044280
140.694512 150.569110
140.412792 150.094420
140.135285 149.620211
139.861991 149.146483
139.592910 148.673237
139.328042 148.200471
139.067387 147.728186
138.810945 147.256383
138.558716 146.785060
138.310700 146.314219
138.066897 145.843858
137.827308 145.373978
137.591931 144.904580
137.360767 144.435662
137.133816 143.967226
136.911079 143.499271
136.692554 143.031796
136.478242 142.564803
136.268144 142.098290
136.062258 141.632259
135.860585 141.166709
135.663126 140.701639
135.469879 140.237051
135.280846 139.772944
135.096025 139.309318
134.915418 138.846172
134.739023 138.383508
134.566842 137.921325
134.398873 137.459623
134.235118 136.998402
134.075576 136.537662
133.920246 136.077402
133.769130 135.617624
133.622227 135.158327
133.479537 134.699511
133.341059 134.241176
133.206795 133.783322
133.076744 133.325949
132.950906 132.869057
132.829281 132.412647
132.711868 131.956717
132.598669 131.501268
132.489683 131.046300
132.384910 130.591813
132.284350 130.137807
132.188003 129.684283
132.095869 129.231239
132.007948 128.778676
131.924240 128.326594
131.844745 127.874994
131.769464 127.423874
131.698395 126.973235
131.631539 126.523078
131.568896 126.073401
131.510466 125.624206
131.456249 125.175491
131.406246 124.727258
131.360455 124.279505
131.318877 123.832234
131.281513 123.385443
131.248361 122.939134
131.219422 122.493305
131.194697 122.047958
131.174184 121.603092
131.157885 121.158706
131.145798 120.714802
131.137925 120.271379
131.134264 119.828436
131.134817 119.385975
131.139582 118.943995
131.148561 118.502496
131.161752 118.061477
131.179157 117.620940
131.200775 117.180884
131.226605 116.741309
131.256649 116.302215
131.290906 115.863602
131.329376 115.425470
131.372058 114.987819
131.418954 114.550649
131.470063 114.113960
131.525385 113.677752
131.584920 113.242025
131.648668 112.806779
131.716628 112.372014
131.788802 111.937730
131.865189 111.503927
131.945789 111.070606
132.030602 110.637765
132.119628 110.205405
132.212867 109.773526
132.310320 109.342128
132.411985 108.911212
132.517863 108.480776
132.627954 108.050821
132.742258 107.621348
132.860775 107.192355
132.983506 106.763844
133.109261 106.335058
133.230916 105.901472
133.347282 105.462330
133.458360 105.017633
133.564150 104.567379
133.664651 104.111570
133.759863 103.650206
133.849788 103.183285
133.934423 102.710810
134.013771 102.232778
134.087830 101.749191
134.156600 101.260048
134.220082 100.765349
134.278276 100.265095
134.331181 99.759285
134.378798 99.247919
134.421126 98.730998
134.458166 98.208521
134.489917 97.680488
134.516380 97.146900
134.537555 96.607756
134.553441 96.063056
134.564039 95.512800
134.569348 94.956989
134.569369 94.395623
134.564101 93.828700
134.553545 93.256222
134.537701 92.678188
134.516568 92.094599
134.490147 91.505454
134.458437 90.910753
134.421439 90.310497
134.379152 89.704685
134.331577 89.093317
134.278714 88.476393
134.220562 87.853914
134.157121 87.225880
134.088393 86.592289
134.014375 85.953143
133.935070 85.308441
133.850476 84.658184
133.760593 84.002371
133.665422 83.341002
133.564963 82.674077
133.459215 82.001597
133.348179 81.323561
133.231854 80.639970
133.110241 79.950822
132.983339 79.256120
132.851149 78.555861
132.713671 77.850047
132.570904 77.138677
132.422849 76.421751
132.269505 75.699270
132.110873 74.971233
131.946953 74.237641
131.777743 73.498492
131.603246 72.753789
131.423460 72.003529
131.238386 71.247714
131.048023 70.486343
130.852372 69.719416
130.651432 68.946934
130.445204 68.168896
130.233688 67.385302
130.016883 66.596153
129.794790 65.801448
129.567408 65.001187
129.334738 64.195371
129.096779 63.383999
128.853532 62.567071
128.604996 61.744588
128.351172 60.916549
128.092060 60.082954
127.827659 59.243804
127.557970 58.399098
127.282992 57.548836
127.002726 56.693019
126.717172 55.831646
126.426329 54.964717
126.130197 54.092233
125.828777 53.214193
125.522069 52.330597
125.210072 51.441446
124.892787 50.546739
124.570214 49.646476
124.242352 48.740657
123.909201 47.829283
123.570762 46.912353
123.227035 45.989868
122.878019 45.061827
122.523715 44.128230
122.164122 43.189078
121.799241 42.244370
121.429072 41.294106
121.053614 40.338286
120.672868 39.376911
120.286833 38.409980
119.895510 37.437494
119.498898 36.459452
119.096998 35.475854
118.689809 34.486700
118.277333 33.491991
117.859567 32.491726
117.436513 31.485906
117.008171 30.474530
116.574540 29.457598
116.135621 28.435110
115.691414 27.407067
115.241918 26.373468
114.787133 25.334313
114.327061 24.289603
113.861699 23.239337
113.391050 22.183516
112.915111 21.122138
112.433885 20.055205
111.947370 18.982717
111.455566 17.904673
110.958475 16.821073
110.456094 15.731917
109.948426 14.637206
109.435468 13.536939
108.917223 12.431116
108.393689 11.319738
107.864866 10.202804
107.331395 9.085700
106.794837 7.981594
106.255265 6.891083
105.712678 5.814168
105.167076 4.750849
104.618459 3.701125
104.066827 2.664996
103.512180 1.642463
102.954519 0.633526
102.393842 -0.361816
101.830151 -1.343562
101.263445 -2.311713
100.693724 -3.266268
100.120988 -4.207227
99.545237 -5.134591
98.966471 -6.048360
98.384690 -6.948532
97.799895 -7.835110
97.212084 -8.708091
96.621259 -9.567477
96.027419 -10.413268
95.430564 -11.245463
94.830694 -12.064062
94.227809 -12.869066
93.621909 -13.660475
93.012995 -14.438287
92.401065 -15.202505
91.786121 -15.953126
91.168162 -16.690152
90.547188 -17.413583
89.923199 -18.123418
89.296195 -18.819657
88.666176 -19.502301
88.033142 -20.171349
87.397094 -20.826802
86.758030 -21.468659
86.115952 -22.096920
85.470859 -22.711586
84.822751 -23.312657
84.171628 -23.900131
83.517490 -24.474011
82.860337 -25.034294
82.200170 -25.580983
81.536987 -26.114075
80.870790 -26.633572
80.201578 -27.139474
79.529351 -27.631780
78.854109 -28.110490
78.175852 -28.575605
77.494580 -29.027124
76.810293 -29.465048
76.122992 -29.889376
75.432675 -30.300108
74.739344 -30.697245
74.042998 -31.080786
73.343637 -31.450732
72.641261 -31.807083
71.935870 -32.149837
71.227464 -32.478996
70.516044 -32.794560
69.801608 -33.096528
69.084158 -33.384900
68.363692 -33.659677
67.640212 -33.920859
66.913717 -34.168444
66.184207 -34.402434
65.451683 -34.622829
64.716143 -34.829628
63.977588 -35.022832
63.236019 -35.202440
62.491435 -35.368452
61.743835 -35.520869
60.993221 -35.659690
60.239592 -35.784916
59.482949 -35.896546
58.723290 -35.994580
57.960616 -36.079019
57.194928 -36.149863
56.426224 -36.207110
55.654506 -36.250763
54.879773 -36.280819
54.102025 -36.297281
53.321262 -36.300146
52.537484 -36.289416
51.750692 -36.265091
50.960884 -36.227170
50.168062 -36.175653
49.372224 -36.110541
48.573372 -36.031833
47.771505 -35.939529
46.966623 -35.833631
46.158726 -35.714136
45.347814 -35.581046
44.533888 -35.434360
43.716946 -35.274079
42.896990 -35.100202
42.074019 -34.912730
41.248032 -34.711662
40.419031 -34.496999
39.587016 -34.268740
38.751985 -34.026885
37.913939 -33.771435
37.072879 -33.502389
36.228803 -33.219748
35.381713 -32.923511
34.531608 -32.613679
33.678487 -32.290251
32.822352 -31.953228
31.963203 -31.602608
31.101038 -31.238394
30.235858 -30.860584
29.367664 -30.469178
28.496454 -30.064176
27.622230 -29.645580
26.744991 -29.213387
25.864737 -28.767599
24.981468 -28.308215
24.095184 -27.835236
23.205885 -27.348662
22.313572 -26.848491
21.418243 -26.334725
20.519900 -25.807364
19.618542 -25.266407
18.714169 -24.711855
17.806781 -24.143706
