261.927696 146.266477
261.754829 144.735381
261.579248 143.213586
261.400953 141.701092
261.219944 140.197899
261.036221 138.704007
260.849784 137.219415
260.660632 135.744124
260.468766 134.278135
260.274187 132.821446
260.076893 131.374057
259.876884 129.935970
259.674162 128.507183
259.468726 127.087698
259.260575 125.677513
259.049710 124.276629
258.836131 122.885046
258.619838 121.502763
258.400831 120.129782
258.179110 118.766101
257.954674 117.411721
257.727524 116.066642
257.497661 114.730864
257.265083 113.404386
257.029790 112.087210
256.791784 110.779334
256.551064 109.480759
256.307629 108.191485
256.061480 106.911512
255.812617 105.640840
255.561040 104.379468
255.306749 103.127397
255.049744 101.884627
254.790024 100.651158
254.527590 99.426990
254.262443 98.212123
253.994581 97.006556
253.724004 95.810290
253.450714 94.623325
253.174710 93.445661
252.895991 92.277298
252.614558 91.118236
252.330411 89.968474
252.043550 88.828013
251.753975 87.696853
251.461686 86.574994
251.166682 85.462436
250.868964 84.359179
250.568533 83.265222
250.265387 82.180566
249.959527 81.105211
249.650952 80.039157
249.339664 78.982404
249.025661 77.934951
248.708944 76.896800
248.389514 75.867949
248.067368 74.848399
247.742509 73.838150
247.414936 72.837202
247.084648 71.845554
246.751647 70.863208
246.415931 69.890162
246.077501 68.926417
245.736357 67.971973
245.392498 67.026829
245.045926 66.090987
244.696639 65.164445
244.344639 64.247204
243.989924 63.339264
243.632495 62.440625
243.272352 61.551287
242.909494 60.671250
242.543923 59.800513
242.175637 58.939077
241.804637 58.086942
241.430923 57.244108
241.054495 56.410575
240.675353 55.586342
240.293496 54.771410
239.908926 53.965780
239.521641 53.169450
239.131642 52.382420
238.738929 51.604692
238.343502 50.836265
237.945361 50.077138
237.544505 49.327312
237.140935 48.586787
236.734652 47.855563
236.325654 47.133639
235.913941 46.421017
235.499515 45.717695
235.082375 45.023674
234.662520 44.338954
234.239951 43.663535
233.814669 42.997417
233.386672 42.340599
232.955960 41.693083
232.522535 41.054867
232.086396 40.425952
231.647542 39.806337
231.205974 39.196024
230.761692 38.595012
230.314696 38.003300
229.864986 37.420889
229.412561 36.847779
228.957423 36.283970
228.499570 35.729461
228.039003 35.184254
227.575722 34.648347
227.109727 34.121741
226.641018 33.604436
226.169594 33.096432
225.695456 32.597728
225.218605 32.108326
224.739039 31.628224
224.256759 31.157423
223.771764 30.695923
223.284056 30.243724
222.793633 29.800825
222.300497 29.367228
221.804646 28.942931
221.306081 28.527935
220.804802 28.122240
220.300808 27.725846
219.794101 27.338752
219.284665 26.960937
218.772196 26.591901
218.256567 26.231441
217.737780 25.879557
217.215834 25.536248
216.690728 25.201515
216.162464 24.875358
215.631040 24.557776
215.096458 24.248770
214.558716 23.948340
214.017816 23.656485
213.473756 23.373206
212.926538 23.098502
212.376161 22.832375
211.822624 22.574822
211.265929 22.325846
210.706074 22.085445
210.143061 21.853620
209.576888 21.630370
209.007557 21.415696
208.435066 21.209598
207.859417 21.012075
207.280608 20.823128
206.698641 20.642757
206.113514 20.470962
205.525229 20.307742
204.933785 20.153097
204.339181 20.007028
203.741419 19.869535
203.140497 19.740618
202.536417 19.620276
201.929177 19.508510
201.318779 19.405320
200.705221 19.310705
200.088505 19.224666
199.468629 19.147202
198.845595 19.078315
198.219401 19.018002
197.590049 18.966266
196.957537 18.923105
196.321867 18.888520
195.683037 18.862510
195.041049 18.845076
194.395901 18.836218
193.747595 18.835935
193.096129 18.844229
192.441505 18.861097
191.783721 18.886542
191.122779 18.920562
190.458677 18.963157
189.791417 19.014329
189.120997 19.074076
188.447419 19.142398
187.770681 19.219296
187.090785 19.304770
186.407729 19.398820
185.721515 19.501445
185.032141 19.612646
184.339608 19.732422
183.643917 19.860775
182.945066 19.997702
182.243057 20.143206
181.537888 20.297285
180.829561 20.459940
180.118074 20.631170
179.403429 20.810976
178.685624 20.999358
177.964661 21.196316
177.240538 21.401849
176.513256 21.615957
175.782816 21.838642
175.049216 22.069902
174.312458 22.309737
173.572540 22.558149
172.829464 22.815136
172.083228 23.080698
171.333834 23.354836
170.581280 23.637550
169.825567 23.928840
169.066696 24.228705
168.304665 24.537146
167.539476 24.854162
166.771127 25.179755
165.999620 25.513922
165.224953 25.856666
164.447127 26.207985
163.666143 26.567880
162.881999 26.936350
162.094697 27.313396
161.304235 27.699018
160.510614 28.093216
159.713835 28.495989
158.913896 28.907337
158.110799 29.327262
157.304542 29.755762
156.495127 30.192837
155.682552 30.638489
154.866818 31.092716
154.047926 31.555518
153.225874 32.026896
152.400664 32.506850
151.572294 32.995380
150.740765 33.492485
149.906078 33.998166
149.068231 34.512423
148.227225 35.035255
147.383061 35.566663
146.535737 36.106646
145.685255 36.655205
144.831613 37.212340
143.974812 37.778050
143.114853 38.352336
142.251734 38.935198
141.385456 39.526636
140.516020 40.126649
139.643424 40.735237
138.767670 41.352402
137.888756 41.978142
137.006683 42.612457
136.121452 43.255349
135.233061 43.906816
134.341511 44.566858
133.446803 45.235476
132.548935 45.912670
131.647908 46.598440
130.744916 47.289988
129.847115 47.970528
128.955700 48.637264
128.070669 49.290196
127.192024 49.929323
126.319763 50.554645
125.453888 51.166163
124.594397 51.763876
123.741292 52.347784
122.894572 52.917888
122.054236 53.474187
121.220286 54.016682
120.392721 54.545372
119.571541 55.060258
118.756746 55.561339
117.948336 56.048615
117.146311 56.522087
116.350671 56.981754
115.561416 57.427617
114.778546 57.859675
114.002061 58.277928
113.231961 58.682377
112.468246 59.073021
111.710917 59.449861
110.959972 59.812896
110.215412 60.162127
109.477238 60.497553
108.745448 60.819174
108.020043 61.126991
107.301024 61.421003
106.588389 61.701210
105.882140 61.967613
105.182276 62.220212
104.488796 62.459005
103.801702 62.683995
103.120993 62.895179
102.446668 63.092559
101.778729 63.276135
101.117175 63.445906
100.462006 63.601872
99.813222 63.744033
99.170823 63.872391
98.534809 63.986943
97.905180 64.087691
97.281936 64.174634
96.665077 64.247773
96.054603 64.307107
95.450514 64.352637
94.852811 64.384362
94.261492 64.402282
93.676558 64.406398
93.098009 64.396709
92.525846 64.373216
91.960067 64.335918
91.400674 64.284815
90.847665 64.219908
90.301042 64.141196
89.760803 64.048680
89.226950 63.942359
88.699482 63.822233
88.178398 63.688303
87.663700 63.540568
87.155387 63.379029
86.653459 63.203685
86.157916 63.014537
85.668758 62.811584
85.185984 62.594826
84.709596 62.364264
84.239593 62.119897
83.775976 61.861726
83.318743 61.589750
82.867895 61.303969
82.423432 61.004384
81.985354 60.690994
81.553661 60.363800
81.128354 60.022801
80.709431 59.667997
80.296893 59.299389
79.890741 58.916976
79.490973 58.520759
79.097591 58.110737
78.710593 57.686911
78.329981 57.249280
77.955753 56.797844
77.587911 56.332604
77.226454 55.853559
76.871381 55.360710
76.522694 54.854056
76.180392 54.333597
75.844475 53.799334
75.514943 53.251266
75.191796 52.689394
74.875034 52.113717
74.564657 51.524235
74.260665 50.920949
73.963058 50.303858
73.671836 49.672963
73.386999 49.028263
73.108547 48.369759
72.836480 47.697450
72.570799 47.011336
72.311502 46.311418
72.058590 45.597695
71.812064 44.870167
71.571922 44.128835
71.338166 43.373699
71.110794 42.604758
70.889808 41.822012
70.675206 41.025461
70.466990 40.215106
70.265159 39.390947
70.069712 38.552983
69.880651 37.701214
69.697975 36.835641
69.521684 35.956263
69.351778 35.063080
69.188257 34.156093
69.031120 33.235302
68.880369 32.300705
68.736003 31.352304
68.598023 30.390099
68.466427 29.414089
68.341216 28.424274
68.222390 27.420655
68.109949 26.403231
68.001178 25.379327
67.889438 24.366844
67.774427 23.366596
67.656146 22.378585
67.534595 21.402808
67.409773 20.439267
67.281681 19.487962
67.150318 18.548892
67.015685 17.622057
66.877781 16.707458
66.736607 15.805095
66.592162 14.914967
66.444447 14.037074
66.293462 13.171417
66.139206 12.317996
65.981680 11.476810
65.820883 10.647859
65.656816 9.831144
65.489478 9.026665
65.318870 8.234421
65.144991 7.454412
64.967842 6.686639
64.787423 5.931101
64.603733 5.187799
64.416773 4.456732
64.226542 3.737901
64.033041 3.031305
63.836269 2.336945
63.636227 1.654821
63.432914 0.984931
63.226331 0.327278
63.016478 -0.318141
62.803354 -0.951323
62.586959 -1.572271
62.367294 -2.180982
62.144359 -2.777459
61.918153 -3.361700
61.688677 -3.933705
61.455930 -4.493475
61.219913 -5.041009
60.980626 -5.576308
60.738068 -6.099371
60.492239 -6.610199
60.243141 -7.108792
59.990771 -7.595148
59.735132 -8.069270
59.476221 -8.531156
59.214041 -8.980806
58.948589 -9.418221
58.679868 -9.843401
58.407876 -10.256345
58.132613 -10.657053
57.854081 -11.045526
57.572277 -11.421764
57.287203 -11.785766
56.998859 -12.137532
56.707244 -12.477063
56.412359 -12.804359
56.114204 -13.119419
55.812778 -13.422244
55.508081 -13.712833
55.200114 -13.991186
54.888877 -14.257304
54.574369 -14.511187
54.256591 -14.752834
53.935542 -14.982246
53.611223 -15.199422
53.283633 -15.404363
52.952773 -15.597068
52.618643 -15.777538
52.281242 -15.945772
51.940570 -16.101771
51.596628 -16.245534
51.249416 -16.377062
50.898933 -16.496354
50.545180 -16.603411
50.188156 -16.698232
49.827862 -16.780818
49.464298 -16.851168
49.097463 -16.909283
48.727357 -16.955162
48.353981 -16.988806
47.977335 -17.010215
47.597418 -17.019387
47.214231 -17.016325
46.827773 -17.001027
46.438045 -16.973493
46.045047 -16.933724
45.648778 -16.881720
45.249238 -16.817480
44.846428 -16.741004
44.440348 -16.652293
44.030997 -16.551346
43.618376 -16.438164
43.202484 -16.312747
42.783322 -16.175094
42.360889 -16.025206
41.935186 -15.863082
41.506213 -15.688722
41.073969 -15.502127
40.638454 -15.303297
40.199669 -15.092231
39.757614 -14.868930
39.312288 -14.633393
38.863692 -14.385620
38.411825 -14.125613
37.956688 -13.853369
37.498281 -13.568890
37.036603 -13.272176
36.571654 -12.963226
36.103435 -12.642041
35.631946 -12.308620
35.157186 -11.962964
34.679156 -11.605072
34.197855 -11.234945
33.713284 -10.852582
33.225443 -10.457984
32.734331 -10.051150
32.239948 -9.632081
31.742295 -9.200777
31.241372 -8.757236
30.737178 -8.301461
30.229714 -7.833450
29.718979 -7.353203
29.204974 -6.860721
