272.245327 -126.025719
270.587887 -120.521769
268.945977 -115.076645
267.319596 -109.690347
265.708745 -104.362875
264.113425 -99.094229
262.533634 -93.884408
260.969373 -88.733414
259.420642 -83.641245
257.887441 -78.607902
256.369769 -73.633385
254.867628 -68.717693
253.381017 -63.860828
251.909935 -59.062788
250.454383 -54.323574
249.014362 -49.643186
247.589870 -45.021623
246.180908 -40.458887
244.787476 -35.954976
243.409573 -31.509891
242.047201 -27.123632
240.700359 -22.796199
239.369046 -18.527591
238.053264 -14.317809
236.753011 -10.166854
235.468288 -6.074724
234.199095 -2.041419
232.945432 1.933059
231.707299 5.848712
230.484696 9.705538
229.277623 13.503539
228.086079 17.242715
226.910066 20.923064
225.749582 24.544587
224.604629 28.107285
223.475205 31.611157
222.361311 35.056203
221.262947 38.442423
220.180113 41.769818
219.112809 45.038386
218.061034 48.248129
217.024790 51.399046
216.004075 54.491137
214.998891 57.524403
214.009236 60.498842
213.035111 63.414456
212.076516 66.271244
211.133451 69.069206
210.205916 71.808343
209.293911 74.488653
208.397436 77.110138
207.516490 79.672797
206.651075 82.176630
205.801189 84.621637
204.966833 87.007818
204.148007 89.335174
203.344711 91.603704
202.556945 93.813408
201.784709 95.964286
201.028003 98.056338
200.286827 100.089565
199.561180 102.063966
198.851064 103.979541
198.156477 105.836290
197.477420 107.634213
196.813893 109.373311
196.165896 111.053582
195.533429 112.675028
194.916492 114.237648
194.315085 115.741442
193.729208 117.186411
193.158860 118.572553
192.604043 119.899870
192.064755 121.168361
191.540997 122.378026
191.032769 123.528866
190.540071 124.620879
190.062903 125.654067
189.601265 126.628429
189.155157 127.543965
188.724578 128.400675
188.309530 129.198560
187.910011 129.937618
187.526023 130.617851
187.157564 131.239258
186.804635 131.801840
186.467236 132.305595
186.145367 132.750525
185.839028 133.136628
185.548218 133.463906
185.272939 133.732358
185.013189 133.941985
184.768970 134.092785
184.540280 134.184760
184.327120 134.217909
184.129490 134.192232
183.947390 134.107729
183.780820 133.964401
183.629780 133.762246
183.494270 133.501266
183.374289 133.181460
183.269839 132.802828
183.180918 132.365371
183.107527 131.869087
183.049667 131.313978
183.007336 130.700043
182.980535 130.027282
182.969263 129.295696
182.973522 128.505283
182.993311 127.656045
183.028629 126.747981
183.079478 125.781091
183.145856 124.755375
183.227764 123.670833
183.325203 122.527466
183.438171 121.325273
183.566669 120.064254
183.710696 118.744409
183.870254 117.365738
184.045342 115.928242
184.235959 114.431920
184.442107 112.876772
184.663784 111.262798
184.900991 109.589998
185.153729 107.858372
185.421159 106.070019
185.684872 104.271089
185.937336 102.480462
186.178551 100.698139
186.408517 98.924119
186.627234 97.158403
186.834703 95.400990
187.030923 93.651881
187.215893 91.911075
187.389615 90.178573
187.552088 88.454374
187.703313 86.738478
187.843288 85.030887
187.972015 83.331598
188.089492 81.640613
188.195721 79.957932
188.290701 78.283554
188.374432 76.617479
188.446914 74.959708
188.508147 73.310241
188.558132 71.669077
188.596867 70.036216
188.624354 68.411659
188.640592 66.795406
188.645581 65.187455
188.639321 63.587809
188.621812 61.996466
188.593055 60.413426
188.553048 58.838690
188.501793 57.272257
188.439289 55.714128
188.365536 54.164302
188.280534 52.622780
188.184283 51.089561
188.076783 49.564646
187.958035 48.048034
187.828038 46.539725
187.686791 45.039720
187.534296 43.548019
187.370552 42.064621
187.195559 40.589527
187.009318 39.122736
186.811827 37.664248
186.603088 36.214064
186.383099 34.772184
186.151862 33.338607
185.909376 31.913333
185.655641 30.496363
185.390658 29.087696
185.114425 27.687333
184.826944 26.295274
184.528213 24.911517
184.218234 23.536065
183.897006 22.168916
183.564529 20.810070
183.220803 19.459528
182.865829 18.117289
182.499605 16.783354
182.122133 15.457722
181.733412 14.140393
181.333441 12.831369
180.922223 11.530647
180.499755 10.238229
180.066038 8.954115
179.621072 7.678304
179.164858 6.410797
178.697395 5.151593
178.218683 3.900692
177.728722 2.658095
177.227512 1.423802
176.715053 0.197812
176.191345 -1.019875
175.656389 -2.229258
175.110184 -3.430338
174.552729 -4.623114
173.984026 -5.807586
173.404074 -6.983756
172.812874 -8.151621
172.210424 -9.311183
171.596725 -10.462442
170.971778 -11.605397
170.335582 -12.740049
169.688137 -13.866397
169.029443 -14.984442
168.359500 -16.094184
167.678308 -17.195621
166.985868 -18.288756
166.282178 -19.373587
165.567240 -20.450114
164.841053 -21.518338
164.103617 -22.578258
163.354932 -23.629875
162.594998 -24.673189
161.823816 -25.708199
161.041384 -26.734905
160.247704 -27.753308
159.442775 -28.763408
158.626597 -29.765204
157.799170 -30.758697
156.960494 -31.743886
156.110569 -32.720771
155.249396 -33.689353
154.376973 -34.649632
153.493302 -35.601607
152.598382 -36.545279
151.692213 -37.480647
150.774795 -38.407712
149.846128 -39.326473
148.906213 -40.236931
147.955048 -41.139085
146.992635 -42.032936
146.018973 -42.918484
145.034062 -43.795728
144.037902 -44.664668
143.030493 -45.525305
142.011836 -46.377638
140.981929 -47.221668
139.940774 -48.057395
138.888370 -48.884818
137.824717 -49.703937
136.749815 -50.514753
135.663664 -51.317266
134.566264 -52.111475
133.457616 -52.897380
132.337718 -53.674983
131.208893 -54.443756
130.085060 -55.200548
128.968540 -55.944834
127.859334 -56.676614
126.757440 -57.395888
125.662861 -58.102655
124.575594 -58.796916
123.495641 -59.478670
122.423001 -60.147919
121.357675 -60.804661
120.299661 -61.448896
119.248961 -62.080626
118.205575 -62.699849
117.169501 -63.306566
116.140741 -63.900777
115.119294 -64.482481
114.105161 -65.051679
113.098341 -65.608371
112.098834 -66.152556
111.106640 -66.684235
110.121760 -67.203408
109.144193 -67.710075
108.173939 -68.204235
107.210999 -68.685889
106.255372 -69.155037
105.307058 -69.611679
104.366057 -70.055814
103.432370 -70.487443
102.505996 -70.906565
101.586935 -71.313182
100.675188 -71.707292
99.770754 -72.088895
98.873633 -72.457993
97.983826 -72.814584
97.101332 -73.158669
96.226151 -73.490247
95.358283 -73.809320
94.497729 -74.115886
93.644488 -74.409946
92.798560 -74.691499
91.959946 -74.960546
91.128645 -75.217087
90.304657 -75.461122
89.487983 -75.692650
88.678621 -75.911672
87.876573 -76.118188
87.081839 -76.312197
86.294417 -76.493700
85.514309 -76.662697
84.741515 -76.819188
83.976033 -76.963172
83.217865 -77.094650
82.467010 -77.213622
81.723469 -77.320087
80.987241 -77.414047
80.258326 -77.495499
79.536724 -77.564446
78.822436 -77.620886
78.115461 -77.664820
77.415799 -77.696248
76.723450 -77.715169
76.038415 -77.721585
75.360693 -77.715493
74.690285 -77.696896
74.027190 -77.665792
73.371408 -77.622182
72.722939 -77.566066
72.081784 -77.497443
71.447942 -77.416315
70.821413 -77.322680
70.202197 -77.216538
69.590295 -77.097890
68.985706 -76.966736
68.388431 -76.823076
67.798468 -76.666910
67.215819 -76.498237
66.640484 -76.317058
66.072461 -76.123372
65.511752 -75.917180
64.958356 -75.698482
64.412274 -75.467278
63.873504 -75.223567
63.342048 -74.967351
62.817906 -74.698627
62.301077 -74.417398
61.791560 -74.123662
61.289358 -73.817420
60.794468 -73.498672
60.306892 -73.167417
59.826629 -72.823657
59.353680 -72.467389
58.888043 -72.098616
58.429720 -71.717336
57.978711 -71.323550
57.535014 -70.917258
57.098631 -70.498459
56.669562 -70.067154
56.247805 -69.623343
55.833362 -69.167026
55.426232 -68.698202
55.026415 -68.216872
54.633912 -67.723036
54.248722 -67.216693
53.870845 -66.697844
53.500282 -66.166489
53.137032 -65.622628
52.781095 -65.066260
52.432472 -64.497386
52.091161 -63.916006
51.757164 -63.322119
51.430481 -62.715726
51.111110 -62.096827
50.799053 -61.465421
50.494310 -60.821510
50.196879 -60.165092
49.906762 -59.496167
49.623958 -58.814737
49.348468 -58.120800
49.080290 -57.414357
48.819426 -56.695407
48.565876 -55.963951
48.319638 -55.219989
48.080714 -54.463521
47.849104 -53.694546
47.624806 -52.913066
47.406092 -52.124027
47.188733 -51.339529
46.972538 -50.560120
46.757505 -49.785801
46.543635 -49.016571
46.330928 -48.252432
46.119384 -47.493382
45.909003 -46.739421
45.699785 -45.990551
45.491730 -45.246770
45.284838 -44.508079
45.079109 -43.774477
44.874543 -43.045965
44.671140 -42.322543
44.468900 -41.604211
44.267823 -40.890968
44.067909 -40.182815
43.869158 -39.479752
43.671570 -38.781778
43.475145 -38.088894
43.279882 -37.401100
43.085783 -36.718396
42.892847 -36.040781
42.701074 -35.368256
42.510463 -34.700820
42.321016 -34.038474
42.132732 -33.381218
41.945610 -32.729052
41.759652 -32.081975
41.574857 -31.439989
41.391224 -30.803091
41.208755 -30.171284
41.027448 -29.544566
40.847305 -28.922938
40.668324 -28.306399
40.490507 -27.694951
40.313852 -27.088592
40.138361 -26.487322
39.964032 -25.891143
39.790867 -25.300053
39.618864 -24.714052
39.448024 -24.133142
39.278348 -23.557321
39.109834 -22.986590
38.942483 -22.420948
38.776296 -21.860397
38.611271 -21.304935
38.447409 -20.754562
38.284710 -20.209280
38.123174 -19.669087
37.962802 -19.133983
37.803592 -18.603970
37.645545 -18.079046
37.488661 -17.559212
37.332940 -17.044467
37.178382 -16.534813
37.024987 -16.030248
36.872755 -15.530772
36.721686 -15.036387
36.571780 -14.547091
36.423037 -14.062884
36.275457 -13.583768
36.129040 -13.109741
35.983786 -12.640804
35.839695 -12.176956
35.696766 -11.718198
35.555001 -11.264530
35.414399 -10.815952
35.274960 -10.372463
35.136684 -9.934064
34.999570 -9.500755
34.863620 -9.072535
34.728833 -8.649406
34.595208 -8.231365
34.462747 -7.818415
34.331449 -7.410554
34.201313 -7.007783
34.072341 -6.610102
33.944531 -6.217510
33.817885 -5.830008
33.692401 -5.447596
33.568081 -5.070273
33.444923 -4.698040
33.322929 -4.330897
33.202097 -3.968843
33.082429 -3.611880
32.963923 -3.260005
32.846580 -2.913221
32.730401 -2.571526
32.615384 -2.234921
32.501530 -1.903406
32.388840 -1.576980
32.277312 -1.255644
32.166947 -0.939398
32.057745 -0.628242
31.949707 -0.322175
31.842831 -0.021198
31.737118 0.274690
31.632568 0.565487
31.529181 0.851195
31.426957 1.131814
31.325896 1.407342
31.225998 1.677781
31.127263 1.943130
31.029691 2.203390
30.933282 2.458560
30.838036 2.708640
30.743953 2.953630
30.651033 3.193531
30.559276 3.428342
30.468682 3.658064
30.379251 3.882695
30.290983 4.102237
30.203877 4.316689
30.117935 4.526052
30.033156 4.730325
29.949540 4.929508
29.867086 5.123601
29.785796 5.312605
29.705669 5.496519
29.626704 5.675343
29.548903 5.849078
29.472265 6.017723
29.396789 6.181278
29.322477 6.339744
