297.501349 38.638679
296.197235 36.510404
294.896796 34.413986
293.600031 32.349427
292.306940 30.316725
291.017524 28.315881
289.731781 26.346895
288.449713 24.409767
287.171319 22.504497
285.896600 20.631085
284.625554 18.789530
283.358183 16.979834
282.094486 15.201995
280.834464 13.456015
279.578115 11.741892
278.325441 10.059627
277.076441 8.409220
275.831115 6.790671
274.589464 5.203979
273.351486 3.649146
272.117183 2.126171
270.886555 0.635053
269.659600 -0.824207
268.436320 -2.251609
267.216714 -3.647152
266.000782 -5.010838
264.788524 -6.342667
263.579941 -7.642637
262.375032 -8.910749
261.173797 -10.147004
259.976236 -11.351400
258.782350 -12.523939
257.592138 -13.664620
256.405600 -14.773443
255.222736 -15.850408
254.043546 -16.895515
252.868031 -17.908764
251.696190 -18.890156
250.528023 -19.839689
249.363531 -20.757365
248.202712 -21.643183
247.045568 -22.497142
245.892099 -23.319244
244.742303 -24.109488
243.596182 -24.867875
242.453734 -25.594403
241.314961 -26.289073
240.179863 -26.951886
239.048438 -27.582840
237.920688 -28.181937
236.796612 -28.749176
235.676211 -29.284557
234.559483 -29.788080
233.446430 -30.259745
232.337051 -30.699552
231.231346 -31.107502
230.129315 -31.483593
229.030959 -31.827827
227.936277 -32.140203
226.845269 -32.420721
225.757936 -32.669381
224.674276 -32.886183
223.594291 -33.071127
222.517980 -33.224213
221.445344 -33.345442
220.376381 -33.434812
219.311093 -33.492325
218.249479 -33.517979
217.191539 -33.511776
216.137274 -33.473715
215.086683 -33.403796
214.039766 -33.302020
212.996523 -33.168385
211.956954 -33.002892
210.921060 -32.805542
209.888840 -32.576333
208.860294 -32.315267
207.835422 -32.022343
206.814225 -31.697561
205.796702 -31.340921
204.782853 -30.952423
203.772678 -30.532068
202.766178 -30.079854
201.763352 -29.595783
200.764200 -29.079853
199.768722 -28.532066
198.776919 -27.952421
197.788790 -27.340918
196.804335 -26.697557
195.823554 -26.022338
194.846447 -25.315262
193.873015 -24.576327
192.903257 -23.805535
191.937173 -23.002884
190.974763 -22.168376
190.016028 -21.302010
189.060967 -20.403786
188.109580 -19.473704
187.161867 -18.511764
186.217829 -17.517967
185.277465 -16.492311
184.340775 -15.434798
183.407759 -14.345426
182.478418 -13.224197
181.552751 -12.071110
180.630758 -10.886165
179.712439 -9.669362
178.797794 -8.420701
177.886824 -7.140183
176.979528 -5.827806
176.075906 -4.483572
175.175958 -3.107479
174.279685 -1.699529
173.387086 -0.259721
172.498161 1.211945
171.612911 2.715469
170.731334 4.250851
169.853432 5.818090
168.979204 7.417188
168.108650 9.048143
167.241771 10.710957
166.378566 12.405628
165.519035 14.132157
164.663178 15.890544
163.810995 17.680789
162.962579 19.501331
162.119959 21.317835
161.283965 23.116256
160.454597 24.896592
159.631855 26.658845
158.815740 28.403013
158.006250 30.129098
157.203386 31.837099
156.407149 33.527016
155.617538 35.198849
154.834552 36.852598
154.058193 38.488263
153.288460 40.105845
152.525353 41.705342
151.768873 43.286756
151.019018 44.850085
150.275789 46.395331
149.539187 47.922493
148.809210 49.431571
148.085860 50.922565
147.369136 52.395475
146.659038 53.850301
145.955566 55.287043
145.258720 56.705702
144.568500 58.106276
143.884906 59.488767
143.207939 60.853174
142.537597 62.199496
141.873882 63.527735
141.216792 64.837890
140.566329 66.129961
139.922492 67.403948
139.285281 68.659852
138.654696 69.897671
138.030738 71.117406
137.413405 72.319058
136.802698 73.502626
136.198618 74.668109
135.601163 75.815509
135.010335 76.944825
134.426133 78.056057
133.848557 79.149205
133.277607 80.224269
132.713283 81.281250
132.155585 82.320146
131.604514 83.340959
131.060068 84.343687
130.522249 85.328332
129.991055 86.294893
129.466488 87.243370
128.948547 88.173763
128.437232 89.086072
127.932543 89.980297
127.434480 90.856438
126.943043 91.714495
126.458233 92.554469
125.980048 93.376358
125.508490 94.180164
125.043557 94.965886
124.585251 95.733524
124.133571 96.483077
123.688517 97.214548
123.250089 97.927934
122.818287 98.623236
122.393112 99.300454
121.974562 99.959589
121.562638 100.600639
121.157341 101.223606
120.758670 101.828488
120.366625 102.415287
119.981205 102.984002
119.602412 103.534633
119.230246 104.067180
118.864705 104.581643
118.505790 105.078022
118.153501 105.556318
117.807839 106.016529
117.468803 106.458657
117.136392 106.882700
116.810608 107.288660
116.491450 107.676536
116.178918 108.046328
115.873012 108.398036
115.573732 108.731660
115.281079 109.047200
114.995051 109.344657
114.715650 109.624029
114.442874 109.885317
114.176725 110.128522
113.917202 110.353643
113.664305 110.560680
113.418034 110.749632
113.178389 110.920501
112.945370 111.073286
112.718978 111.207988
112.499211 111.324605
112.286071 111.423138
112.079556 111.503588
111.879668 111.565953
111.686406 111.610235
111.499770 111.636433
111.319760 111.644546
111.146376 111.634576
110.979618 111.606522
110.819487 111.560384
110.665981 111.496163
110.519102 111.413857
110.378848 111.313467
110.245221 111.194994
110.118220 111.058436
109.997845 110.903795
109.884096 110.731070
109.776973 110.540261
109.676477 110.331368
109.582606 110.104391
109.495361 109.859330
109.414743 109.596185
109.340751 109.314957
109.273385 109.015644
109.212644 108.698248
109.158530 108.362767
109.111043 108.009203
109.070181 107.637555
109.035945 107.247823
109.008336 106.840007
108.986055 106.415896
108.961326 105.986220
108.932850 105.552770
108.900628 105.115544
108.864660 104.674542
108.824946 104.229766
108.781486 103.781214
108.734280 103.328886
108.683327 102.872783
108.628629 102.412905
108.570184 101.949252
108.507993 101.481823
108.442056 101.010619
108.372373 100.535639
108.298944 100.056884
108.221769 99.574354
108.140848 99.088048
108.056180 98.597967
107.967767 98.104110
107.875607 97.606478
107.779701 97.105071
107.680049 96.599889
107.576651 96.090931
107.469507 95.578198
107.358617 95.061689
107.243980 94.541405
107.125598 94.017346
107.003469 93.489511
106.877594 92.957901
106.747973 92.422515
106.614606 91.883354
106.477493 91.340418
106.336634 90.793707
106.192028 90.243220
106.043677 89.688957
105.891579 89.130920
105.735736 88.569107
105.576146 88.003518
105.412810 87.434155
105.245728 86.861016
105.074900 86.284101
104.900325 85.703411
104.722005 85.118946
104.539938 84.530705
104.354126 83.938690
104.164567 83.342898
103.971262 82.743332
103.774211 82.139990
103.573414 81.532872
103.368871 80.921979
103.160581 80.307311
102.948546 79.688868
102.732764 79.066649
102.513237 78.440655
102.289963 77.810885
102.062943 77.177340
101.832177 76.540020
101.597664 75.898924
101.359406 75.254053
101.117402 74.605407
100.871651 73.952985
100.622155 73.296788
100.368912 72.636815
100.111923 71.973067
99.851188 71.305544
99.586707 70.634246
99.318480 69.959172
99.046506 69.280322
98.770787 68.597698
98.491321 67.911297
98.208109 67.221122
97.921152 66.527171
97.630448 65.829445
97.335998 65.127944
97.037801 64.422667
96.735859 63.713614
96.430171 63.000787
96.120736 62.284184
95.807555 61.563805
95.490629 60.839652
95.169956 60.111723
94.845537 59.380018
94.517372 58.644538
94.185460 57.905283
93.849803 57.162253
93.510400 56.415447
93.167250 55.664866
92.820354 54.910509
92.469712 54.152377
92.115325 53.390470
91.757190 52.624787
91.395310 51.855329
91.029684 51.082095
90.660312 50.305087
90.287193 49.524302
89.910328 48.739743
89.529718 47.951408
89.145361 47.159298
88.757258 46.363412
88.365409 45.563751
87.969813 44.760315
87.570472 43.953103
87.167385 43.142116
86.760551 42.327353
86.349971 41.508815
85.935645 40.686502
85.517573 39.860414
85.095755 39.030550
84.670191 38.196910
84.240881 37.359496
83.807825 36.518306
83.371022 35.673340
82.930473 34.824600
82.486179 33.972084
82.038138 33.115792
81.586351 32.255725
81.130818 31.391883
80.671538 30.524265
80.208513 29.652872
79.741742 28.777704
79.271224 27.898760
78.796960 27.016041
78.318950 26.129547
77.837195 25.239277
77.351692 24.345232
76.863789 23.451014
76.376774 22.565428
75.890795 21.688874
75.405853 20.821352
74.921948 19.962863
74.439080 19.113407
73.957249 18.272983
73.476454 17.441591
72.996696 16.619231
72.517976 15.805904
72.040292 15.001609
71.563644 14.206347
71.088034 13.420117
70.613461 12.642919
70.139924 11.874754
69.667424 11.115621
69.195961 10.365521
68.725535 9.624453
68.256146 8.892417
67.787794 8.169414
67.320478 7.455443
66.854199 6.750505
66.388957 6.054599
65.924752 5.367725
65.461584 4.689883
64.999453 4.021075
64.538358 3.361298
64.078301 2.710554
63.619280 2.068842
63.161296 1.436162
62.704349 0.812515
62.248438 0.197901
61.793565 -0.407682
61.339728 -1.004231
60.886929 -1.591749
60.435166 -2.170234
59.984440 -2.739687
59.534750 -3.300107
59.086098 -3.851495
58.638483 -4.393851
58.191904 -4.927174
57.746362 -5.451465
57.301857 -5.966723
56.858389 -6.472949
56.415957 -6.970143
55.974563 -7.458304
55.534205 -7.937433
55.094885 -8.407530
54.656601 -8.868594
54.219354 -9.320626
53.783143 -9.763625
53.347970 -10.197592
52.913833 -10.622527
52.480734 -11.038429
52.048671 -11.445299
51.617645 -11.843136
51.187655 -12.231941
50.758703 -12.611714
50.330788 -12.982454
49.903909 -13.344162
49.478067 -13.696838
49.053262 -14.040481
48.629494 -14.375092
48.206763 -14.700670
47.785068 -15.017216
47.364411 -15.324730
46.944790 -15.623211
46.526206 -15.912660
46.108659 -16.193076
45.692149 -16.464460
45.276675 -16.726812
44.862239 -16.980131
44.448839 -17.224418
44.036476 -17.459673
43.625150 -17.685895
43.214861 -17.903085
42.805609 -18.111242
42.397393 -18.310367
41.990215 -18.500460
41.584073 -18.681520
41.178968 -18.853548
40.774900 -19.016543
40.371868 -19.170507
39.969874 -19.315437
39.568916 -19.451336
39.168996 -19.578202
38.770112 -19.696035
38.372265 -19.804836
37.975455 -19.904605
37.579681 -19.995342
37.184945 -20.077046
36.791245 -20.149717
36.398582 -20.213356
36.006956 -20.267963
35.616367 -20.313538
35.226815 -20.350080
34.838299 -20.377590
34.450821 -20.396067
34.064379 -20.405512
33.678974 -20.405925
33.294606 -20.397305
32.911275 -20.379653
32.528980 -20.352968
32.147723 -20.317251
31.767502 -20.272502
31.388318 -20.218720
31.010171 -20.155906
30.633061 -20.084059
30.256988 -20.003181
29.881951 -19.913269
29.507951 -19.814326
29.134989 -19.706350
28.763063 -19.589341
28.392174 -19.463300
28.022321 -19.328227
27.653506 -19.184122
27.285727 -19.030984
26.918986 -18.868813
26.553281 -18.697611
26.188613 -18.517376
25.824981 -18.328108
25.462387 -18.129808
25.100829 -17.922476
24.740309 -17.706111
24.380825 -17.480714
