175.274900 243.472195
175.484646 242.119522
175.690744 240.763155
175.893195 239.403095
176.091999 238.039341
176.287156 236.671893
176.478665 235.300752
176.666527 233.925916
176.850741 232.547387
177.031308 231.165164
177.208228 229.779248
177.381501 228.389638
177.551126 226.996334
177.717104 225.599336
177.879434 224.198644
178.038118 222.794259
178.193154 221.386180
178.344542 219.974407
178.492283 218.558941
178.636377 217.139780
178.776824 215.716926
178.913623 214.290378
179.046775 212.860137
179.176280 211.426201
179.302137 209.988572
179.424347 208.547250
179.542909 207.102233
179.657825 205.653523
179.769093 204.201119
179.876713 202.745021
179.980686 201.285229
180.081012 199.821744
180.177691 198.354565
180.270722 196.883692
180.360106 195.409125
180.445843 193.930865
180.527932 192.448911
180.606374 190.963263
180.681169 189.473921
180.752316 187.980886
180.819816 186.484157
180.883669 184.983734
180.943874 183.479618
181.000432 181.971807
181.053343 180.460303
181.102606 178.945105
181.148222 177.426214
181.190191 175.903628
181.228512 174.377349
181.263186 172.847376
181.294213 171.313710
181.321592 169.776349
181.345324 168.235295
181.365409 166.690547
181.381846 165.142106
181.394637 163.589970
181.403779 162.034141
181.409275 160.474618
181.411123 158.911402
181.409323 157.344491
181.403877 155.773887
181.394783 154.199589
181.382042 152.621598
181.365653 151.039912
181.345617 149.454533
181.321934 147.865460
181.294603 146.272694
181.263625 144.676233
181.229000 143.076079
181.190728 141.472231
181.148808 139.864690
181.103240 138.253454
181.054026 136.638525
181.001164 135.019902
180.944655 133.397586
180.884498 131.771575
180.820694 130.141871
180.753243 128.508473
180.682145 126.871381
180.607399 125.230596
180.529006 123.586117
180.446965 121.937944
180.361277 120.286077
180.271942 118.630517
180.178960 116.971263
180.082330 115.308315
179.982053 113.641673
179.878128 111.971338
179.770556 110.297309
179.659337 108.619586
179.544471 106.938169
179.425957 105.253059
179.303796 103.564254
179.177987 101.871756
179.048532 100.175565
178.915428 98.475679
178.778678 96.772100
178.638280 95.064827
178.494235 93.353860
178.346543 91.639200
178.195203 89.920846
178.040216 88.198798
177.881581 86.473056
177.719300 84.743621
177.553370 83.010492
177.383794 81.273669
177.210570 79.533152
177.033699 77.788941
176.853181 76.041037
176.669015 74.289439
176.481202 72.534148
176.289742 70.775162
176.094634 69.012483
175.895879 67.246110
175.693476 65.476043
175.487427 63.702283
175.277730 61.924829
175.064385 60.143681
174.847394 58.358839
174.626755 56.570303
174.402468 54.778074
174.174535 52.982151
173.942954 51.182534
173.707725 49.379224
173.468850 47.572220
173.226481 45.762276
172.984011 43.965975
172.742829 42.190103
172.502935 40.434658
172.264328 38.699641
172.027008 36.985053
171.790975 35.290892
171.556230 33.617159
171.322772 31.963854
171.090602 30.330977
170.859718 28.718528
170.630123 27.126507
170.401814 25.554914
170.174793 24.003749
169.949059 22.473011
169.724613 20.962702
169.501454 19.472821
169.279582 18.003367
169.058998 16.554341
168.839701 15.125744
168.621691 13.717574
168.404969 12.329832
168.189534 10.962519
167.975387 9.615633
167.762527 8.289175
167.550954 6.983145
167.340668 5.697543
167.131670 4.432369
166.923959 3.187623
166.717536 1.963304
166.512400 0.759414
166.308551 -0.424048
166.105990 -1.587083
165.904716 -2.729689
165.704729 -3.851868
165.506030 -4.953618
165.308618 -6.034941
165.112493 -7.095836
164.917656 -8.136303
164.724106 -9.156341
164.531844 -10.155952
164.340868 -11.135135
164.151181 -12.093890
163.962780 -13.032217
163.775667 -13.950117
163.589841 -14.847588
163.405303 -15.724631
163.222052 -16.581247
163.040088 -17.417434
162.859412 -18.233194
162.680023 -19.028525
162.501921 -19.803429
162.325107 -20.557904
162.149580 -21.291952
161.975340 -22.005572
161.802388 -22.698764
161.630723 -23.371528
161.460346 -24.023864
161.291255 -24.655772
161.123453 -25.267252
160.956937 -25.858304
160.791709 -26.428928
160.627768 -26.979125
160.465115 -27.508893
160.303749 -28.018233
160.143670 -28.507146
159.984879 -28.975631
159.827375 -29.423687
159.671158 -29.851316
159.516229 -30.258517
159.362587 -30.645289
159.210232 -31.011634
159.059165 -31.357551
158.909385 -31.683040
158.760893 -31.988101
158.613688 -32.272734
158.467770 -32.536940
158.323139 -32.780717
158.179796 -33.004066
158.037741 -33.206988
157.896972 -33.389481
157.757491 -33.551547
157.619297 -33.693184
157.482391 -33.814394
157.346772 -33.915176
157.212441 -33.995529
157.079396 -34.055455
156.947639 -34.094953
156.817170 -34.114023
156.687988 -34.112665
156.560093 -34.090879
156.433485 -34.048665
156.308165 -33.986023
156.184132 -33.902954
156.061387 -33.799456
155.939929 -33.675530
155.819758 -33.531177
155.700875 -33.366395
155.583279 -33.181186
155.466970 -32.975549
155.351949 -32.749483
155.238215 -32.502990
155.125768 -32.236069
155.014609 -31.948720
154.904737 -31.640943
154.796152 -31.312738
154.688855 -30.964105
154.582845 -30.595044
154.478123 -30.205555
154.374688 -29.795639
154.272540 -29.365294
154.171680 -28.914521
154.072106 -28.443321
153.973821 -27.951692
153.876822 -27.439636
153.781111 -26.907151
153.686688 -26.354239
153.593551 -25.780899
153.501702 -25.187131
153.411141 -24.572935
153.321867 -23.938311
153.233880 -23.283259
153.147180 -22.607779
153.061768 -21.911871
152.977643 -21.195535
152.894216 -20.462273
152.807949 -19.733096
152.718253 -19.011505
152.625127 -18.297501
152.528571 -17.591083
152.428587 -16.892251
152.325172 -16.201006
152.218328 -15.517347
152.108055 -14.841275
151.994352 -14.172789
151.877220 -13.511890
151.756659 -12.858577
151.632667 -12.212850
151.505247 -11.574710
151.374397 -10.944156
151.240117 -10.321189
151.102408 -9.705808
150.961270 -9.098014
150.816702 -8.497806
150.668704 -7.905184
150.517277 -7.320149
150.362421 -6.742701
150.204135 -6.172838
150.042420 -5.610562
149.877275 -5.055873
149.708701 -4.508770
149.536697 -3.969254
149.361264 -3.437323
149.182401 -2.912980
149.000109 -2.396223
148.814387 -1.887052
148.625236 -1.385467
148.432655 -0.891469
148.236645 -0.405058
148.037206 0.073767
147.834337 0.545006
147.628038 1.008658
147.418310 1.464724
147.205153 1.913203
146.988566 2.354096
146.768550 2.787403
146.545104 3.213123
146.318229 3.631257
146.087924 4.041804
145.854190 4.444765
145.617026 4.840139
145.376433 5.227927
145.132410 5.608129
144.884958 5.980744
144.634076 6.345772
144.379765 6.703215
144.122025 7.053070
143.860855 7.395340
143.596255 7.730023
143.328226 8.057119
143.056768 8.376629
142.781880 8.688553
142.503562 8.992890
142.221815 9.289641
141.936639 9.578805
141.648033 9.860383
141.355998 10.134375
141.060533 10.400780
140.761639 10.659598
140.459315 10.910831
140.153562 11.154476
139.844380 11.390536
139.531767 11.619009
139.215726 11.839895
138.896255 12.053195
138.573354 12.258909
138.247024 12.457036
137.917265 12.647577
137.584076 12.830531
137.247457 13.005899
136.907410 13.173681
136.563932 13.333876
136.217025 13.486484
135.866689 13.631507
135.512923 13.768942
135.155728 13.898792
134.795103 14.021055
134.431049 14.135731
134.063565 14.242821
133.692652 14.342325
133.318310 14.434242
132.940538 14.518573
132.559336 14.595317
132.174705 14.664475
131.786645 14.726046
131.395155 14.780031
131.000235 14.826430
130.601886 14.865242
130.200108 14.896468
129.794900 14.920107
129.386263 14.936160
128.974196 14.944627
128.558700 14.945507
128.139774 14.938800
127.717419 14.924507
127.291634 14.902628
126.862420 14.873162
126.429776 14.836110
125.993703 14.791472
125.554200 14.739247
125.111268 14.679435
124.664907 14.612038
124.215116 14.537053
123.761895 14.454483
123.305245 14.364325
122.845166 14.266582
122.381657 14.161252
121.914719 14.048336
121.444351 13.927833
120.970554 13.799743
120.493327 13.664068
120.012671 13.520806
119.528585 13.369957
119.041070 13.211522
118.550125 13.045501
118.055751 12.871893
117.557947 12.690698
117.056714 12.501918
116.552052 12.305551
116.043960 12.101597
115.532292 11.891944
115.016693 11.681203
114.497145 11.469585
113.973650 11.257089
113.446206 11.043715
112.914814 10.829463
112.379473 10.614334
111.840185 10.398327
111.296948 10.181442
110.749763 9.963679
110.198630 9.745039
109.643549 9.525520
109.084519 9.305124
108.521542 9.083851
107.954616 8.861699
107.383742 8.638670
106.808919 8.414763
106.230149 8.189978
105.647430 7.964315
105.060763 7.737775
104.470148 7.510357
103.875585 7.282061
103.277074 7.052887
102.674614 6.822836
102.068206 6.591907
101.457850 6.360100
100.843546 6.127415
100.225294 5.893853
99.603093 5.659413
98.976945 5.424095
98.346848 5.187899
97.712803 4.950825
97.074809 4.712874
96.432868 4.474045
95.786978 4.234338
95.137140 3.993754
94.483354 3.752291
93.825620 3.509951
93.163937 3.266734
92.498307 3.022638
91.828728 2.777665
91.155201 2.531813
90.477725 2.285085
89.796302 2.037478
89.110930 1.788993
88.421611 1.539631
87.728343 1.289391
87.031126 1.038274
86.329962 0.786278
85.624849 0.533405
84.915789 0.279654
84.202780 0.025025
83.485823 -0.230481
82.764917 -0.486866
82.040064 -0.744128
81.311262 -1.002268
80.578512 -1.261285
79.841814 -1.521180
79.101168 -1.781954
78.356573 -2.043604
77.608030 -2.306133
76.855539 -2.569540
76.099100 -2.833824
75.338713 -3.098986
74.574378 -3.365025
73.806094 -3.631943
73.033862 -3.899738
72.257682 -4.168411
71.477554 -4.437962
70.693477 -4.708390
69.905453 -4.979696
69.113480 -5.251881
68.317559 -5.524942
67.517690 -5.798882
66.713872 -6.073699
65.906107 -6.349394
65.094393 -6.625967
64.278731 -6.903418
63.459121 -7.181746
62.635563 -7.460952
61.808056 -7.741036
60.976601 -8.021998
60.141198 -8.303837
59.301847 -8.586554
58.458548 -8.870149
57.611300 -9.154622
56.760105 -9.439973
55.904961 -9.726201
55.045869 -10.013307
54.182829 -10.301291
53.315840 -10.590152
52.444903 -10.879892
51.570019 -11.170509
50.691186 -11.462003
49.808404 -11.754376
48.921675 -12.047626
48.030997 -12.341754
47.136372 -12.636760
46.237798 -12.932644
45.335275 -13.229405
44.428805 -13.527045
43.518386 -13.825562
42.604020 -14.124956
41.685705 -14.425229
40.763442 -14.726379
39.837230 -15.028407
38.907071 -15.331313
37.972963 -15.635096
37.034907 -15.939757
36.092903 -16.245297
35.146951 -16.551713
34.197050 -16.859008
33.243201 -17.167180
32.285405 -17.476230
31.323660 -17.786158
30.357966 -18.096964
29.388325 -18.408647
28.414735 -18.721208
27.437197 -19.034647
26.455711 -19.348964
25.470277 -19.664158
24.480895 -19.980231
23.487564 -20.297181
22.490285 -20.615008
21.489058 -20.933714
