260.822612 148.228084
261.319517 145.747793
261.803856 143.293617
262.275628 140.865556
262.734834 138.463610
263.181473 136.087779
263.615547 133.738063
264.037054 131.414461
264.445994 129.116975
264.842369 126.845604
265.226177 124.600347
265.597419 122.381206
265.956094 120.188179
266.302203 118.021268
266.635746 115.880471
266.956722 113.765790
267.265133 111.677223
267.560976 109.614771
267.844254 107.578435
268.114965 105.568213
268.373110 103.584106
268.618689 101.626114
268.851701 99.694237
269.072147 97.788475
269.280027 95.908828
269.475340 94.055296
269.658087 92.227879
269.828268 90.426577
269.985882 88.651389
270.130930 86.902317
270.263412 85.179360
270.383327 83.482518
270.490676 81.811790
270.585459 80.167178
270.667676 78.548680
270.737326 76.956298
270.794410 75.390030
270.838927 73.849878
270.870879 72.335840
270.890264 70.847917
270.897082 69.386109
270.891334 67.950417
270.873020 66.540839
270.842140 65.157376
270.798693 63.800028
270.742681 62.468795
270.674101 61.163677
270.592956 59.884674
270.499244 58.631786
270.392966 57.405013
270.274121 56.204354
270.142710 55.029811
269.998733 53.881383
269.842190 52.759070
269.673080 51.662871
269.491404 50.592788
269.297161 49.548819
269.090353 48.530966
268.870978 47.539227
268.639036 46.573604
268.394528 45.634095
268.137454 44.720701
267.867814 43.833423
267.585608 42.972259
267.290835 42.137210
266.983495 41.328276
266.663590 40.545457
266.331118 39.788753
265.986080 39.058164
265.628475 38.353690
265.258304 37.675331
264.875567 37.023087
264.480264 36.396958
264.072394 35.796944
263.651958 35.223044
263.218956 34.675260
262.773387 34.153591
262.315252 33.658036
261.844551 33.188597
261.361283 32.745272
260.865449 32.328063
260.357049 31.936968
259.836082 31.571989
259.302549 31.233124
258.756450 30.920374
258.197784 30.633739
257.626553 30.373220
257.042754 30.138815
256.446390 29.930525
255.837459 29.748350
255.215962 29.592290
254.581899 29.462345
253.935269 29.358515
253.276073 29.280800
252.604311 29.229200
251.919982 29.203714
251.223087 29.204344
250.513626 29.231089
249.791598 29.283948
249.057004 29.362923
248.309844 29.468013
247.550117 29.599217
246.777824 29.756537
245.992965 29.939971
245.195540 30.149520
244.385548 30.385185
243.562990 30.646964
242.727865 30.934858
241.880174 31.248868
241.019917 31.588992
240.147094 31.955231
239.261704 32.347585
238.363748 32.766054
237.453226 33.210638
236.530137 33.681337
235.594482 34.178151
234.646261 34.701080
233.685473 35.250123
232.712119 35.825282
231.726199 36.426556
230.727713 37.053945
229.716660 37.707448
228.693041 38.387067
227.656855 39.092800
226.608103 39.824649
225.547381 40.581270
224.487793 41.333132
223.434699 42.068154
222.388101 42.786337
221.347998 43.487679
220.314390 44.172181
219.287276 44.839844
218.266658 45.490666
217.252535 46.124649
216.244908 46.741791
215.243775 47.342094
214.249137 47.925556
213.260994 48.492179
212.279347 49.041961
211.304194 49.574904
210.335536 50.091007
209.373374 50.590269
208.417706 51.072692
207.468534 51.538275
206.525857 51.987018
205.589674 52.418921
204.659987 52.833983
203.736795 53.232206
202.820098 53.613589
201.909896 53.978132
201.006189 54.325835
200.108977 54.656698
199.218260 54.970722
198.334039 55.267905
197.456312 55.548248
196.585080 55.811751
195.720344 56.058414
194.862102 56.288237
194.010356 56.501221
193.165104 56.697364
192.326348 56.876668
191.494087 57.039131
190.668320 57.184754
189.849049 57.313538
189.036273 57.425481
188.229992 57.520585
187.430206 57.598848
186.636915 57.660272
185.850119 57.704856
185.069818 57.732599
184.296013 57.743503
183.528702 57.737567
182.767886 57.714791
182.013566 57.675174
181.265740 57.618718
180.524410 57.545422
179.789574 57.455286
179.061234 57.348310
178.339389 57.224494
177.624038 57.083838
176.915183 56.926342
176.212823 56.752006
175.516958 56.560830
174.827588 56.352814
174.144713 56.127959
173.468333 55.886263
172.798449 55.627727
172.135059 55.352351
171.478164 55.060136
170.827765 54.751080
170.183860 54.425184
169.546451 54.082449
168.915536 53.722873
168.291117 53.346458
167.673192 52.953202
167.061763 52.543107
166.456829 52.116171
165.858390 51.672396
165.266446 51.211781
164.680997 50.734325
164.102043 50.240030
163.529584 49.728895
162.963620 49.200920
162.404151 48.656105
161.851178 48.094449
161.304699 47.515954
160.764715 46.920619
160.231227 46.308444
159.704233 45.679429
159.183735 45.033574
158.669731 44.370879
158.162223 43.691345
157.661210 42.994970
157.166692 42.281755
156.678669 41.551700
156.197141 40.804805
155.722108 40.041071
155.253570 39.260496
154.791527 38.463081
154.335979 37.648827
153.886926 36.817732
153.444369 35.969797
153.008306 35.105023
152.578738 34.223408
152.155666 33.324954
151.739088 32.409660
151.329006 31.477525
150.925419 30.528551
150.528326 29.562737
150.137729 28.580082
149.753627 27.580588
149.376020 26.564254
149.004908 25.531080
148.640291 24.481066
148.282169 23.414211
147.930542 22.330517
147.585410 21.229983
147.246773 20.112609
146.914632 18.978395
146.588985 17.827341
146.269834 16.659447
145.957177 15.474714
145.651016 14.273140
145.351349 13.054726
145.058178 11.819472
144.771502 10.567378
144.491321 9.298445
144.217634 8.012671
143.950443 6.710057
143.689747 5.390604
143.434336 4.058307
143.176947 2.737144
142.916369 1.431112
142.652602 0.140210
142.385648 -1.135561
142.115504 -2.396201
141.842173 -3.641710
141.565653 -4.872089
141.285944 -6.087337
141.003047 -7.287454
140.716961 -8.472441
140.427687 -9.642297
140.135225 -10.797022
139.839574 -11.936617
139.540735 -13.061081
139.238707 -14.170414
138.933491 -15.264617
138.625086 -16.343689
138.313493 -17.407630
137.998712 -18.456440
137.680742 -19.490120
137.359583 -20.508669
137.035236 -21.512088
136.707701 -22.500375
136.376977 -23.473532
136.043065 -24.431559
135.705964 -25.374455
135.365675 -26.302220
135.022197 -27.214854
134.675531 -28.112357
134.325676 -28.994730
133.972633 -29.861973
133.616402 -30.714084
133.256982 -31.551065
132.894374 -32.372915
132.528577 -33.179635
132.159592 -33.971223
131.787418 -34.747682
131.412056 -35.509009
131.033505 -36.255206
130.651766 -36.986272
130.266838 -37.702207
129.878722 -38.403012
129.487418 -39.088686
129.092925 -39.759229
128.695244 -40.414642
128.294374 -41.054924
127.890316 -41.680075
127.483069 -42.290095
127.072634 -42.884985
126.659010 -43.464744
126.242198 -44.029373
125.822198 -44.578871
125.399009 -45.113238
124.972631 -45.632474
124.543065 -46.136580
124.110311 -46.625555
123.674368 -47.099399
123.235237 -47.558113
122.792917 -48.001696
122.347409 -48.430148
121.898712 -48.843470
121.446827 -49.241661
120.991754 -49.624721
120.533492 -49.992650
120.072041 -50.345449
119.607403 -50.683117
119.139575 -51.005655
118.668559 -51.313062
118.194355 -51.605338
117.716963 -51.882483
117.236381 -52.144498
116.752612 -52.391382
116.265654 -52.623135
115.775507 -52.839758
115.282172 -53.041250
114.785649 -53.227611
114.285937 -53.398842
113.783037 -53.554942
113.276948 -53.695911
112.767671 -53.821749
112.255205 -53.932457
111.739551 -54.028034
111.220708 -54.108481
110.698677 -54.173797
110.173458 -54.223982
109.645050 -54.259036
109.113454 -54.278960
108.578669 -54.283753
108.040695 -54.273415
107.499534 -54.247947
106.955183 -54.207348
106.407645 -54.151618
105.856918 -54.080757
105.303002 -53.994766
104.745898 -53.893645
104.185606 -53.777392
103.622125 -53.646009
103.055455 -53.499495
102.485597 -53.337851
101.912551 -53.161075
101.336316 -52.969169
100.756893 -52.762133
100.174282 -52.539965
99.588482 -52.302667
98.999493 -52.050239
98.407316 -51.782679
97.811951 -51.499989
97.213397 -51.202169
96.611654 -50.889217
96.006723 -50.561135
95.398604 -50.217922
94.787296 -49.859579
94.172800 -49.486105
93.555116 -49.097500
92.934243 -48.693764
92.310181 -48.274898
91.682931 -47.840901
91.052493 -47.391773
90.418866 -46.927515
89.782050 -46.448126
89.142047 -45.953606
88.498854 -45.443956
87.852474 -44.919175
87.202904 -44.379263
86.551919 -43.829433
85.903851 -43.282423
85.258897 -42.738814
84.617056 -42.198605
83.978330 -41.661797
83.342717 -41.128388
82.710218 -40.598380
82.080833 -40.071772
81.454562 -39.548565
80.831405 -39.028758
80.211362 -38.512351
79.594432 -37.999344
78.980616 -37.489738
78.369915 -36.983531
77.762327 -36.480725
77.157853 -35.981320
76.556493 -35.485315
75.958246 -34.992709
75.363114 -34.503505
74.771095 -34.017700
74.182190 -33.535296
73.596400 -33.056292
73.013723 -32.580688
72.434160 -32.108485
71.857710 -31.639682
71.284375 -31.174279
70.714153 -30.712276
70.147046 -30.253674
69.583052 -29.798472
69.022172 -29.346670
68.464406 -28.898269
67.909754 -28.453267
67.358215 -28.011666
66.809791 -27.573466
66.264480 -27.138665
65.722284 -26.707265
65.183201 -26.279265
64.647232 -25.854666
64.114377 -25.433466
63.584635 -25.015667
63.058008 -24.601268
62.534494 -24.190270
62.014095 -23.782672
61.496809 -23.378474
60.982637 -22.977676
60.471579 -22.580279
59.963635 -22.186281
59.458804 -21.795685
58.957088 -21.408488
58.458485 -21.024692
57.962996 -20.644296
57.470621 -20.267300
56.981360 -19.893704
56.495213 -19.523509
56.012180 -19.156714
55.532261 -18.793319
55.055455 -18.433325
54.581763 -18.076731
54.111186 -17.723537
53.643722 -17.373743
53.179371 -17.027350
52.718135 -16.684357
52.260013 -16.344764
51.805004 -16.008572
51.353110 -15.675779
50.904329 -15.346387
50.458662 -15.020396
50.016109 -14.697804
49.576670 -14.378613
49.140345 -14.062822
48.707133 -13.750432
48.277036 -13.441441
47.850052 -13.135851
47.426182 -12.833661
47.005426 -12.534872
46.587784 -12.239483
46.173256 -11.947494
45.761841 -11.658905
45.353541 -11.373717
44.948354 -11.091929
44.546281 -10.813541
44.147322 -10.538553
43.751477 -10.266966
43.358746 -9.998779
42.969129 -9.733992
42.582625 -9.472605
42.199236 -9.214619
41.818960 -8.960033
41.441798 -8.708847
41.067750 -8.461062
40.696816 -8.216677
40.328996 -7.975692
39.964290 -7.738107
39.602697 -7.503923
39.244218 -7.273139
38.888854 -7.045755
38.536603 -6.821772
38.187466 -6.601188
37.841442 -6.384006
37.498533 -6.170223
37.158738 -5.959840
36.822056 -5.752858
36.488488 -5.549276
36.158034 -5.349095
35.830694 -5.152313
35.506468 -4.958932
35.185356 -4.768952
34.867357 -4.582371
34.552473 -4.399191
34.240702 -4.219411
33.932045 -4.043031
33.626503 -3.870052
33.324073 -3.700473
33.024758 -3.534294
32.728557 -3.371515
32.435469 -3.212137
32.145496 -3.056159
31.858636 -2.903581
31.574890 -2.754403
31.294258 -2.608626
31.016740 -2.466249
30.742336 -2.327273
30.471045 -2.191696
30.202869 -2.059520
29.937806 -1.930744
