272.923204 124.550892
271.458938 125.159454
270.003481 125.740396
268.556832 126.293719
267.118992 126.819422
265.689960 127.317506
264.269736 127.787970
262.858321 128.230815
261.455714 128.646040
260.061916 129.033646
258.676927 129.393632
257.300746 129.725998
255.933373 130.030745
254.574809 130.307873
253.225053 130.557381
251.884106 130.779270
250.551967 130.973539
249.228636 131.140188
247.914114 131.279218
246.608401 131.390629
245.311496 131.474420
244.023399 131.530591
242.744111 131.559143
241.473632 131.560076
240.211961 131.533389
238.959098 131.479082
237.715044 131.397156
236.479798 131.287610
235.253361 131.150445
234.035732 130.985661
232.826911 130.793257
231.626900 130.573233
230.435696 130.325590
229.253301 130.050327
228.079715 129.747445
226.914937 129.416943
225.758967 129.058822
224.611806 128.673081
223.473453 128.259721
222.343909 127.818741
221.223173 127.350142
220.111246 126.853923
219.008127 126.330085
217.913817 125.778627
216.828315 125.199549
215.751622 124.592853
214.683737 123.958536
213.624660 123.296600
212.574392 122.607045
211.532933 121.889870
210.500282 121.145075
209.476439 120.372661
208.461405 119.572628
207.455179 118.744975
206.457762 117.889703
205.469154 117.006810
204.489353 116.096299
203.518361 115.158168
202.556178 114.192417
201.602803 113.199047
200.658237 112.178058
199.722479 111.129449
198.795529 110.053220
197.877388 108.949372
196.968056 107.817904
196.067532 106.658817
195.175816 105.472110
194.292909 104.257784
193.418810 103.015838
192.553520 101.746273
191.697038 100.449088
190.849365 99.124284
190.010500 97.771860
189.180443 96.391817
188.359195 94.984154
187.546756 93.548872
186.743125 92.085970
185.948302 90.595449
185.162288 89.077308
184.385083 87.531548
183.616686 85.958168
182.857097 84.357168
182.106317 82.728549
181.364345 81.072311
180.631182 79.388453
179.906827 77.676976
179.191281 75.937879
178.484543 74.171162
177.786613 72.376826
177.097492 70.554871
176.417180 68.705296
175.745676 66.828101
175.082980 64.923287
174.429093 62.990853
173.784014 61.030800
173.147744 59.043128
172.520283 57.027836
171.901629 54.984924
171.291784 52.914393
170.690748 50.816242
170.098520 48.690472
169.515101 46.537082
168.940490 44.356073
168.374688 42.147444
167.817694 39.911196
167.269508 37.647328
166.730131 35.355841
166.199562 33.036734
165.677802 30.690008
165.164850 28.315662
164.660707 25.913697
164.165372 23.484112
163.678846 21.026908
163.201128 18.542084
162.732219 16.029640
162.272118 13.489577
161.820826 10.921895
161.378342 8.326593
160.944666 5.703672
160.519799 3.053131
160.103741 0.374970
159.696490 -2.330810
159.298049 -5.064209
158.908416 -7.825228
158.527591 -10.613867
158.155264 -13.428379
157.784611 -16.230346
157.412838 -19.004052
157.039945 -21.749498
156.665933 -24.466683
156.290802 -27.155607
155.914551 -29.816270
155.537181 -32.448673
155.158691 -35.052815
154.779082 -37.628695
154.398353 -40.176316
154.016505 -42.695675
153.633538 -45.186773
153.249451 -47.649611
152.864245 -50.084188
152.477919 -52.490504
152.090474 -54.868559
151.701909 -57.218353
151.312225 -59.539887
150.921422 -61.833160
150.529499 -64.098172
150.136457 -66.334923
149.742295 -68.543413
149.347014 -70.723643
148.950614 -72.875611
148.553094 -74.999319
148.154454 -77.094766
147.754695 -79.161953
147.353817 -81.200878
146.951819 -83.211543
146.548702 -85.193947
146.144466 -87.148090
145.739110 -89.073972
145.332635 -90.971594
144.925040 -92.840954
144.516326 -94.682054
144.106492 -96.494893
143.695539 -98.279471
143.283466 -100.035789
142.870274 -101.763845
142.455963 -103.463641
142.040532 -105.135176
141.623982 -106.778450
141.206312 -108.393464
140.787523 -109.980216
140.367615 -111.538708
139.946587 -113.068939
139.524439 -114.570909
139.101173 -116.044619
138.676786 -117.490067
138.251281 -118.907255
137.824656 -120.296182
137.396911 -121.656848
136.968047 -122.989253
136.538064 -124.293398
136.106961 -125.569281
135.674739 -126.816904
135.241397 -128.036266
134.806936 -129.227367
134.371356 -130.390208
133.934656 -131.524788
133.496837 -132.631106
133.057898 -133.709164
132.617840 -134.758962
132.176662 -135.780498
131.734365 -136.773774
131.290948 -137.738788
130.846413 -138.675542
130.400757 -139.584036
129.953982 -140.464268
129.506088 -141.316240
129.057075 -142.139950
128.606942 -142.935400
128.155689 -143.702589
127.703317 -144.441518
127.249826 -145.152185
126.795215 -145.834592
126.339485 -146.488738
125.882635 -147.114623
125.424666 -147.712247
124.965578 -148.281611
124.505370 -148.822713
124.044043 -149.335555
123.581596 -149.820136
123.118030 -150.276457
122.653344 -150.704516
122.187539 -151.104315
121.720615 -151.475852
121.252571 -151.819129
120.783408 -152.134146
120.313125 -152.420901
119.841723 -152.679396
119.369201 -152.909629
118.895560 -153.111602
118.420800 -153.285315
117.944920 -153.430766
117.467921 -153.547956
116.989802 -153.636886
116.510564 -153.697555
116.030206 -153.729963
115.548729 -153.734111
115.066133 -153.709997
114.582417 -153.657623
114.097582 -153.576988
113.611627 -153.468092
113.124553 -153.330935
112.636359 -153.165517
112.147046 -152.971839
111.656614 -152.749900
111.165062 -152.499700
110.672391 -152.221239
110.178600 -151.914518
109.683690 -151.579535
109.187660 -151.216292
108.690511 -150.824788
108.192243 -150.405023
107.692855 -149.956998
107.192348 -149.480711
106.690721 -148.976164
106.187975 -148.443356
105.684109 -147.882287
105.179125 -147.292957
104.673020 -146.675367
104.165796 -146.029516
103.657453 -145.355404
103.148502 -144.656239
102.642010 -143.951273
102.138489 -143.243714
101.637939 -142.533561
101.140361 -141.820816
100.645753 -141.105477
100.154116 -140.387545
99.665450 -139.667019
99.179755 -138.943901
98.697031 -138.218189
98.217279 -137.489884
97.740497 -136.758986
97.266686 -136.025495
96.795846 -135.289411
96.327977 -134.550733
95.863079 -133.809462
95.401151 -133.065598
94.942195 -132.319141
94.486210 -131.570090
94.033196 -130.818447
93.583153 -130.064210
93.136081 -129.307380
92.691979 -128.547957
92.250849 -127.785940
91.812690 -127.021331
91.377502 -126.254128
90.945284 -125.484332
90.516038 -124.711942
90.089763 -123.936960
89.666458 -123.159384
89.246125 -122.379216
88.828762 -121.596454
88.414371 -120.811098
88.002950 -120.023150
87.594501 -119.232608
87.189022 -118.439473
86.786515 -117.643745
86.386978 -116.845424
85.990412 -116.044510
85.596818 -115.241002
85.206194 -114.434901
84.818541 -113.626207
84.433860 -112.814920
84.052149 -112.001040
83.673409 -111.184566
83.297640 -110.365499
82.924843 -109.543840
82.555016 -108.719586
82.188160 -107.892740
81.824275 -107.063300
81.463361 -106.231268
81.105418 -105.396642
80.750446 -104.559422
80.398445 -103.719610
80.049415 -102.877204
79.703356 -102.032206
79.360268 -101.184614
79.020151 -100.334429
78.683005 -99.481650
78.348830 -98.626279
78.017626 -97.768314
77.689392 -96.907756
77.364130 -96.044605
77.041839 -95.178860
76.722519 -94.310523
76.406169 -93.439592
76.092791 -92.566068
75.782384 -91.689951
75.474947 -90.811241
75.170482 -89.929937
74.868987 -89.046040
74.570464 -88.159550
74.274912 -87.270467
73.982330 -86.378791
73.692720 -85.484522
73.406080 -84.587659
73.122411 -83.688203
72.841714 -82.786154
72.563987 -81.881511
72.289232 -80.974276
72.017447 -80.064447
71.748633 -79.152025
71.482791 -78.237010
71.219919 -77.319402
70.960018 -76.399200
70.703088 -75.476406
70.449129 -74.551018
70.198142 -73.623037
69.950125 -72.692462
69.705079 -71.759295
69.463004 -70.823534
69.223900 -69.885180
68.987767 -68.944233
68.754605 -68.000693
68.524414 -67.054559
68.297194 -66.105833
68.072945 -65.154513
67.851667 -64.200600
67.633360 -63.244093
67.418024 -62.284994
67.205658 -61.323301
66.996264 -60.359015
66.789841 -59.392136
66.586389 -58.422664
66.385907 -57.450599
66.188397 -56.475940
65.993858 -55.498688
65.802290 -54.518843
65.613692 -53.536405
65.428066 -52.551373
65.245410 -51.563749
65.065726 -50.573531
64.889013 -49.580720
64.715270 -48.585316
64.544499 -47.587318
64.376698 -46.586728
64.211868 -45.583544
64.050010 -44.577767
63.891122 -43.569396
63.735206 -42.558433
63.582260 -41.544876
63.432285 -40.528727
63.285282 -39.509984
63.141249 -38.488647
63.000187 -37.464718
62.860687 -36.442075
62.719306 -35.430204
62.575885 -34.429536
62.430426 -33.440070
62.282929 -32.461807
62.133393 -31.494746
61.981819 -30.538888
61.828206 -29.594232
61.672554 -28.660780
61.514864 -27.738529
61.355135 -26.827482
61.193368 -25.927637
61.029562 -25.038994
60.863718 -24.161554
60.695835 -23.295317
60.525913 -22.440282
60.353953 -21.596450
60.179955 -20.763821
60.003918 -19.942394
59.825842 -19.132170
59.645728 -18.333148
59.463575 -17.545329
59.279384 -16.768713
59.093154 -16.003299
58.904885 -15.249087
58.714578 -14.506079
58.522233 -13.774273
58.327849 -13.053669
58.131426 -12.344268
57.932965 -11.646070
57.732465 -10.959074
57.529927 -10.283281
57.325350 -9.618691
57.118735 -8.965303
56.910081 -8.323118
56.699388 -7.692135
56.486657 -7.072355
56.271887 -6.463778
56.055079 -5.866403
55.836232 -5.280231
55.615347 -4.705261
55.392423 -4.141494
55.167461 -3.588929
54.940460 -3.047568
54.711421 -2.517408
54.480342 -1.998452
54.247226 -1.490698
54.012071 -0.994146
53.774877 -0.508797
53.535645 -0.034651
53.294374 0.428293
53.051065 0.880034
52.805717 1.320572
52.558330 1.749908
52.308905 2.168041
52.057442 2.574972
51.803939 2.970700
51.548399 3.355225
51.290819 3.728548
51.031202 4.090668
50.769545 4.441586
50.505850 4.781301
50.240117 5.109814
49.972345 5.427123
49.702534 5.733231
49.430685 6.028135
49.156798 6.311837
48.880871 6.584337
48.602907 6.845634
48.322903 7.095728
48.040861 7.334620
47.756781 7.562309
47.470662 7.778795
47.182504 7.984079
46.892308 8.178160
46.600074 8.361039
46.305801 8.532715
46.009489 8.693188
45.711139 8.842459
45.410750 8.980527
45.108322 9.107393
44.803856 9.223056
44.497352 9.327517
44.188809 9.420774
43.878227 9.502830
43.565607 9.573682
43.250948 9.633332
42.934251 9.681780
42.615515 9.719025
42.294741 9.745067
41.971928 9.759906
41.647076 9.763544
41.320186 9.755978
40.991258 9.737210
40.660290 9.707239
40.327285 9.666066
39.992241 9.613690
39.655158 9.550111
39.316036 9.475330
38.974876 9.389346
38.631678 9.292160
38.286441 9.183771
37.939165 9.064179
37.589851 8.933385
37.238499 8.791388
36.885107 8.638189
36.529678 8.473787
36.172209 8.298182
35.812702 8.111375
35.451157 7.913366
35.087573 7.704153
34.721950 7.483738
34.354289 7.252121
33.984590 7.009301
33.612851 6.755278
33.239075 6.490052
32.863259 6.213624
32.485405 5.925994
32.105513 5.627161
31.723582 5.317125
31.339612 4.995887
30.953604 4.663446
30.565558 4.319802
30.175473 3.964956
29.783349 3.598907
