252.876673 -161.410620
252.153049 -156.335411
251.433359 -151.303571
250.717604 -146.315100
250.005783 -141.369999
249.297897 -136.468266
248.593945 -131.609903
247.893928 -126.794909
247.197845 -122.023285
246.505696 -117.295030
245.817482 -112.610144
245.133203 -107.968627
244.452858 -103.370480
243.776447 -98.815702
243.103971 -94.304293
242.435429 -89.836253
241.770821 -85.411583
241.110148 -81.030282
240.453410 -76.692350
239.800606 -72.397787
239.151736 -68.146594
238.506801 -63.938770
237.865800 -59.774316
237.228734 -55.653230
236.595602 -51.575514
235.966404 -47.541167
235.341141 -43.550190
234.719813 -39.602581
234.102419 -35.698342
233.488959 -31.837472
232.879434 -28.019972
232.273843 -24.245841
231.672187 -20.515079
231.074465 -16.827686
230.480677 -13.183663
229.890824 -9.583008
229.304905 -6.025723
228.722921 -2.511808
228.144872 0.958738
227.570756 4.385916
227.000575 7.769723
226.434329 11.110162
225.872017 14.407231
225.313639 17.660931
224.759196 20.871262
224.208688 24.038223
223.662113 27.161815
223.119474 30.242038
222.580768 33.278892
222.045997 36.272376
221.515161 39.222491
220.988259 42.129237
220.465291 44.992614
219.946258 47.812621
219.431159 50.589259
218.919995 53.322528
218.412765 56.012427
217.909470 58.658957
217.410109 61.262118
216.914683 63.821910
216.423190 66.338332
215.935633 68.811385
215.452010 71.241069
214.972321 73.627384
214.496567 75.970329
214.024747 78.269905
213.556861 80.526112
213.092910 82.738949
212.632894 84.908417
212.176812 87.034516
211.724664 89.117246
211.276451 91.156606
210.832172 93.152597
210.391828 95.105219
209.955418 97.014472
209.522942 98.880355
209.094401 100.702869
208.669795 102.482014
208.249122 104.217789
207.832385 105.910195
207.419581 107.559232
207.010713 109.164900
206.605778 110.727198
206.204778 112.246128
205.807713 113.721687
205.414582 115.153878
205.025385 116.542699
204.640123 117.888151
204.258795 119.190234
203.881402 120.448948
203.507943 121.664292
203.138418 122.836267
202.772828 123.964872
202.411173 125.050109
202.053452 126.091976
201.699665 127.090474
201.349813 128.045602
201.003895 128.957362
200.661912 129.825752
200.323863 130.650772
199.989748 131.432424
199.659568 132.170706
199.333323 132.865619
199.011012 133.517163
198.692635 134.125337
198.378193 134.690142
198.067685 135.211578
197.761111 135.689645
197.458472 136.124342
197.159768 136.515670
196.864998 136.863629
196.574162 137.168218
196.287261 137.429439
196.004294 137.647290
195.725262 137.821771
195.450164 137.952884
195.179000 138.040627
194.911771 138.085001
194.648477 138.086005
194.389117 138.043641
194.133691 137.957907
193.882200 137.828804
193.634643 137.656331
193.391021 137.440489
193.151333 137.181278
192.915457 136.879915
192.680694 136.563169
192.445941 136.241994
192.211199 135.916387
191.976466 135.586351
191.741743 135.251884
191.507030 134.912986
191.272327 134.569658
191.037634 134.221900
190.802950 133.869711
190.568277 133.513092
190.333613 133.152042
190.098959 132.786562
189.864315 132.416652
189.629681 132.042311
189.395057 131.663539
189.160443 131.280338
188.925839 130.892705
188.691244 130.500643
188.456660 130.104150
188.222085 129.703226
187.987520 129.297873
187.752965 128.888088
187.518420 128.473874
187.283885 128.055229
187.049360 127.632153
186.814845 127.204647
186.580339 126.772711
186.345844 126.336344
186.111358 125.895547
185.876882 125.450319
185.642416 125.000661
185.407960 124.546573
185.173514 124.088054
184.939077 123.625105
184.704651 123.157725
184.470235 122.685915
184.235828 122.209674
184.001431 121.729003
183.767044 121.243902
183.532667 120.754370
183.298300 120.260408
183.063943 119.762015
182.829596 119.259192
182.595258 118.751939
182.360930 118.240255
182.126613 117.724140
181.892305 117.203596
181.658007 116.678621
181.423719 116.149215
181.189441 115.615379
180.955173 115.077113
180.720914 114.534416
180.486666 113.987288
180.252427 113.435731
180.018198 112.879743
179.783979 112.319324
179.549770 111.754475
179.315571 111.185196
179.081382 110.611486
178.847203 110.033346
178.613033 109.450775
178.378874 108.863774
178.144724 108.272343
177.910584 107.676481
177.676454 107.076188
177.442334 106.471466
177.208224 105.862313
176.974124 105.248729
176.740034 104.630715
176.505953 104.008271
176.271883 103.381396
176.037822 102.750091
175.803771 102.114355
175.569730 101.474189
175.335699 100.829592
175.101678 100.180565
174.867666 99.527108
174.633665 98.869220
174.399674 98.206902
174.165692 97.540154
173.931720 96.868974
173.697758 96.193365
173.463806 95.513325
173.229864 94.828855
172.995932 94.139954
172.762010 93.446623
172.528097 92.748862
172.294194 92.046670
172.060302 91.340047
171.826419 90.628994
171.592546 89.913511
171.358683 89.193598
171.124830 88.469253
170.890987 87.740479
170.657153 87.007274
170.423330 86.269639
170.189516 85.527573
169.955712 84.781077
169.721918 84.030150
169.488134 83.274793
169.254360 82.515006
169.020596 81.750788
168.786842 80.982140
168.553097 80.209061
168.319363 79.431552
168.085638 78.649612
167.851923 77.863242
167.618218 77.072442
167.384523 76.277211
167.150838 75.477550
166.917163 74.673459
166.683498 73.864936
166.449842 73.051984
166.216197 72.234601
165.982561 71.412788
165.748935 70.586544
165.515319 69.755870
165.281713 68.920765
165.048117 68.081230
164.814531 67.237265
164.580954 66.388869
164.347388 65.536043
164.113831 64.678786
163.880284 63.817099
163.646132 62.952736
163.407682 62.096225
163.164318 61.249320
162.916040 60.412021
162.662849 59.584329
162.404745 58.766243
162.141727 57.957763
161.873795 57.158889
161.600950 56.369622
161.323192 55.589961
161.040519 54.819906
160.752934 54.059457
160.460435 53.308615
160.163022 52.567379
159.860696 51.835749
159.553456 51.113725
159.241303 50.401308
158.924236 49.698497
158.602256 49.005292
158.275362 48.321693
157.943555 47.647701
157.606834 46.983315
157.265200 46.328535
156.918652 45.683362
156.567190 45.047795
156.210815 44.421834
155.849527 43.805479
155.483325 43.198730
155.112210 42.601588
154.736181 42.014052
154.355238 41.436123
153.969382 40.867799
153.578613 40.309082
153.182929 39.759971
152.782333 39.220467
152.376823 38.690568
151.966399 38.170276
151.551062 37.659590
151.130811 37.158511
150.705647 36.667037
150.275569 36.185170
149.840578 35.712910
149.400673 35.250255
148.955855 34.797207
148.506123 34.353765
148.051478 33.919929
147.591919 33.495699
147.127447 33.081076
146.658061 32.676059
146.183761 32.280649
145.704548 31.894844
145.220422 31.518646
144.731382 31.152054
144.237428 30.795068
143.738561 30.447689
143.234781 30.109916
142.726087 29.781749
142.212479 29.463188
141.693958 29.154234
141.170523 28.854886
140.642175 28.565144
140.108913 28.285008
139.570738 28.014479
139.027650 27.753556
138.479647 27.502239
137.926732 27.260529
137.368902 27.028424
136.806159 26.805926
136.238503 26.593035
135.665933 26.389749
135.088450 26.196070
134.506053 26.011997
133.918743 25.837530
133.326519 25.672670
132.729381 25.517416
132.127330 25.371768
131.520366 25.235726
130.908488 25.109291
130.291696 24.992461
129.669991 24.885239
129.043373 24.787622
128.411840 24.699612
127.775395 24.621207
127.134036 24.552410
126.487763 24.493218
125.836577 24.443633
125.180477 24.403654
124.519464 24.373281
123.853537 24.352514
123.182697 24.341354
122.506943 24.339800
121.826276 24.347852
121.140695 24.365511
120.450201 24.392776
119.754793 24.429647
119.054471 24.476124
118.349236 24.532207
117.639088 24.597897
116.924026 24.673193
116.204051 24.758096
115.479162 24.852604
114.749359 24.956719
114.014643 25.070440
113.275013 25.193768
112.530470 25.326701
111.781014 25.469241
111.026644 25.621387
110.267360 25.783140
109.503163 25.954499
108.734052 26.135463
107.960028 26.326035
107.181090 26.526212
106.397239 26.735996
105.608474 26.955386
104.814796 27.184382
104.016204 27.422985
103.212699 27.671193
102.404280 27.929008
101.590947 28.196430
100.772701 28.473457
99.949542 28.760091
99.121469 29.056331
98.288482 29.362178
97.450582 29.677630
96.607769 30.002689
95.762694 30.332611
94.921842 30.655803
94.085507 30.971737
93.253688 31.280414
92.426387 31.581834
91.603603 31.875996
90.785336 32.162901
89.971586 32.442548
89.162353 32.714938
88.357637 32.980071
87.557438 33.237946
86.761756 33.488564
85.970591 33.731924
85.183944 33.968027
84.401813 34.196873
83.624199 34.418461
82.851103 34.632792
82.082523 34.839865
81.318461 35.039681
80.558915 35.232240
79.803887 35.417541
79.053376 35.595584
78.307381 35.766371
77.565904 35.929900
76.828944 36.086171
76.096501 36.235185
75.368575 36.376942
74.645166 36.511441
73.926274 36.638683
73.211899 36.758668
72.502041 36.871395
71.796700 36.976865
71.095876 37.075077
70.399570 37.166032
69.707780 37.249729
69.020507 37.326169
68.337752 37.395352
67.659513 37.457277
66.985792 37.511945
66.316587 37.559356
65.651900 37.599509
64.991730 37.632405
64.336077 37.658043
63.684940 37.676424
63.038321 37.687547
62.396219 37.691413
61.758634 37.688022
61.125566 37.677373
60.497015 37.659467
59.872981 37.634303
59.253464 37.601883
58.638464 37.562204
58.027982 37.515268
57.422016 37.461075
56.820567 37.399625
56.223636 37.330917
55.631221 37.254951
55.043324 37.171729
54.459943 37.081248
53.881080 36.983511
53.306733 36.878516
52.736904 36.766263
52.171592 36.646754
51.610797 36.519986
51.054519 36.385962
50.502757 36.244680
49.955513 36.096140
49.412786 35.940344
48.874576 35.777289
48.340884 35.606978
47.811708 35.429409
47.287049 35.244582
46.766907 35.052499
46.251283 34.853157
45.740175 34.646559
45.233584 34.432703
44.731511 34.211589
44.233954 33.983218
43.740915 33.747590
43.252392 33.504705
42.768387 33.254561
42.288899 32.997161
41.813928 32.732503
41.343473 32.460588
40.877536 32.181415
40.416116 31.894985
39.959213 31.601298
39.506827 31.300353
39.058958 30.992151
38.615606 30.676691
38.176772 30.353974
37.742454 30.023999
37.312653 29.686767
36.887369 29.342278
36.466603 28.990531
36.050353 28.631527
35.638621 28.265266
35.231405 27.891747
34.828707 27.510971
34.430525 27.122937
34.036861 26.727646
33.647714 26.325097
33.263084 25.915291
32.882970 25.498228
32.507374 25.073907
32.136295 24.642329
31.769733 24.203494
31.407688 23.757401
31.050160 23.304050
30.697150 22.843443
30.348656 22.375578
30.004679 21.900455
29.665219 21.418075
29.330277 20.928438
28.999851 20.431543
28.673942 19.927391
28.352551 19.415981
28.035676 18.897314
27.723319 18.371390
27.415479 17.838208
27.112155 17.297769
26.813349 16.750072
26.519060 16.195118
26.229288 15.632907
25.944033 15.063438
