277.899454 113.012802
275.753896 107.764202
273.626141 102.578649
271.516191 97.456144
269.424044 92.396686
267.349702 87.400275
265.293164 82.466912
263.254429 77.596597
261.233499 72.789328
259.230373 68.045107
257.245050 63.363934
255.277532 58.745808
253.327818 54.190729
251.395907 49.698698
249.481801 45.269715
247.585499 40.903778
245.707000 36.600889
243.846306 32.361048
242.003416 28.184254
240.178330 24.070507
238.371047 20.019808
236.581569 16.032156
234.809895 12.107552
233.056025 8.245995
231.319959 4.447486
229.601696 0.712023
227.901238 -2.960391
226.218584 -6.569758
224.553734 -10.116078
222.906688 -13.599351
221.277445 -17.019576
219.666007 -20.376753
218.072373 -23.670883
216.496543 -26.901966
214.938517 -30.070001
213.398295 -33.174989
211.875877 -36.216930
210.371263 -39.195823
208.884453 -42.111668
207.415447 -44.964466
205.964245 -47.754217
204.530847 -50.480920
203.115253 -53.144576
201.717463 -55.745185
200.337477 -58.282746
198.975295 -60.757259
197.630917 -63.168726
196.304343 -65.517144
194.995573 -67.802516
193.704607 -70.024840
192.431445 -72.184116
191.176087 -74.280345
189.938533 -76.313527
188.718783 -78.283661
187.516837 -80.190748
186.332695 -82.034787
185.166357 -83.815779
184.017823 -85.533724
182.887093 -87.188621
181.774168 -88.780471
180.679046 -90.309273
179.601728 -91.775028
178.542214 -93.177735
177.500504 -94.517395
176.476598 -95.794008
175.470497 -97.007573
174.482199 -98.158091
173.511705 -99.245561
172.559015 -100.269984
171.624129 -101.231359
170.707048 -102.129687
169.807770 -102.964968
168.926296 -103.737201
168.062626 -104.446387
167.216761 -105.092525
166.388699 -105.675616
165.578441 -106.195660
164.785988 -106.652656
164.011338 -107.046605
163.254492 -107.377506
162.515451 -107.645360
161.794213 -107.850166
161.090779 -107.991925
160.405150 -108.070637
159.737324 -108.086301
159.087302 -108.038917
158.455085 -107.928487
157.840671 -107.755009
157.244062 -107.518483
156.665256 -107.218910
156.104255 -106.856290
155.561057 -106.430622
155.035663 -105.941907
154.528074 -105.390144
154.038288 -104.775334
153.566307 -104.097476
153.112129 -103.356571
152.675756 -102.552619
152.257186 -101.685619
151.856421 -100.755572
151.473459 -99.762477
151.108302 -98.706335
150.760949 -97.587146
150.431399 -96.404909
150.119654 -95.159625
149.825712 -93.851293
149.549575 -92.479914
149.291241 -91.045487
149.050712 -89.548013
148.827987 -87.987492
148.623065 -86.363923
148.435948 -84.677306
148.266635 -82.927643
148.115125 -81.114932
147.981420 -79.239173
147.865519 -77.300367
147.767421 -75.298514
147.687128 -73.233613
147.624639 -71.105665
147.579953 -68.914669
147.553072 -66.660626
147.543995 -64.343535
147.552722 -61.963397
147.579252 -59.520212
147.623587 -57.013979
147.685038 -54.447646
147.748482 -51.886038
147.807731 -49.355675
147.862785 -46.856557
147.913645 -44.388685
147.960309 -41.952058
148.002779 -39.546676
148.041054 -37.172539
148.075135 -34.829648
148.105020 -32.518002
148.130711 -30.237601
148.152208 -27.988445
148.169509 -25.770535
148.182615 -23.583870
148.191527 -21.428450
148.196244 -19.304275
148.196767 -17.211346
148.193094 -15.149662
148.185227 -13.119223
148.173165 -11.120029
148.156909 -9.152081
148.136457 -7.215378
148.111811 -5.309920
148.082970 -3.435708
148.049934 -1.592740
148.012704 0.218982
147.971279 1.999459
147.925659 3.748690
147.875844 5.466676
147.821834 7.153417
147.763630 8.808913
147.701231 10.433164
147.634637 12.026169
147.563849 13.587929
147.488866 15.118444
147.409688 16.617714
147.326315 18.085738
147.238747 19.522517
147.146985 20.928051
147.051028 22.302339
146.950876 23.645382
146.846529 24.957180
146.737988 26.237733
146.625252 27.487041
146.508321 28.705103
146.387195 29.891920
146.261875 31.047492
146.132360 32.171818
145.998650 33.264900
145.860745 34.326736
145.718646 35.357326
145.572352 36.356672
145.421863 37.324772
145.267179 38.261627
145.108301 39.167237
144.945228 40.041601
144.777960 40.884721
144.606497 41.696595
144.430840 42.477223
144.250987 43.226607
144.066940 43.944745
143.878699 44.631638
143.686262 45.287286
143.489631 45.911688
143.288805 46.504846
143.083784 47.066757
142.874569 47.597424
142.661158 48.096846
142.443553 48.565022
142.221754 49.001953
141.995759 49.407639
141.765570 49.782079
141.531186 50.125274
141.292607 50.437224
141.049833 50.717929
140.802865 50.967388
140.551702 51.185603
140.296344 51.372571
140.036791 51.528295
139.773044 51.652774
139.505102 51.746007
139.232965 51.807995
138.956633 51.838737
138.676107 51.838235
138.391386 51.806487
138.102470 51.743494
137.809359 51.649256
137.512054 51.523772
137.210554 51.367043
136.904859 51.179069
136.594969 50.959850
136.280885 50.709385
135.962605 50.427675
135.640131 50.114720
135.313463 49.770520
134.982599 49.395074
134.647541 48.988383
134.308288 48.550447
133.964840 48.081266
133.617198 47.580839
133.265360 47.049168
132.909328 46.486250
132.549102 45.892088
132.184680 45.266680
131.816064 44.610028
131.443253 43.922129
131.066247 43.202986
130.685046 42.452597
130.299651 41.670964
129.910061 40.858084
129.516276 40.013960
129.118297 39.138590
128.716122 38.231976
128.309753 37.294115
127.899189 36.325010
127.484431 35.324659
127.065477 34.293063
126.642329 33.230222
126.214986 32.136136
125.783449 31.010804
125.347716 29.854227
124.907789 28.666405
124.463667 27.447338
124.015350 26.197025
123.562839 24.915467
123.107026 23.608519
122.653273 22.311312
122.202473 21.029701
121.754626 19.763687
121.309732 18.513269
120.867791 17.278446
120.428803 16.059220
119.992768 14.855591
119.559687 13.667557
119.129558 12.495120
118.702382 11.338279
118.278160 10.197034
117.856890 9.071385
117.438574 7.961332
117.023211 6.866876
116.610800 5.788016
116.201343 4.724752
115.794839 3.677084
115.391288 2.645012
114.990690 1.628537
114.593045 0.627658
114.198353 -0.357625
113.806614 -1.327312
113.417828 -2.281402
113.031995 -3.219897
112.649116 -4.142795
112.269189 -5.050097
111.892215 -5.941803
111.518195 -6.817912
111.147127 -7.678425
110.779013 -8.523343
110.413852 -9.352664
110.051643 -10.166388
109.692388 -10.964517
109.336086 -11.747049
108.982737 -12.513985
108.632341 -13.265325
108.284898 -14.001069
107.940408 -14.721217
107.598871 -15.425768
107.260287 -16.114723
106.924656 -16.788082
106.591979 -17.445845
106.262254 -18.088011
105.935482 -18.714582
105.611664 -19.325556
105.290798 -19.920934
104.972886 -20.500716
104.657927 -21.064901
104.345920 -21.613490
104.036867 -22.146484
103.730767 -22.663880
103.427620 -23.165681
103.127426 -23.651886
102.830185 -24.122494
102.535897 -24.577506
102.244562 -25.016922
101.956180 -25.440742
101.670752 -25.848965
101.388276 -26.241593
101.108753 -26.618624
100.832184 -26.980059
100.558567 -27.325898
100.287904 -27.656140
100.020193 -27.970786
99.755436 -28.269837
99.493632 -28.553291
99.234780 -28.821148
98.978882 -29.073410
98.725937 -29.310075
98.475945 -29.531144
98.228906 -29.736617
97.984820 -29.926494
97.743687 -30.100774
97.505508 -30.259459
97.270281 -30.402547
97.038007 -30.530039
96.808687 -30.641935
96.582319 -30.738234
96.358905 -30.818937
96.138443 -30.884045
95.920935 -30.933556
95.706379 -30.967470
95.494777 -30.985789
95.286128 -30.988511
95.080432 -30.975637
94.877689 -30.947167
94.677899 -30.903101
94.481062 -30.843438
94.287178 -30.768180
94.096247 -30.677325
93.908269 -30.570874
93.723245 -30.448826
93.541173 -30.311183
93.362054 -30.157943
93.185889 -29.989107
93.012676 -29.804675
92.842417 -29.604647
92.675110 -29.389023
92.510757 -29.157802
92.349357 -28.910985
92.190910 -28.648572
92.035416 -28.370563
91.882875 -28.076957
91.733287 -27.767755
91.586652 -27.442958
91.442970 -27.102564
91.302241 -26.746573
91.164465 -26.374987
91.029642 -25.987804
90.897773 -25.585025
90.768856 -25.166650
90.642893 -24.732679
90.519882 -24.283111
90.399825 -23.817948
90.282720 -23.337188
90.168569 -22.840832
90.057371 -22.328879
89.949126 -21.801331
89.843834 -21.258186
89.741495 -20.699445
89.642109 -20.125108
89.545676 -19.535175
89.452196 -18.929645
89.361669 -18.308520
89.271063 -17.679264
89.172967 -17.060132
89.067044 -16.451951
88.953293 -15.854722
88.831716 -15.268445
88.702311 -14.693120
88.565079 -14.128747
88.420019 -13.575326
88.267133 -13.032857
88.106419 -12.501339
87.937878 -11.980774
87.761510 -11.471161
87.577315 -10.972500
87.385292 -10.484791
87.185442 -10.008033
86.977765 -9.542228
86.762261 -9.087375
86.538929 -8.643473
86.307771 -8.210524
86.068785 -7.788526
85.821972 -7.377481
85.567332 -6.977387
85.304864 -6.588246
85.034569 -6.210056
84.756447 -5.842819
84.470498 -5.486533
84.176722 -5.141200
83.875118 -4.806818
83.565687 -4.483388
83.248429 -4.170910
82.923344 -3.869385
82.590432 -3.578811
82.249692 -3.299189
81.901125 -3.030519
81.544731 -2.772801
81.180510 -2.526035
80.808461 -2.290221
80.428586 -2.065359
80.040883 -1.851449
79.645353 -1.648491
79.241995 -1.456485
78.830811 -1.275431
78.411799 -1.105329
77.984960 -0.946179
77.550294 -0.797981
77.107800 -0.660734
76.657480 -0.534440
76.199332 -0.419098
75.733357 -0.314708
75.259554 -0.221269
74.777925 -0.138783
74.288468 -0.067248
73.791184 -0.006666
73.286073 0.042965
72.773135 0.081643
72.252369 0.109370
71.723776 0.126144
71.187357 0.131967
70.643109 0.126837
70.091035 0.110756
69.531133 0.083723
68.963404 0.045737
68.387848 -0.003200
67.804465 -0.063089
67.213255 -0.133930
66.614217 -0.215723
66.007352 -0.308469
65.392660 -0.412166
64.770141 -0.526815
64.139794 -0.652416
63.501620 -0.788969
62.855619 -0.936474
62.201791 -1.094931
61.540136 -1.264340
60.870653 -1.444700
60.193343 -1.636013
59.508206 -1.838278
58.815242 -2.051495
58.114451 -2.275664
57.405832 -2.510784
56.689386 -2.756857
55.965113 -3.013882
55.233013 -3.281858
54.493085 -3.560787
53.745330 -3.850668
52.989748 -4.151500
52.226339 -4.463285
51.455103 -4.786021
50.676039 -5.119710
49.889148 -5.464350
49.094430 -5.819942
48.291885 -6.186487
47.481513 -6.563983
46.663313 -6.952431
45.837286 -7.351832
45.003432 -7.762184
44.161751 -8.183488
43.312242 -8.615744
42.454907 -9.058953
41.589744 -9.513113
40.716753 -9.978225
39.835936 -10.454289
38.947291 -10.941305
38.050820 -11.439273
37.146521 -11.948193
36.234394 -12.468065
35.314441 -12.998889
34.386660 -13.540665
33.451053 -14.093392
32.507617 -14.657072
31.556355 -15.231704
30.597266 -15.817288
29.630349 -16.413823
28.655605 -17.021311
27.673034 -17.639751
26.682636 -18.269142
25.684410 -18.909486
24.678357 -19.560782
23.664477 -20.223029
22.642770 -20.896229
21.613236 -21.580380
20.575874 -22.275484
19.530685 -22.981539
18.477669 -23.698546
17.416826 -24.426506
