221.218571 -202.638455
221.295555 -197.464852
221.369428 -192.340435
221.440191 -187.265204
221.507842 -182.239158
221.572383 -177.262299
221.633812 -172.334625
221.692131 -167.456137
221.747340 -162.626835
221.799437 -157.846719
221.848424 -153.115789
221.894300 -148.434045
221.937065 -143.801487
221.976719 -139.218115
222.013262 -134.683929
222.046695 -130.198928
222.077017 -125.763114
222.104228 -121.376485
222.128328 -117.039042
222.149317 -112.750785
222.167196 -108.511714
222.181964 -104.321829
222.193621 -100.181130
222.202167 -96.089617
222.207603 -92.047290
222.209927 -88.054148
222.209141 -84.110193
222.205244 -80.215423
222.198236 -76.369840
222.188118 -72.573442
222.174888 -68.826230
222.158548 -65.128204
222.139097 -61.479364
222.116536 -57.879710
222.090863 -54.329242
222.062080 -50.827959
222.030185 -47.375863
221.995180 -43.972953
221.957065 -40.619228
221.915838 -37.314689
221.871501 -34.059337
221.824053 -30.853170
221.773494 -27.696189
221.719824 -24.588394
221.663043 -21.529785
221.603152 -18.520361
221.540150 -15.560124
221.474037 -12.649073
221.404813 -9.787207
221.332479 -6.974528
221.257033 -4.211034
221.178477 -1.496726
221.096810 1.168396
221.012032 3.784332
220.924144 6.351082
220.833144 8.868646
220.739034 11.337024
220.641813 13.756216
220.541482 16.126223
220.438039 18.447043
220.331486 20.718678
220.221821 22.941127
220.109046 25.114389
219.993161 27.238466
219.874164 29.313357
219.752057 31.339062
219.626839 33.315581
219.498510 35.242915
219.367070 37.121062
219.232519 38.950023
219.094858 40.729799
218.954086 42.460388
218.810203 44.141792
218.663209 45.774010
218.513105 47.357042
218.359889 48.890888
218.203563 50.375548
218.044126 51.811022
217.881578 53.197310
217.715920 54.534413
217.547150 55.822329
217.375270 57.061060
217.200279 58.250604
217.022178 59.390963
216.840965 60.482136
216.656642 61.524123
216.469208 62.516924
216.278663 63.460539
216.085007 64.354968
215.888240 65.200211
215.688363 65.996268
215.485375 66.743140
215.279276 67.440825
215.070066 68.089325
214.857746 68.688639
214.642314 69.238766
214.423772 69.739708
214.202119 70.191464
213.977355 70.594034
213.749481 70.947419
213.518495 71.251617
213.284399 71.506629
213.047192 71.712456
212.806875 71.869096
212.563446 71.976551
212.316907 72.034820
212.067257 72.043902
211.814496 72.003799
211.558624 71.914510
211.299641 71.776035
211.037548 71.588375
210.772344 71.351528
210.504029 71.065495
210.232603 70.730277
209.958067 70.345872
209.680419 69.912282
209.399661 69.429506
209.115792 68.897543
208.828812 68.316395
208.538722 67.686061
208.245521 67.006541
207.949208 66.277836
207.649785 65.499944
207.347252 64.672866
207.041607 63.796603
206.732917 62.872951
206.422625 61.941457
206.111319 61.018299
205.799000 60.103477
205.485667 59.196991
205.171322 58.298841
204.855964 57.409027
204.539593 56.527549
204.222208 55.654406
203.903811 54.789600
203.584400 53.933130
203.263976 53.084996
202.942540 52.245198
202.620090 51.413735
202.296627 50.590609
201.972151 49.775819
201.646662 48.969364
201.320159 48.171246
200.992644 47.381464
200.664116 46.600017
200.334574 45.826907
200.004020 45.062132
199.672452 44.305694
199.339872 43.557591
199.006278 42.817825
198.671671 42.086394
198.336051 41.363299
197.999418 40.648541
197.661772 39.942118
197.323113 39.244031
196.983440 38.554281
196.642755 37.872866
196.301056 37.199787
195.958345 36.535044
195.614620 35.878637
195.269883 35.230566
194.924132 34.590832
194.577368 33.959433
194.229591 33.336370
193.880801 32.721643
193.530998 32.115252
193.180182 31.517197
192.828352 30.927478
192.475510 30.346094
192.121654 29.773047
191.766786 29.208336
191.410904 28.651961
191.054010 28.103922
190.696102 27.564219
190.337181 27.032851
189.977247 26.509820
189.616300 25.995125
189.254340 25.488765
188.891367 24.990742
188.527380 24.501055
188.162381 24.019703
187.796368 23.546688
187.429343 23.082008
187.061304 22.625665
186.692253 22.177657
186.322188 21.737986
185.951110 21.306650
185.579019 20.883650
185.205915 20.468987
184.831798 20.062659
184.456667 19.664667
184.080524 19.275012
183.703368 18.893692
183.325198 18.520708
182.946016 18.156060
182.565820 17.799748
182.184611 17.451773
181.802390 17.112133
181.419155 16.780829
181.034907 16.457861
180.649646 16.143229
180.263372 15.836933
179.876084 15.538973
179.487784 15.249349
179.098471 14.968061
178.708144 14.695108
178.316805 14.430492
177.924452 14.174212
177.531086 13.926268
177.136707 13.686660
176.741316 13.455387
176.344911 13.232451
175.947492 13.017851
175.549061 12.811587
175.149617 12.613658
174.749160 12.424066
174.347689 12.242809
173.945206 12.069889
173.541709 11.905304
173.137200 11.749056
172.731677 11.601143
172.325141 11.461567
171.917592 11.330326
171.509030 11.207422
171.099455 11.092853
170.688867 10.986620
170.277266 10.888724
169.864652 10.799163
169.451024 10.717938
169.036384 10.645049
168.620730 10.580497
168.204063 10.524280
167.786384 10.476399
167.367691 10.436854
166.947985 10.405645
166.527266 10.382772
166.105534 10.368235
165.682789 10.362034
165.259030 10.364169
164.834259 10.374640
164.408475 10.393447
163.981677 10.420590
163.553867 10.456069
163.125043 10.499884
162.695206 10.552035
162.264356 10.612521
161.832494 10.681344
161.399618 10.758503
160.965728 10.843998
160.530826 10.937828
160.094928 11.038443
159.658134 11.136533
159.220461 11.230546
158.781909 11.320483
158.342479 11.406342
157.902170 11.488125
157.460982 11.565831
157.018915 11.639461
156.575969 11.709013
156.132145 11.774489
155.687442 11.835888
155.241859 11.893210
154.795399 11.946456
154.348059 11.995625
153.899841 12.040717
153.450743 12.081732
153.000767 12.118671
152.549913 12.151533
152.098179 12.180318
151.645567 12.205026
151.192075 12.225658
150.737705 12.242212
150.282457 12.254690
149.826329 12.263092
149.369323 12.267416
148.911437 12.267664
148.452673 12.263835
147.993031 12.255929
147.532509 12.243947
147.071109 12.227887
146.608830 12.207751
146.145672 12.183539
145.681635 12.155249
145.216719 12.122883
144.750925 12.086440
144.284252 12.045920
143.816700 12.001323
143.348269 11.952650
142.878959 11.899900
142.408771 11.843073
141.937704 11.782170
141.465758 11.717189
140.992933 11.648132
140.519230 11.574998
140.044647 11.497788
139.569186 11.416500
139.092846 11.331136
138.615627 11.241695
138.137530 11.148178
137.658554 11.050583
137.178698 10.948912
136.697965 10.843164
136.216352 10.733340
135.733860 10.619438
135.250490 10.501460
134.766241 10.379405
134.281113 10.253273
133.795106 10.123065
133.308221 9.988780
132.820456 9.850418
132.331813 9.707979
131.842291 9.561464
131.351891 9.410872
130.860611 9.256203
130.368453 9.097457
129.875416 8.934634
129.381500 8.767735
128.886705 8.596759
128.391032 8.421707
127.894479 8.242577
127.397048 8.059371
126.898738 7.872088
126.399550 7.680728
125.899482 7.485291
125.398536 7.285778
124.896711 7.082188
124.394007 6.874521
123.890424 6.662778
123.385963 6.446958
122.880623 6.227061
122.374404 6.003087
121.867306 5.775036
121.359329 5.542909
120.850474 5.306705
120.340739 5.066424
119.830126 4.822066
119.318635 4.573632
118.806264 4.321121
118.293014 4.064533
117.778886 3.803868
117.263879 3.539127
116.747993 3.270309
116.231229 2.997414
115.713585 2.720442
115.195063 2.439394
114.675662 2.154269
114.155382 1.865067
113.634224 1.571788
113.112186 1.274433
112.589270 0.973001
112.065475 0.667492
111.540801 0.357906
111.015248 0.044244
110.488817 -0.273495
109.961507 -0.595311
109.433318 -0.921204
108.904250 -1.251173
108.374303 -1.585220
107.843478 -1.923343
107.311774 -2.265542
106.779191 -2.611819
106.245729 -2.962172
105.711388 -3.316602
105.176169 -3.675109
104.640071 -4.037692
104.103094 -4.404353
103.565238 -4.775090
103.026504 -5.149903
102.486890 -5.528794
101.946398 -5.911761
101.405027 -6.298805
100.862777 -6.689926
100.319649 -7.085123
99.775641 -7.484398
99.230755 -7.887749
98.684951 -8.291217
98.138132 -8.685126
97.590296 -9.069033
97.041440 -9.442941
96.491566 -9.806848
95.940673 -10.160755
95.388762 -10.504661
94.835832 -10.838568
94.281884 -11.162473
93.726917 -11.476379
93.170932 -11.780284
92.613928 -12.074189
92.055906 -12.358093
91.496865 -12.631997
90.936805 -12.895901
90.375727 -13.149805
89.813631 -13.393708
89.250516 -13.627611
88.686382 -13.851513
88.121230 -14.065415
87.555059 -14.269317
86.987870 -14.463218
86.419662 -14.647119
85.850436 -14.821020
85.280191 -14.984920
84.708927 -15.138821
84.136645 -15.282720
83.563345 -15.416620
82.989026 -15.540519
82.413688 -15.654417
81.837332 -15.758316
81.259957 -15.852214
80.681564 -15.936111
80.102152 -16.010009
79.521722 -16.073906
78.940273 -16.127802
78.357805 -16.171699
77.774319 -16.205595
77.189815 -16.229490
76.604292 -16.243386
76.017750 -16.247281
75.430190 -16.241175
74.841611 -16.225070
74.252014 -16.198963
73.661398 -16.162857
73.069764 -16.116750
72.477111 -16.060643
71.883440 -15.994536
71.288750 -15.918428
70.693042 -15.832320
70.096314 -15.736212
69.498569 -15.630103
68.899805 -15.513994
68.300022 -15.387884
67.699221 -15.251774
67.097401 -15.105664
66.494563 -14.949554
65.890706 -14.783443
65.285831 -14.607332
64.679937 -14.421220
64.073024 -14.225109
63.465093 -14.018996
62.856144 -13.802884
62.246176 -13.576771
61.635189 -13.340658
61.023184 -13.094544
60.410160 -12.838431
59.796118 -12.572316
59.181057 -12.296202
58.564978 -12.010087
57.947880 -11.713972
57.329764 -11.407856
56.710629 -11.091740
56.090475 -10.765624
55.469303 -10.429507
54.847113 -10.083391
54.223904 -9.727273
53.599676 -9.361156
52.974430 -8.985038
52.348165 -8.598920
51.720882 -8.202801
51.092580 -7.796682
50.463259 -7.380563
49.832920 -6.954443
49.201563 -6.518323
48.569187 -6.072203
47.935792 -5.616082
47.301379 -5.149961
46.665948 -4.673840
46.029497 -4.187718
45.392029 -3.691596
44.753541 -3.185474
44.114036 -2.669351
43.473511 -2.143228
42.831968 -1.607105
42.189407 -1.060981
41.545827 -0.504857
40.901229 0.061267
40.255611 0.637392
39.608976 1.223517
38.961322 1.819643
38.312649 2.425768
37.662958 3.041894
37.012248 3.668021
36.360520 4.304148
35.707773 4.950275
35.054007 5.606402
34.399223 6.272530
33.743421 6.948658
33.086600 7.634786
32.428760 8.330915
31.769902 9.037044
31.110026 9.753174
30.449130 10.479304
29.787217 11.215434
29.124284 11.961564
28.460334 12.717695
27.795364 13.483826
27.129376 14.259958
26.462370 15.046090
25.794345 15.842222
25.125301 16.648354
24.455239 17.464487
23.784159 18.290620
23.112059 19.126754
