296.065172 -48.429474
293.830226 -43.691852
291.613414 -39.004373
289.414738 -34.367039
287.234197 -29.779849
285.071791 -25.242802
282.927520 -20.755900
280.801385 -16.319142
278.693384 -11.932527
276.603519 -7.596057
274.531789 -3.309730
272.478194 0.926452
270.442734 5.112491
268.425410 9.248385
266.426220 13.334136
264.445166 17.369742
262.482246 21.355205
260.537462 25.290523
258.610813 29.175698
256.702299 33.010728
254.811921 36.795615
252.939677 40.530357
251.085569 44.214956
249.249596 47.849411
247.431758 51.433721
245.632055 54.967888
243.850487 58.451911
242.087054 61.885789
240.341757 65.269524
238.614594 68.603115
236.905567 71.886562
235.214675 75.119864
233.541918 78.303023
231.887296 81.436038
230.250810 84.518909
228.632458 87.551636
227.032242 90.534219
225.450161 93.466657
223.886215 96.348952
222.340404 99.181103
220.812728 101.963110
219.303188 104.694973
217.811782 107.376692
216.338512 110.008267
214.883377 112.589698
213.446377 115.120985
212.027512 117.602128
210.626782 120.033127
209.244187 122.413982
207.879728 124.744693
206.533404 127.025260
205.205215 129.255683
203.895161 131.435962
202.603242 133.566098
201.329458 135.646089
200.073809 137.675936
198.836296 139.655639
197.616918 141.585198
196.415675 143.464614
195.232567 145.293885
194.067594 147.073012
192.920756 148.801995
191.792054 150.480835
190.681486 152.109530
189.589054 153.688081
188.514757 155.216488
187.458595 156.694752
186.420568 158.122871
185.400677 159.500847
184.398920 160.828678
183.415299 162.106365
182.449813 163.333909
181.502461 164.511308
180.573246 165.638564
179.662165 166.715675
178.769219 167.742643
177.894409 168.719466
177.037733 169.646146
176.199193 170.522681
175.378788 171.349073
174.576518 172.125320
173.792383 172.851424
173.026384 173.527384
172.278519 174.153199
171.548790 174.728871
170.837196 175.254399
170.143737 175.729782
169.468413 176.155022
168.811224 176.530118
168.172171 176.855069
167.551252 177.129877
166.948469 177.354541
166.363821 177.529061
165.797308 177.653436
165.248930 177.727668
164.718687 177.751756
164.206580 177.725700
163.712607 177.649500
163.236770 177.523156
162.779068 177.346667
162.339501 177.120035
161.918069 176.843259
161.514772 176.516339
161.129611 176.139275
160.762585 175.712067
160.413693 175.234715
160.082937 174.707219
159.770316 174.129579
159.475830 173.501795
159.199480 172.823867
158.941264 172.095795
158.701184 171.317579
158.479239 170.489219
158.275429 169.610716
158.089754 168.682068
157.922214 167.703276
157.772809 166.674340
157.641540 165.595260
157.528405 164.466036
157.433406 163.286669
157.356542 162.057157
157.297813 160.777501
157.257220 159.447701
157.234761 158.067758
157.230437 156.637670
157.243679 155.159320
157.261947 153.674110
157.280111 152.198978
157.298171 150.733923
157.316127 149.278945
157.333980 147.834044
157.351729 146.399221
157.369374 144.974475
157.386916 143.559806
157.404353 142.155214
157.421687 140.760700
157.438918 139.376263
157.456044 138.001903
157.473067 136.637620
157.489986 135.283415
157.506801 133.939287
157.523513 132.605236
157.540120 131.281262
157.556624 129.967366
157.573025 128.663547
157.589321 127.369805
157.605514 126.086141
157.621603 124.812554
157.637588 123.549044
157.653470 122.295611
157.669248 121.052256
157.684922 119.818978
157.700492 118.595777
157.715959 117.382653
157.731321 116.179607
157.746581 114.986638
157.761736 113.803746
157.776788 112.630931
157.791735 111.468194
157.806579 110.315534
157.821320 109.172951
157.835957 108.040445
157.850489 106.918017
157.864919 105.805666
157.879244 104.703392
157.893466 103.611196
157.907584 102.529077
157.921598 101.457035
157.935508 100.395070
157.949315 99.343183
157.963018 98.301373
157.976617 97.269640
157.990112 96.247984
158.003504 95.236406
158.016792 94.234905
158.029976 93.243481
158.043057 92.262134
158.056034 91.290865
158.068907 90.329673
158.081676 89.378558
158.094341 88.437521
158.106903 87.506560
158.119361 86.585677
158.131715 85.674872
158.143966 84.774143
158.156113 83.883492
158.168156 83.002918
158.180095 82.132421
158.191931 81.272002
158.203662 80.421660
158.215290 79.581395
158.226815 78.751207
158.238235 77.931097
158.249552 77.121064
158.260765 76.321108
158.271875 75.531229
158.282880 74.751428
158.293782 73.981704
158.304580 73.222057
158.315275 72.472488
158.325865 71.732995
158.336352 71.003580
158.346735 70.284243
158.357015 69.574982
158.367190 68.875799
158.377262 68.186693
158.387230 67.507664
158.397095 66.838713
158.406855 66.179839
158.416512 65.531042
158.426066 64.892322
158.435515 64.263680
158.444861 63.645115
158.454103 63.036627
158.463241 62.438216
158.472275 61.849883
158.481206 61.271627
158.490033 60.703448
158.498756 60.145347
158.507376 59.597322
158.515892 59.059375
158.524304 58.531506
158.532612 58.013713
158.540816 57.505998
158.548917 57.008360
158.556914 56.520799
158.564808 56.043316
158.572597 55.575910
158.580283 55.118581
158.587865 54.671329
158.595343 54.234155
158.602718 53.807058
158.609989 53.390038
158.617156 52.983095
158.624219 52.586230
158.631179 52.199442
158.638035 51.822731
158.644787 51.456098
158.651435 51.099542
158.657980 50.753063
158.664421 50.416661
158.670758 50.090336
158.676991 49.774089
158.683121 49.467919
158.689147 49.171827
158.695069 48.885811
158.700887 48.609873
158.706602 48.344012
158.712213 48.088228
158.717720 47.842522
158.722359 47.605778
158.721546 47.371308
158.714515 47.137998
158.701266 46.905846
158.681801 46.674854
158.656118 46.445021
158.624218 46.216347
158.586101 45.988833
158.541766 45.762478
158.491215 45.537281
158.434446 45.313245
158.371459 45.090367
158.302256 44.868649
158.226835 44.648089
158.145197 44.428689
158.057342 44.210449
157.963270 43.993367
157.862980 43.777445
157.756473 43.562682
157.643749 43.349078
157.524807 43.136633
157.399649 42.925348
157.268273 42.715222
157.130680 42.506255
156.986869 42.298447
156.836842 42.091799
156.680597 41.886309
156.518135 41.681979
156.349455 41.478808
156.174559 41.276797
155.993445 41.075944
155.806114 40.876251
155.612565 40.677717
155.412800 40.480343
155.206817 40.284127
154.994617 40.089071
154.776200 39.895174
154.551565 39.702436
154.320713 39.510858
154.083644 39.320438
153.840358 39.131178
153.590854 38.943077
153.335134 38.756135
153.073196 38.570353
152.805040 38.385730
152.530668 38.202266
152.250078 38.019961
151.963271 37.838815
151.670247 37.658829
151.371006 37.480002
151.065547 37.302334
150.753871 37.125825
150.435978 36.950476
150.111867 36.776286
149.781540 36.603255
149.444995 36.431383
149.102233 36.260670
148.753253 36.091117
148.398056 35.922723
148.036643 35.755488
147.669011 35.589412
147.295163 35.424496
146.915097 35.260739
146.528815 35.098141
146.136314 34.936702
145.737597 34.776422
145.332662 34.617302
144.921511 34.459341
144.504142 34.302539
144.080555 34.146896
143.650752 33.992413
143.214731 33.839089
142.772493 33.686924
142.324038 33.535918
141.869365 33.386072
141.408475 33.237384
140.941368 33.089856
140.468044 32.943487
139.988502 32.798278
139.502744 32.654227
139.010768 32.511336
138.512574 32.369604
138.008164 32.229031
137.497536 32.089618
136.980691 31.951364
136.457629 31.814269
135.928349 31.678333
135.392853 31.543556
134.851139 31.409939
134.303208 31.277480
133.749059 31.146182
133.188694 31.016042
132.622111 30.887061
132.049310 30.759240
131.470293 30.632578
130.885058 30.507075
130.293607 30.382732
129.695937 30.259547
129.092051 30.137522
128.481947 30.016656
127.865627 29.896949
127.243088 29.778402
126.614333 29.661014
125.979360 29.544785
125.338171 29.429715
124.690764 29.315804
124.037139 29.203053
123.377298 29.091461
122.711239 28.981028
122.038963 28.871754
121.360470 28.763640
120.675759 28.656684
119.984831 28.550888
119.287686 28.446252
118.584324 28.342774
117.874744 28.240456
117.158948 28.139297
116.436934 28.039297
115.708702 27.940456
114.974254 27.842775
114.233588 27.746252
113.486705 27.650889
112.733605 27.556686
111.974288 27.463641
111.208753 27.371756
110.439282 27.279962
109.671449 27.185651
108.905509 27.088704
108.141461 26.989121
107.379305 26.886902
106.619042 26.782047
105.860670 26.674556
105.104191 26.564428
104.349604 26.451665
103.596909 26.336266
102.846107 26.218230
102.097196 26.097559
101.350178 25.974251
100.605052 25.848308
99.861818 25.719728
99.120477 25.588512
98.381028 25.454661
97.643470 25.318173
96.907805 25.179049
96.174033 25.037289
95.442152 24.892893
94.712164 24.745861
93.984067 24.596193
93.257863 24.443889
92.533552 24.288949
91.811132 24.131373
91.090605 23.971160
90.371969 23.808312
89.655226 23.642828
88.940376 23.474707
88.227417 23.303951
87.516351 23.130559
86.807176 22.954530
86.099894 22.775865
85.394504 22.594565
84.691007 22.410628
83.989401 22.224055
83.289688 22.034846
82.591867 21.843002
81.895938 21.648521
81.201902 21.451404
80.509757 21.251651
79.819505 21.049262
79.131145 20.844237
78.444677 20.636576
77.760102 20.426278
77.077418 20.213345
76.396627 19.997776
75.717728 19.779570
75.040721 19.558729
74.365607 19.335252
73.692384 19.109138
73.021054 18.880388
72.351616 18.649003
71.684070 18.414981
71.018417 18.178324
70.354655 17.939030
69.692786 17.697100
69.032809 17.452534
68.374724 17.205332
67.718531 16.955494
67.064231 16.703020
66.411823 16.447910
65.761307 16.190164
65.112683 15.929782
64.465951 15.666764
63.821112 15.401109
63.178165 15.132819
62.537110 14.861893
61.897947 14.588330
61.260676 14.312132
60.625298 14.033297
59.991811 13.751827
59.360217 13.467720
58.730515 13.180977
58.102706 12.891599
57.476788 12.599584
56.852763 12.304933
56.230630 12.007646
55.610389 11.707723
54.992041 11.405164
54.375584 11.099969
53.761020 10.792138
53.148348 10.481671
52.537568 10.168568
51.928680 9.852829
51.321685 9.534453
50.716582 9.213442
50.113371 8.889795
49.512052 8.563511
48.912625 8.234592
48.315091 7.903036
47.719448 7.568845
47.125698 7.232017
46.533840 6.892553
45.943875 6.550454
45.355801 6.205718
44.769620 5.858346
44.185331 5.508338
43.602934 5.155694
43.022430 4.800414
42.443817 4.442498
41.867097 4.081946
41.292269 3.718758
40.719333 3.352934
40.148289 2.984474
39.579138 2.613377
39.011878 2.239645
38.446511 1.863277
37.883037 1.484272
37.321454 1.102632
36.761763 0.718355
36.203965 0.331443
35.648059 -0.058106
35.094045 -0.450291
34.541923 -0.845112
33.991694 -1.242568
33.443357 -1.642661
32.896912 -2.045390
32.352359 -2.450755
31.809698 -2.858756
31.268930 -3.269393
30.730053 -3.682666
30.193069 -4.098575
29.657977 -4.517121
