299.999927 -0.209439
298.050951 2.599375
296.114756 5.364145
294.191339 8.084872
292.280702 10.761554
290.382844 13.394194
288.497766 15.982789
286.625467 18.527341
284.765947 21.027848
282.919207 23.484312
281.085246 25.896733
279.264065 28.265109
277.455663 30.589442
275.660041 32.869731
273.877197 35.105977
272.107134 37.298178
270.349849 39.446336
268.605345 41.550450
266.873619 43.610521
265.154673 45.626547
263.448506 47.598530
261.755119 49.526469
260.074511 51.410365
258.406683 53.250216
256.751634 55.046024
255.109364 56.797788
253.479874 58.505509
251.863163 60.169185
250.259232 61.788818
248.668080 63.364407
247.089707 64.895952
245.524114 66.383454
243.971300 67.826912
242.431266 69.226326
240.904011 70.581696
239.389536 71.893023
237.887840 73.160306
236.398923 74.383545
234.922785 75.562740
233.459428 76.697892
232.008849 77.789000
230.571050 78.836064
229.146030 79.839084
227.733790 80.798061
226.334329 81.712994
224.947648 82.583883
223.573746 83.410728
222.212623 84.193530
220.864280 84.932288
219.528716 85.627002
218.205932 86.277672
216.895927 86.884299
215.598701 87.446881
214.314255 87.965420
213.042588 88.439916
211.783701 88.870367
210.537593 89.256775
209.304264 89.599139
208.083715 89.897460
206.875945 90.151736
205.680955 90.361969
204.498744 90.528158
203.329313 90.650304
202.172660 90.728405
201.028788 90.762463
199.897694 90.752477
198.779381 90.698447
197.673846 90.600374
196.581091 90.458257
195.501115 90.272096
194.433919 90.041891
193.379502 89.767643
192.337865 89.449351
191.309007 89.087015
190.292928 88.680635
189.289629 88.230212
188.299109 87.735745
187.321369 87.197234
186.356408 86.614679
185.404226 85.988081
184.464824 85.317439
183.538201 84.602753
182.624358 83.844023
181.723294 83.041250
180.835009 82.194432
179.959504 81.303571
179.096778 80.368667
178.246832 79.389718
177.409665 78.366726
176.585278 77.299690
175.773670 76.188611
174.974841 75.033487
174.188792 73.834320
173.415522 72.591109
172.655031 71.303854
171.907320 69.972556
171.172389 68.597214
170.450236 67.177828
169.740864 65.714398
169.044270 64.206925
168.360456 62.655408
167.689422 61.059847
167.031166 59.420242
166.385691 57.736594
165.752994 56.008902
165.133077 54.237166
164.525940 52.421386
163.931581 50.561563
163.350003 48.657695
162.781203 46.709785
162.225183 44.717830
161.681943 42.681831
161.151482 40.601789
160.633800 38.477703
160.128898 36.309574
159.636775 34.097400
159.157431 31.841183
158.690867 29.540922
158.237083 27.196617
157.796077 24.808269
157.367851 22.375877
156.952405 19.899441
156.549738 17.378961
156.159850 14.814438
155.782742 12.205871
155.418124 9.555732
155.059623 6.918403
154.704633 4.316131
154.353154 1.748917
154.005186 -0.783241
153.660729 -3.280341
153.319783 -5.742384
152.982347 -8.169369
152.648423 -10.561298
152.318009 -12.918169
151.991107 -15.239983
151.667715 -17.526739
151.347834 -19.778439
151.031464 -21.995081
150.718605 -24.176666
150.409257 -26.323194
150.103420 -28.434665
149.801094 -30.511078
149.502279 -32.552434
149.206974 -34.558733
148.915181 -36.529975
148.626898 -38.466159
148.342127 -40.367286
148.060866 -42.233356
147.783116 -44.064369
147.508877 -45.860325
147.238149 -47.621223
146.970932 -49.347064
146.707226 -51.037848
146.447030 -52.693575
146.190346 -54.314244
145.937172 -55.899857
145.687510 -57.450412
145.441358 -58.965909
145.198717 -60.446350
144.959588 -61.891733
144.723969 -63.302059
144.491861 -64.677328
144.263263 -66.017540
144.038177 -67.322694
143.816602 -68.592792
143.598538 -69.827832
143.383984 -71.027814
143.172942 -72.192740
142.965410 -73.322608
142.761389 -74.417419
142.560879 -75.477173
142.363880 -76.501870
142.170392 -77.491509
141.980415 -78.446092
141.793949 -79.365617
141.610994 -80.250084
141.431549 -81.099495
141.255616 -81.913848
141.083193 -82.693144
140.914282 -83.437383
140.748881 -84.146565
140.586991 -84.820689
140.428612 -85.459757
140.273744 -86.063767
140.122387 -86.632719
139.974541 -87.166615
139.830206 -87.665453
139.689381 -88.129234
139.552068 -88.557958
139.418265 -88.951625
139.287974 -89.310234
139.161193 -89.633786
139.037923 -89.922281
138.918164 -90.175719
138.801916 -90.394100
138.689179 -90.577423
138.579953 -90.725689
138.474238 -90.838898
138.372033 -90.917049
138.273340 -90.960144
138.178157 -90.968181
138.086486 -90.941161
137.998325 -90.879084
137.913675 -90.781949
137.832536 -90.649758
137.754908 -90.482509
137.680791 -90.280202
137.610185 -90.042839
137.543090 -89.770418
137.479505 -89.462941
137.419432 -89.120406
137.362869 -88.742813
137.309818 -88.330164
137.260277 -87.882457
137.214247 -87.399693
137.171728 -86.881872
137.132720 -86.328994
137.097223 -85.741058
137.065237 -85.118065
137.036762 -84.460015
137.011797 -83.766908
136.990344 -83.038743
136.972401 -82.275522
136.957970 -81.477243
136.947049 -80.643906
136.939639 -79.775513
136.935740 -78.872062
136.935352 -77.933555
136.938475 -76.959989
136.945109 -75.951367
136.955254 -74.907688
136.968910 -73.828951
136.986076 -72.715157
137.006754 -71.566306
137.030942 -70.382397
137.058641 -69.163432
137.089852 -67.909409
137.124573 -66.620329
137.162805 -65.296191
137.204548 -63.936997
137.249801 -62.542745
137.298566 -61.113436
137.350842 -59.649070
137.406628 -58.149647
137.465926 -56.615166
137.528734 -55.045628
137.595054 -53.441033
137.664884 -51.801381
137.738225 -50.126671
137.813603 -48.423741
137.882177 -46.733610
137.942473 -45.063116
137.994491 -43.412258
138.038230 -41.781036
138.073691 -40.169450
138.100874 -38.577501
138.119779 -37.005187
138.130406 -35.452510
138.132755 -33.919469
138.126825 -32.406065
138.112618 -30.912296
138.090132 -29.438164
138.059368 -27.983668
138.020326 -26.548808
137.973005 -25.133585
137.917407 -23.737997
137.853530 -22.362046
137.781376 -21.005731
137.700943 -19.669052
137.612232 -18.352010
137.515243 -17.054603
137.409975 -15.776833
137.296430 -14.518699
137.174606 -13.280201
137.044504 -12.061340
136.906124 -10.862114
136.759466 -9.682525
136.604530 -8.522572
136.441315 -7.382256
136.269823 -6.261575
136.090052 -5.160531
135.902003 -4.079123
135.705676 -3.017351
135.501071 -1.975215
135.288187 -0.952716
135.067026 0.050147
134.837586 1.033374
134.599868 1.996965
134.353872 2.940920
134.099598 3.865238
133.837046 4.769920
133.566216 5.654966
133.287107 6.520376
132.999720 7.366150
132.704055 8.192287
132.400112 8.998788
132.087891 9.785653
131.767392 10.552882
131.438614 11.300474
131.101558 12.028431
130.756225 12.736751
130.402613 13.425435
130.040723 14.094482
129.670554 14.743894
129.292108 15.373669
128.905383 15.983808
128.510380 16.574311
128.107099 17.145178
127.695540 17.696408
127.275703 18.228002
126.847588 18.739960
126.411194 19.232282
125.966523 19.704968
125.513573 20.158017
125.052345 20.591430
124.582839 21.005207
124.105054 21.399348
123.618992 21.773852
123.124651 22.128721
122.622032 22.463953
122.111135 22.779549
121.591960 23.075509
121.064507 23.351832
120.528776 23.608519
119.984766 23.845570
119.432479 24.062985
118.871913 24.260764
118.303069 24.438906
117.725947 24.597413
117.140546 24.736283
116.546868 24.855517
115.944911 24.955114
115.334676 25.035076
114.716163 25.095401
114.089372 25.136090
113.454303 25.157143
112.810956 25.158559
112.159330 25.140339
111.499426 25.102484
110.831245 25.044992
110.154785 24.967863
109.470046 24.871099
108.777030 24.754698
108.075736 24.618661
107.366163 24.462988
106.648312 24.287679
105.922183 24.092733
105.187776 23.878152
104.445091 23.643934
103.694127 23.390079
102.934886 23.116589
102.167366 22.823463
101.391568 22.510700
100.607492 22.178301
99.815138 21.826266
99.014506 21.454594
98.205595 21.063287
97.388407 20.652343
96.562940 20.221763
95.729195 19.771546
94.887172 19.301694
94.036871 18.812205
93.178291 18.303081
92.311434 17.774319
91.436298 17.225922
90.552884 16.657889
89.661192 16.070219
88.761222 15.462913
87.852974 14.835971
86.936447 14.189393
86.011642 13.523178
85.078560 12.837327
84.137199 12.131840
83.187560 11.406717
82.234052 10.671174
81.287458 9.947740
80.348266 9.237439
79.416477 8.540270
78.492091 7.856235
77.575108 7.185332
76.665527 6.527562
75.763348 5.882925
74.868573 5.251421
73.981200 4.633050
73.101230 4.027812
72.228662 3.435706
71.363497 2.856734
70.505735 2.290894
69.655376 1.738188
68.812419 1.198614
67.976865 0.672173
67.148714 0.158865
66.327965 -0.341310
65.514619 -0.828352
64.708676 -1.302262
63.910135 -1.763038
63.118997 -2.210682
62.335262 -2.645193
61.558930 -3.066570
60.790000 -3.474815
60.028472 -3.869927
59.274348 -4.251907
58.527626 -4.620753
57.788307 -4.976466
57.056391 -5.319047
56.331877 -5.648494
55.614766 -5.964809
54.905058 -6.267991
54.202752 -6.558040
53.507849 -6.834956
52.820349 -7.098739
52.140251 -7.349390
51.467556 -7.586907
50.802264 -7.811292
50.144374 -8.022543
49.493887 -8.220662
48.850803 -8.405648
48.215122 -8.577501
47.586843 -8.736221
46.965967 -8.881808
46.352493 -9.014262
45.746423 -9.133584
45.147755 -9.239772
44.556489 -9.332828
43.972627 -9.412751
43.396167 -9.479541
42.827109 -9.533198
42.265455 -9.573722
41.711203 -9.601113
41.164354 -9.615371
40.624907 -9.616497
40.092863 -9.604490
39.568222 -9.579349
39.050983 -9.541076
38.541148 -9.489670
38.038715 -9.425131
37.543684 -9.347459
37.056056 -9.256654
36.575831 -9.152717
36.103009 -9.035646
35.637589 -8.905443
35.179572 -8.762107
34.728958 -8.605637
34.285746 -8.436035
33.849938 -8.253300
33.421531 -8.057433
33.000528 -7.848432
32.586927 -7.626298
32.180729 -7.391032
31.781933 -7.142632
31.390541 -6.881100
31.006550 -6.606435
30.629963 -6.318637
30.260778 -6.017706
29.898996 -5.703642
29.544617 -5.376446
29.197640 -5.036116
28.858066 -4.682653
28.525895 -4.316058
28.201126 -3.936330
27.883760 -3.543469
27.573797 -3.137475
27.271237 -2.718348
26.976079 -2.286088
26.688324 -1.840695
26.407971 -1.382170
26.135021 -0.910511
25.869474 -0.425720
25.611330 0.072204
25.360588 0.583261
25.117249 1.107451
24.881313 1.644774
24.652779 2.195230
24.431648 2.758819
24.217920 3.335540
24.011594 3.925395
23.812671 4.528382
23.621151 5.144502
23.437034 5.773755
23.260319 6.416141
23.091007 7.071660
22.929097 7.740312
22.774590 8.422096
22.627486 9.117014
22.487785 9.825064
22.355486 10.546248
22.230590 11.280564
22.113097 12.028013
22.003006 12.788595
21.900318 13.562310
21.805033 14.349157
21.717150 15.149138
21.636670 15.962251
21.563593 16.788498
21.497918 17.627877
21.439647 18.480389
21.388777 19.346034
21.345311 20.224812
21.309247 21.116723
