299.540957 16.589615
296.988002 19.875801
294.454147 23.108696
291.939389 26.288300
289.443730 29.414614
286.967168 32.487635
284.509706 35.507366
282.071341 38.473806
279.652075 41.386955
277.251906 44.246812
274.870837 47.053379
272.508865 49.806654
270.165992 52.506639
267.842216 55.153332
265.537540 57.746734
263.251961 60.286845
260.985481 62.773665
258.738098 65.207193
256.509815 67.587431
254.300629 69.914378
252.110542 72.188033
249.939552 74.408398
247.787662 76.575471
245.654869 78.689253
243.541175 80.749744
241.446579 82.756944
239.371081 84.710853
237.314681 86.611471
235.277380 88.458797
233.259177 90.252833
231.260072 91.993577
229.280065 93.681031
227.319157 95.315193
225.377347 96.896064
223.454635 98.423644
221.551021 99.897933
219.666506 101.318931
217.801089 102.686637
215.954770 104.001053
214.127550 105.262178
212.319427 106.470011
210.530403 107.624553
208.760477 108.725805
207.009650 109.773765
205.277920 110.768434
203.565289 111.709812
201.871757 112.597898
200.197322 113.432694
198.541986 114.214199
196.905748 114.942412
195.288608 115.617335
193.690566 116.238966
192.111623 116.807306
190.551778 117.322355
189.011031 117.784113
187.489383 118.192580
185.986832 118.547756
184.503380 118.849641
183.039026 119.098234
181.593771 119.293537
180.167614 119.435548
178.760555 119.524268
177.372594 119.559697
176.003731 119.541836
174.653967 119.470682
173.323301 119.346238
172.011733 119.168503
170.719264 118.937477
169.445892 118.653159
168.191619 118.315551
166.956445 117.924651
165.740368 117.480460
164.543390 116.982979
163.365510 116.432206
162.206728 115.828142
161.067044 115.170786
159.946459 114.460140
158.844972 113.696203
157.762583 112.878974
156.699293 112.008455
155.655101 111.084644
154.630007 110.107542
153.624011 109.077149
152.637113 107.993466
151.669314 106.856490
150.720613 105.666224
149.791010 104.422667
148.880506 103.125819
147.989100 101.775679
147.116792 100.372249
146.263582 98.915527
145.429470 97.405514
144.614457 95.842210
143.818542 94.225615
143.041725 92.555729
142.284007 90.832552
141.545387 89.056084
140.825865 87.226324
140.125441 85.343274
139.444116 83.406932
138.781888 81.417299
138.138759 79.374376
137.514729 77.278161
136.909796 75.128655
136.323962 72.925858
135.757226 70.669769
135.209588 68.360390
134.681049 65.997720
134.171608 63.581758
133.681265 61.112505
133.210020 58.589962
132.757873 56.014127
132.324825 53.385001
131.910875 50.702584
131.516024 47.966876
131.140270 45.177877
130.783615 42.335586
130.446058 39.440005
130.127599 36.491132
129.828239 33.488969
129.547977 30.433514
129.286813 27.324768
129.044747 24.162731
128.821780 20.947403
128.617910 17.678784
128.432653 14.359730
128.255309 11.053074
128.081501 7.784521
127.911228 4.554071
127.744492 1.361725
127.581292 -1.792519
127.421627 -4.908660
127.265499 -7.986697
127.112907 -11.026632
126.963851 -14.028463
126.818331 -16.992192
126.676346 -19.917817
126.537898 -22.805340
126.402986 -25.654759
126.271610 -28.466075
126.143770 -31.239289
126.019466 -33.974399
125.898698 -36.671406
125.781466 -39.330311
125.667770 -41.951112
125.557610 -44.533810
125.450986 -47.078405
125.347898 -49.584897
125.248346 -52.053287
125.152330 -54.483573
125.059851 -56.875756
124.970907 -59.229836
124.885499 -61.545813
124.803627 -63.823687
124.725291 -66.063458
124.650492 -68.265126
124.579228 -70.428690
124.511500 -72.554152
124.447308 -74.641511
124.386653 -76.690767
124.329533 -78.701920
124.275949 -80.674969
124.225902 -82.609916
124.179390 -84.506760
124.136415 -86.365501
124.096975 -88.186138
124.061072 -89.968673
124.028704 -91.713104
123.999873 -93.419433
123.974577 -95.087658
123.952818 -96.717781
123.934594 -98.309800
123.919907 -99.863717
123.908755 -101.379530
123.901140 -102.857240
123.897061 -104.296848
123.896517 -105.698352
123.899510 -107.061753
123.906039 -108.387052
123.916103 -109.674247
123.929704 -110.923339
123.946841 -112.134328
123.967514 -113.307214
123.991723 -114.441997
124.019467 -115.538677
124.050748 -116.597255
124.085565 -117.617729
124.123918 -118.600100
124.165807 -119.544367
124.211232 -120.450532
124.260193 -121.318594
124.312690 -122.148553
124.368723 -122.940409
124.428292 -123.694162
124.491397 -124.409812
124.558038 -125.087358
124.628215 -125.726802
124.701928 -126.328143
124.779177 -126.891380
124.859962 -127.416515
124.944284 -127.903547
125.032141 -128.352475
125.123534 -128.763301
125.218463 -129.136023
125.316928 -129.470643
125.418930 -129.767159
125.524467 -130.025573
125.633540 -130.245883
125.746150 -130.428090
125.862295 -130.572195
125.981976 -130.678196
126.105194 -130.746094
126.231947 -130.775890
126.362236 -130.767582
126.496062 -130.721171
126.633423 -130.636657
126.774321 -130.514040
126.918754 -130.353320
127.066724 -130.154498
127.218229 -129.917572
127.373271 -129.642543
127.531849 -129.329411
127.693962 -128.978176
127.859612 -128.588837
128.028798 -128.161396
128.201519 -127.695852
128.377777 -127.192205
128.557571 -126.650455
128.740900 -126.070602
128.927766 -125.452645
129.118168 -124.796586
129.312106 -124.102424
129.509579 -123.370159
129.710589 -122.599790
129.915135 -121.791319
130.123217 -120.944744
130.334835 -120.060067
130.549989 -119.137286
130.768679 -118.176403
130.990905 -117.177416
131.216667 -116.140327
131.445965 -115.065134
131.678799 -113.951839
131.915169 -112.800440
132.155075 -111.610938
132.398517 -110.383334
132.645495 -109.117626
132.896009 -107.813815
133.150059 -106.471901
133.407645 -105.091884
133.667279 -103.680339
133.920028 -102.276715
134.164404 -100.887585
134.400406 -99.512951
134.628036 -98.152812
134.847292 -96.807168
135.058175 -95.476020
135.260685 -94.159366
135.454822 -92.857208
135.640586 -91.569545
135.817976 -90.296378
135.986993 -89.037705
136.147637 -87.793528
136.299908 -86.563846
136.443806 -85.348659
136.579330 -84.147967
136.706481 -82.961771
136.825259 -81.790070
136.935664 -80.632864
137.037696 -79.490153
137.131355 -78.361937
137.216640 -77.248217
137.293552 -76.148992
137.362091 -75.064262
137.422257 -73.994027
137.474050 -72.938288
137.517469 -71.897043
137.552516 -70.870294
137.579189 -69.858040
137.597489 -68.860282
137.607416 -67.877018
137.608969 -66.908250
137.602149 -65.953977
137.586957 -65.014199
137.563391 -64.088917
137.531452 -63.178129
137.491139 -62.281837
137.442454 -61.400040
137.385395 -60.532739
137.319963 -59.679932
137.246158 -58.841621
137.163980 -58.017805
137.073429 -57.208484
136.974504 -56.413658
136.867206 -55.633328
136.751535 -54.867493
136.627491 -54.116153
136.495074 -53.379308
136.354283 -52.656958
136.205120 -51.949104
136.047583 -51.255745
135.881673 -50.576881
135.707390 -49.912512
135.524733 -49.262639
135.333704 -48.627260
135.134301 -48.006377
134.926525 -47.399989
134.710376 -46.808097
134.485854 -46.230699
134.252958 -45.667797
134.011689 -45.119390
133.762048 -44.585478
133.504033 -44.066062
133.237644 -43.561140
132.962883 -43.070714
132.679748 -42.594783
132.388241 -42.133348
132.088360 -41.686407
131.780106 -41.253962
131.463478 -40.836012
131.138478 -40.432557
130.805104 -40.043597
130.463357 -39.669133
130.113237 -39.309164
129.754744 -38.963690
129.387878 -38.632711
129.012638 -38.316227
128.629026 -38.014239
128.237040 -37.726746
127.836681 -37.453748
127.427948 -37.195245
127.010843 -36.951237
126.585364 -36.721725
126.151513 -36.506708
125.709288 -36.306186
125.258689 -36.120160
124.799718 -35.948628
124.332373 -35.791592
123.856656 -35.649051
123.372565 -35.521005
122.880101 -35.407455
122.379264 -35.308399
121.870053 -35.223839
121.352469 -35.153774
120.826513 -35.098204
120.292183 -35.057130
119.749480 -35.030551
119.198403 -35.018467
118.638954 -35.020878
118.071131 -35.037784
117.494935 -35.069186
116.910366 -35.115082
116.317424 -35.175474
115.716108 -35.250362
115.106420 -35.339744
114.488358 -35.443622
113.861923 -35.561994
113.227115 -35.694863
112.583934 -35.842226
111.932379 -36.004084
111.272451 -36.180438
110.604150 -36.371287
109.927476 -36.576631
109.242429 -36.796470
108.549009 -37.030805
107.847215 -37.279635
107.137048 -37.542960
106.418508 -37.820780
105.691595 -38.113095
104.956309 -38.419906
104.212650 -38.741212
103.460617 -39.077013
102.700211 -39.427309
101.931432 -39.792101
101.154280 -40.171387
100.372017 -40.557522
99.592619 -40.931811
98.816448 -41.293404
98.043505 -41.642302
97.273789 -41.978504
96.507300 -42.302011
95.744039 -42.612823
94.984005 -42.910939
94.227198 -43.196360
93.473619 -43.469085
92.723267 -43.729114
91.976142 -43.976449
91.232244 -44.211087
90.491574 -44.433031
89.754131 -44.642279
89.019916 -44.838831
88.288927 -45.022688
87.561167 -45.193849
86.836633 -45.352315
86.115327 -45.498086
85.397248 -45.631161
84.682396 -45.751541
83.970772 -45.859225
83.262375 -45.954214
82.557205 -46.036507
81.855262 -46.106105
81.156547 -46.163007
80.461060 -46.207214
79.768799 -46.238726
79.079766 -46.257542
78.393960 -46.263662
77.711382 -46.257087
77.032030 -46.237817
76.355907 -46.205851
75.683010 -46.161190
75.013341 -46.103833
74.346899 -46.033781
73.683684 -45.951033
73.023697 -45.855590
72.366937 -45.747452
71.713404 -45.626618
71.063099 -45.493088
70.416021 -45.346863
69.772170 -45.187943
69.131547 -45.016327
68.494150 -44.832016
67.859982 -44.635009
67.229040 -44.425307
66.601326 -44.202909
65.976839 -43.967816
65.355580 -43.720028
64.737547 -43.459544
64.122742 -43.186364
63.511165 -42.900489
62.902815 -42.601919
62.297692 -42.290653
61.695796 -41.966692
61.097128 -41.630035
60.501687 -41.280683
59.909473 -40.918635
59.320487 -40.543892
58.734727 -40.156453
58.152196 -39.756319
57.572891 -39.343490
56.996814 -38.917965
56.423964 -38.479744
55.854342 -38.028828
55.287947 -37.565217
54.724779 -37.088910
54.164838 -36.599908
53.608125 -36.098210
53.054639 -35.583817
52.504380 -35.056729
51.957349 -34.516945
51.413545 -33.964465
50.872968 -33.399290
50.335619 -32.821420
49.801497 -32.230854
49.270602 -31.627592
48.742935 -31.011636
48.218495 -30.382983
47.697282 -29.741636
47.179297 -29.087592
46.664538 -28.420854
46.153008 -27.741420
45.644704 -27.049290
45.139628 -26.344465
44.637779 -25.626945
44.139157 -24.896729
43.643763 -24.153817
43.151596 -23.398211
42.662656 -22.629908
42.176944 -21.848911
41.694459 -21.055217
41.215201 -20.248829
40.739171 -19.429745
40.266368 -18.597965
39.796792 -17.753490
39.330444 -16.896320
38.867323 -16.026454
38.407429 -15.143892
37.950762 -14.248635
37.497323 -13.340683
37.047111 -12.420035
36.600127 -11.486692
36.156370 -10.540653
35.715840 -9.581919
35.278537 -8.610490
34.844462 -7.626365
34.413614 -6.629544
33.985993 -5.620028
33.561600 -4.597817
33.140434 -3.562910
32.722495 -2.515308
32.307784 -1.455010
31.896300 -0.382017
31.488043 0.703672
31.083013 1.802056
30.681211 2.913136
30.282636 4.036911
29.887289 5.173381
29.495169 6.322547
29.106276 7.484409
28.720610 8.658966
28.338172 9.846218
