216.672978 -207.491736
216.892921 -205.497911
217.103188 -203.503478
217.303776 -201.508436
217.494688 -199.512786
217.675922 -197.516528
217.847479 -195.519662
218.009358 -193.522188
218.161560 -191.524106
218.304085 -189.525415
218.436932 -187.526117
218.560102 -185.526210
218.673594 -183.525695
218.777409 -181.524573
218.871547 -179.522842
218.956007 -177.520502
219.030790 -175.517555
219.095896 -173.514000
219.151324 -171.509836
219.197075 -169.505064
219.233148 -167.499684
219.259544 -165.493697
219.276263 -163.487100
219.283304 -161.479896
219.280668 -159.472084
219.268355 -157.463663
219.246364 -155.454635
219.214695 -153.444998
219.173350 -151.434753
219.122327 -149.423900
219.061627 -147.412439
218.991249 -145.400370
218.911194 -143.387692
218.821461 -141.374407
218.722051 -139.360513
218.612964 -137.346011
218.494200 -135.330902
218.365758 -133.315184
218.227638 -131.298857
218.079842 -129.281923
217.922367 -127.264381
217.755216 -125.246230
217.578387 -123.227471
217.391881 -121.208105
217.195697 -119.188130
216.989836 -117.167547
216.774298 -115.146355
216.549082 -113.124556
216.314189 -111.102149
216.069618 -109.079133
215.815370 -107.055509
215.551445 -105.031278
215.277843 -103.006438
214.994563 -100.980989
214.701605 -98.954933
214.398970 -96.928269
214.086658 -94.900996
213.764669 -92.873116
213.433002 -90.844627
213.091658 -88.815530
212.740636 -86.785825
212.379937 -84.755512
212.009560 -82.724591
211.629507 -80.693061
211.239775 -78.660924
210.840367 -76.628178
210.431281 -74.594824
210.012518 -72.560862
209.584077 -70.526292
209.145959 -68.491114
208.698164 -66.455328
208.240691 -64.418933
207.773541 -62.381931
207.296713 -60.344320
206.810208 -58.306101
206.314026 -56.267274
205.808166 -54.227839
205.292629 -52.187796
204.767414 -50.147145
204.232523 -48.105885
203.687953 -46.064018
203.133707 -44.021542
202.569783 -41.978458
201.996182 -39.934766
201.412903 -37.890466
200.819947 -35.845558
200.217313 -33.800041
199.605002 -31.753917
198.983014 -29.707184
198.351349 -27.659843
197.710006 -25.611894
197.058985 -23.563337
196.398288 -21.514172
195.727912 -19.464399
195.047860 -17.414018
194.358130 -15.363028
193.658723 -13.311430
192.949638 -11.259225
192.230876 -9.206411
191.502437 -7.152989
190.764320 -5.098958
190.016526 -3.044320
189.259054 -0.989074
188.491906 1.066781
187.715079 3.123244
186.928576 5.180315
186.132395 7.237994
185.326536 9.296281
184.511001 11.355176
183.685787 13.414679
182.850897 15.474791
182.006329 17.535510
181.152084 19.596838
180.288161 21.658774
179.414561 23.721318
178.531284 25.784470
177.638329 27.848230
176.735697 29.912599
175.823387 31.977575
174.901400 34.043160
173.969736 36.109353
173.028394 38.176154
172.077375 40.243563
171.116679 42.311580
170.146305 44.380205
169.166766 46.448727
168.189320 48.501490
167.218574 50.532090
166.254528 52.540527
165.297183 54.526800
164.346537 56.490911
163.402590 58.432858
162.465344 60.352642
161.534798 62.250262
160.610952 64.125720
159.693805 65.979014
158.783359 67.810146
157.879612 69.619114
156.982565 71.405918
156.092218 73.170560
155.208571 74.913038
154.331624 76.633354
153.461377 78.331506
152.597830 80.007495
151.740983 81.661320
150.890835 83.292983
150.047388 84.902482
149.210640 86.489818
148.380592 88.054991
147.557244 89.598001
146.740596 91.118847
145.930648 92.617531
145.127400 94.094051
144.330852 95.548408
143.541004 96.980602
142.757855 98.390632
141.981407 99.778500
141.211658 101.144204
140.448609 102.487745
139.692261 103.809123
138.942612 105.108338
138.199663 106.385389
137.463414 107.640277
136.733864 108.873003
136.011015 110.083564
135.294866 111.271963
134.585416 112.438199
133.882667 113.582271
133.186617 114.704180
132.497267 115.803926
131.814617 116.881509
131.138667 117.936929
130.469417 118.970185
129.806867 119.981278
129.151017 120.970208
128.501867 121.936975
127.859416 122.881579
127.223666 123.804019
126.594615 124.704297
125.972264 125.582411
125.356613 126.438362
124.747662 127.272149
124.145411 128.083774
123.549860 128.873235
122.961009 129.640533
122.378858 130.385668
121.803406 131.108640
121.234655 131.809449
120.672603 132.488094
120.117251 133.144576
119.568599 133.778895
119.026648 134.391051
118.491396 134.981044
117.962843 135.548873
117.440991 136.094540
116.925839 136.618043
116.417386 137.119383
115.915634 137.598559
115.420581 138.055573
114.932229 138.490423
114.450576 138.903110
113.975623 139.293634
113.507370 139.661995
113.045817 140.008193
112.590964 140.332227
112.142811 140.634098
111.701357 140.913806
111.266604 141.171351
110.838550 141.406733
110.417196 141.619951
110.002543 141.811006
109.594589 141.979898
109.193335 142.126627
108.798781 142.251193
108.410927 142.353595
108.029772 142.433835
107.655318 142.491911
107.287564 142.527824
106.926509 142.541574
106.572154 142.533160
106.224500 142.502584
105.883545 142.449844
105.549290 142.374941
105.221735 142.277875
104.900880 142.158645
104.586725 142.017253
104.279269 141.853697
103.978514 141.667978
103.684458 141.460096
103.397103 141.230050
103.116447 140.977842
102.842491 140.703470
102.575235 140.406935
102.314679 140.088237
102.060823 139.747376
101.813667 139.384352
101.573211 138.999164
101.339454 138.591813
101.112398 138.162299
100.892041 137.710622
100.678385 137.236782
100.471428 136.740778
100.271171 136.222611
100.077614 135.682281
99.890757 135.119788
99.710600 134.535132
99.537142 133.928312
99.370385 133.299330
99.210328 132.648184
99.056970 131.974875
98.909176 131.282252
98.760130 130.587419
98.608694 129.893224
98.454869 129.199668
98.298655 128.506751
98.140051 127.814472
97.979059 127.122832
97.815678 126.431831
97.649907 125.741468
97.481748 125.051744
97.311199 124.362659
97.138261 123.674212
96.962934 122.986405
96.785218 122.299236
96.605113 121.612705
96.422618 120.926814
96.237735 120.241561
96.050462 119.556947
95.860801 118.872971
95.668750 118.189635
95.474310 117.506937
95.277481 116.824877
95.078263 116.143457
94.876656 115.462675
94.672659 114.782531
94.466274 114.103027
94.257499 113.424161
94.046336 112.745934
93.832783 112.068346
93.616841 111.391396
93.398510 110.715085
93.177790 110.039413
92.954681 109.364380
92.729183 108.689985
92.501295 108.016229
92.271019 107.343111
92.038353 106.670633
91.803298 105.998793
91.565854 105.327592
91.326021 104.657029
91.083799 103.987105
90.839188 103.317820
90.592188 102.649174
90.342798 101.981166
90.091020 101.313797
89.836852 100.647067
89.580295 99.980975
89.321350 99.315523
89.060015 98.650708
88.796290 97.986533
88.530177 97.322996
88.261675 96.660098
87.990783 95.997839
87.717503 95.336219
87.441833 94.675237
87.163775 94.014894
86.883327 93.355189
86.600490 92.696124
86.315264 92.037697
86.027648 91.379908
85.737644 90.722759
85.445251 90.066248
85.150468 89.410376
84.853296 88.755142
84.553736 88.100548
84.251786 87.446592
83.947447 86.793274
83.640719 86.140596
83.331602 85.488556
83.020095 84.837155
82.706200 84.186392
82.389915 83.536268
82.071242 82.886783
81.750179 82.237937
81.426727 81.589730
81.100886 80.942161
80.772656 80.295230
80.442037 79.648939
80.109028 79.003286
79.773631 78.358272
79.435844 77.713897
79.095669 77.070160
78.753104 76.427062
78.408150 75.784603
78.060807 75.142783
77.711075 74.501601
77.358954 73.861058
77.004444 73.221153
76.647544 72.581888
76.288256 71.943261
75.926578 71.305273
75.562511 70.667923
75.196055 70.031212
74.827210 69.395140
74.455976 68.759707
74.082353 68.124912
73.706341 67.490756
73.327939 66.857239
72.947149 66.224361
72.563969 65.592121
72.178400 64.960520
71.790442 64.329557
71.400096 63.699234
71.007359 63.069549
70.612234 62.440502
70.214720 61.812095
69.814816 61.184326
69.412524 60.557196
69.007842 59.930705
68.600772 59.304852
68.191312 58.679638
67.779463 58.055063
67.365225 57.431126
66.948597 56.807828
66.529581 56.185169
66.108176 55.563149
65.684381 54.941767
65.258197 54.321024
64.829625 53.700920
64.398663 53.081454
63.965312 52.462627
63.529572 51.844439
63.091443 51.226890
62.650924 50.609979
62.208017 49.993707
61.763855 49.378043
61.321213 48.762912
60.880217 48.148310
60.440867 47.534239
60.003163 46.920696
59.567104 46.307684
59.132692 45.695200
58.699925 45.083247
58.268804 44.471823
57.839329 43.860928
57.411500 43.250563
56.985317 42.640728
56.560779 42.031422
56.137888 41.422646
55.716642 40.814399
55.297042 40.206682
54.879088 39.599495
54.462780 38.992837
54.048118 38.386708
53.635102 37.781110
53.223731 37.176040
52.814007 36.571501
52.405928 35.967491
51.999495 35.364010
51.594708 34.761059
51.191567 34.158638
50.790072 33.556746
50.390223 32.955384
49.992019 32.354551
49.595462 31.754248
49.200550 31.154474
48.807284 30.555230
48.415664 29.956516
48.025690 29.358331
47.637361 28.760676
47.250679 28.163550
46.865642 27.566954
46.482252 26.970888
46.100507 26.375351
45.720408 25.780343
45.341955 25.185865
44.965148 24.591917
44.589986 23.998498
44.216471 23.405609
43.844601 22.813249
43.474377 22.221419
43.105800 21.630119
42.738868 21.039348
42.373581 20.449107
42.009941 19.859395
41.647947 19.270213
41.287598 18.681560
40.928895 18.093437
40.571839 17.505844
40.216428 16.918780
39.862663 16.332245
39.510543 15.746241
39.160070 15.160765
38.811243 14.575820
38.464061 13.991404
38.118525 13.407517
37.774635 12.824160
37.432391 12.241333
37.091793 11.659035
36.752841 11.077267
36.415535 10.496028
36.079874 9.915319
35.745859 9.335139
35.413491 8.755490
35.082768 8.176369
34.753691 7.597778
34.426259 7.019717
34.100474 6.442185
33.776335 5.865183
33.453841 5.288711
33.132993 4.712768
32.813791 4.137354
32.496235 3.562470
32.180325 2.988116
31.866061 2.414291
31.553443 1.840996
31.242470 1.268231
30.933144 0.695995
30.625463 0.124288
30.319428 -0.446889
30.015039 -1.017536
29.712296 -1.587654
29.411198 -2.157242
29.111747 -2.726300
28.813941 -3.294829
28.517782 -3.862829
28.223268 -4.430299
27.930400 -4.997239
27.639178 -5.563650
27.349601 -6.129531
27.061671 -6.694883
26.775387 -7.259705
26.490748 -7.823997
26.207755 -8.387760
25.926408 -8.950994
25.646707 -9.513697
25.368652 -10.075872
25.092243 -10.637516
24.817479 -11.198631
24.544362 -11.759217
24.272890 -12.319273
24.003064 -12.878799
23.734884 -13.437796
23.468350 -13.996263
23.203462 -14.554201
22.940220 -15.111609
22.678623 -15.668488
22.418672 -16.224837
22.160368 -16.780656
21.903709 -17.335946
21.648696 -17.890706
21.395329 -18.444937
21.143607 -18.998638
20.893532 -19.551809
20.645102 -20.104451
20.398319 -20.656564
20.153181 -21.208147
19.909689 -21.759200
19.667843 -22.309724
19.427643 -22.859718
