254.746829 -158.442587
255.012883 -156.669491
255.269775 -154.916742
255.517506 -153.184338
255.756075 -151.472280
255.985483 -149.780568
256.205729 -148.109201
256.416813 -146.458181
256.618736 -144.827506
256.811498 -143.217176
256.995098 -141.627193
257.169536 -140.057555
257.334813 -138.508263
257.490928 -136.979317
257.637882 -135.470717
257.775674 -133.982462
257.904305 -132.514553
258.023774 -131.066990
258.134081 -129.639773
258.235227 -128.232902
258.327211 -126.846376
258.410034 -125.480196
258.483695 -124.134362
258.548195 -122.808873
258.603533 -121.503730
258.649710 -120.218933
258.686725 -118.954482
258.714578 -117.710377
258.733270 -116.486617
258.742801 -115.283203
258.743170 -114.100135
258.734377 -112.937413
258.716423 -111.795036
258.689307 -110.673006
258.653029 -109.571321
258.607590 -108.489981
258.552990 -107.428988
258.489228 -106.388340
258.416304 -105.368038
258.334219 -104.368082
258.242972 -103.388471
258.142564 -102.429207
258.032994 -101.490288
257.914263 -100.571715
257.786370 -99.673487
257.649315 -98.795606
257.503099 -97.938070
257.347722 -97.100880
257.183182 -96.284035
257.009482 -95.487537
256.826619 -94.711384
256.634596 -93.955577
256.433410 -93.220116
256.223063 -92.505000
256.003555 -91.810231
255.774885 -91.135807
255.537053 -90.481728
255.290060 -89.847996
255.033905 -89.234609
254.768589 -88.641569
254.494111 -88.068873
254.210472 -87.516524
253.917671 -86.984520
253.615708 -86.472863
253.304584 -85.981551
252.984299 -85.510584
252.654852 -85.059964
252.316243 -84.629689
251.968473 -84.219760
251.611541 -83.830177
251.245447 -83.460939
250.870193 -83.112048
250.485776 -82.783502
250.092198 -82.475301
249.689458 -82.187447
249.277557 -81.919938
248.856495 -81.672776
248.426270 -81.445958
247.986885 -81.239487
247.538337 -81.053362
247.080628 -80.887582
246.613758 -80.742148
246.137726 -80.617059
245.652532 -80.512317
245.158177 -80.427920
244.654660 -80.363869
244.141982 -80.320164
243.620142 -80.296805
243.089141 -80.293791
242.548978 -80.311123
241.999654 -80.348801
241.441168 -80.406824
240.873520 -80.485194
240.296711 -80.583909
239.710740 -80.702970
239.115608 -80.842377
238.511314 -81.002129
237.897859 -81.182227
237.275242 -81.382671
236.643463 -81.603461
236.002523 -81.844597
235.352422 -82.106078
234.693159 -82.387905
234.024734 -82.690078
233.347148 -83.012596
232.660400 -83.355461
231.964491 -83.718671
231.259420 -84.102227
230.545187 -84.506128
229.821793 -84.930376
229.089238 -85.374969
228.347521 -85.839908
227.596642 -86.325193
226.836602 -86.830823
226.067400 -87.356799
225.289037 -87.903121
224.501512 -88.469789
223.704825 -89.056803
222.898977 -89.664162
222.083968 -90.291867
221.259797 -90.939918
220.426464 -91.608314
219.583970 -92.297057
218.732314 -93.006145
217.871497 -93.735579
217.001983 -94.484414
216.134008 -95.231868
215.271759 -95.969440
214.415235 -96.697130
213.564437 -97.414938
212.719364 -98.122863
211.880017 -98.820906
211.046396 -99.509066
210.218501 -100.187345
209.396331 -100.855741
208.579887 -101.514254
207.769168 -102.162886
206.964175 -102.801635
206.164908 -103.430502
205.371366 -104.049486
204.583550 -104.658588
203.801459 -105.257808
203.025095 -105.847146
202.254455 -106.426601
201.489542 -106.996174
200.730354 -107.555865
199.976892 -108.105674
199.229155 -108.645600
198.487144 -109.175644
197.750859 -109.695805
197.020299 -110.206084
196.295465 -110.706481
195.576357 -111.196996
194.862974 -111.677628
194.155317 -112.148379
193.453385 -112.609246
192.757180 -113.060232
192.066699 -113.501335
191.381945 -113.932556
190.702916 -114.353894
190.029613 -114.765351
189.362035 -115.166925
188.700183 -115.558616
188.044057 -115.940426
187.393656 -116.312353
186.748981 -116.674398
186.110032 -117.026560
185.476808 -117.368841
184.849310 -117.701239
184.227537 -118.023754
183.611490 -118.336387
183.001169 -118.639139
182.396573 -118.932007
181.797703 -119.214994
181.204559 -119.488098
180.617140 -119.751320
180.035447 -120.004659
179.459480 -120.248116
178.889238 -120.481691
178.324722 -120.705384
177.765932 -120.919194
177.212867 -121.123123
176.665528 -121.317168
176.123914 -121.501332
175.588026 -121.675613
175.057864 -121.840012
174.533427 -121.994528
174.014716 -122.139163
173.501731 -122.273915
172.994471 -122.398784
172.492937 -122.513772
171.997129 -122.618877
171.507046 -122.714100
171.022689 -122.799440
170.544057 -122.874898
170.071152 -122.940474
169.603971 -122.996168
169.142517 -123.041979
168.686788 -123.077908
168.236784 -123.103955
167.792507 -123.120120
167.353955 -123.126402
166.921128 -123.122801
166.494028 -123.109319
166.072653 -123.085954
165.657003 -123.052707
165.247079 -123.009578
164.842881 -122.956566
164.444409 -122.893672
164.051662 -122.820896
163.664640 -122.738238
163.283345 -122.645697
162.907775 -122.543274
162.537930 -122.430968
162.173812 -122.308780
161.815419 -122.176710
161.462751 -122.034758
161.115809 -121.882923
160.774593 -121.721207
160.439103 -121.549607
160.109338 -121.368126
159.785299 -121.176762
159.466985 -120.975516
159.154397 -120.764388
158.847535 -120.543377
158.546398 -120.312484
158.250987 -120.071709
157.961302 -119.821051
157.677342 -119.560511
157.399108 -119.290089
157.126600 -119.009785
156.859817 -118.719598
156.598760 -118.419529
156.343428 -118.109577
156.093822 -117.789744
155.849942 -117.460028
155.611787 -117.120430
155.379358 -116.770949
155.152655 -116.411586
154.931677 -116.042341
154.716425 -115.663214
154.506899 -115.274204
154.303098 -114.875312
154.105023 -114.466537
153.912673 -114.047881
153.726049 -113.619342
153.545151 -113.180921
153.369979 -112.732617
153.200532 -112.274431
153.036810 -111.806363
152.877365 -111.329556
152.713497 -110.850864
152.543756 -110.371431
152.368143 -109.891257
152.186658 -109.410341
151.999300 -108.928684
151.806069 -108.446286
151.606966 -107.963147
151.401991 -107.479266
151.191143 -106.994644
150.974423 -106.509281
150.751830 -106.023176
150.523364 -105.536330
150.289027 -105.048743
150.048816 -104.560415
149.802734 -104.071345
149.550778 -103.581534
149.292951 -103.090982
149.029250 -102.599689
148.759678 -102.107654
148.484233 -101.614878
148.202915 -101.121360
147.915725 -100.627102
147.622663 -100.132102
147.323728 -99.636360
147.018920 -99.139878
146.708240 -98.642654
146.391688 -98.144689
146.069263 -97.645983
145.740965 -97.146535
145.406796 -96.646346
145.066753 -96.145416
144.720839 -95.643744
144.369051 -95.141331
144.011392 -94.638177
143.647859 -94.134282
143.278455 -93.629645
142.903178 -93.124267
142.522028 -92.618148
142.135006 -92.111287
141.742111 -91.603686
141.343344 -91.095343
140.938705 -90.586258
140.528193 -90.076432
140.111808 -89.565866
139.689551 -89.054557
139.261422 -88.542508
138.827420 -88.029717
138.387546 -87.516185
137.941799 -87.001912
137.490180 -86.486897
137.032688 -85.971141
136.569324 -85.454644
136.100087 -84.937405
135.624978 -84.419425
135.143996 -83.900704
134.657142 -83.381242
134.164415 -82.861038
133.665816 -82.340093
133.161345 -81.818407
132.651001 -81.295980
132.134784 -80.772811
131.612695 -80.248901
131.084734 -79.724249
130.550900 -79.198857
130.011193 -78.672723
129.465615 -78.145847
128.914163 -77.618231
128.356840 -77.089873
127.793643 -76.560774
127.224574 -76.030934
126.649633 -75.500352
126.068820 -74.969029
125.482133 -74.436965
124.889575 -73.904159
124.291144 -73.370613
123.686840 -72.836325
123.076664 -72.301295
122.460616 -71.765525
121.838695 -71.229013
121.210901 -70.691759
120.577235 -70.153765
119.937697 -69.615029
119.292286 -69.075552
118.641002 -68.535334
117.983847 -67.994374
117.320818 -67.452673
116.651917 -66.910231
115.977144 -66.367047
115.296499 -65.823123
114.609980 -65.278456
113.917590 -64.733049
113.219326 -64.186900
112.515191 -63.640011
111.805183 -63.092379
111.089302 -62.544007
110.367549 -61.994893
109.639924 -61.445038
108.906426 -60.894442
108.167055 -60.343104
107.421812 -59.791025
106.670697 -59.238205
105.913709 -58.684643
105.150849 -58.130341
104.382116 -57.575297
103.607511 -57.019511
102.827033 -56.462985
102.040683 -55.905717
101.248460 -55.347707
100.450365 -54.788957
99.646397 -54.229465
98.836557 -53.669232
98.020844 -53.108258
97.199259 -52.546542
96.371802 -51.984085
95.538472 -51.420887
94.699269 -50.856948
93.854194 -50.292267
93.003247 -49.726845
92.146427 -49.160681
91.283734 -48.593777
90.415170 -48.026131
89.540732 -47.457744
88.660422 -46.888615
87.774240 -46.318745
86.885468 -45.748492
86.002130 -45.178731
85.124590 -44.609502
84.252850 -44.040804
83.386908 -43.472638
82.526765 -42.905003
81.672420 -42.337901
80.823875 -41.771330
79.981128 -41.205290
79.144180 -40.639783
78.313031 -40.074807
77.487680 -39.510362
76.668128 -38.946450
75.854375 -38.383069
75.046421 -37.820220
74.244266 -37.257902
73.447909 -36.696116
72.657351 -36.134862
71.872592 -35.574139
71.093632 -35.013948
70.320470 -34.454289
69.553107 -33.895162
68.791543 -33.336566
68.035778 -32.778502
67.285811 -32.220969
66.541643 -31.663969
65.803274 -31.107499
65.070704 -30.551562
64.343932 -29.996156
63.622960 -29.441282
62.907786 -28.886940
62.198411 -28.333129
61.494834 -27.779850
60.797056 -27.227103
60.105077 -26.674887
59.418897 -26.123203
58.738516 -25.572051
58.063933 -25.021431
57.395149 -24.471342
56.732164 -23.921784
56.074978 -23.372759
55.423590 -22.824265
54.778002 -22.276303
54.138212 -21.728872
53.504220 -21.181973
52.876028 -20.635606
52.253634 -20.089771
51.637039 -19.544467
51.026243 -18.999695
50.421245 -18.455455
49.822047 -17.911746
49.228647 -17.368569
48.641046 -16.825924
48.059243 -16.283810
47.483240 -15.742228
46.913035 -15.201178
46.348629 -14.660659
45.790022 -14.120672
45.237213 -13.581217
44.690203 -13.042293
44.148992 -12.503901
43.613580 -11.966041
43.083966 -11.428712
42.560152 -10.891916
42.042136 -10.355650
41.529918 -9.819917
41.023500 -9.284715
40.522880 -8.750045
40.028059 -8.215906
39.539037 -7.682300
39.055814 -7.149225
38.578389 -6.616681
38.106764 -6.084669
37.640936 -5.553189
37.180908 -5.022241
36.726679 -4.491824
36.278248 -3.961939
35.835616 -3.432586
35.398783 -2.903764
34.967748 -2.375474
34.542512 -1.847716
34.123075 -1.320490
33.709437 -0.793795
33.301598 -0.267631
32.899557 0.258000
32.503315 0.783100
32.112872 1.307668
31.728228 1.831705
31.349382 2.355209
30.976335 2.878183
30.609087 3.400624
30.247638 3.922534
29.891987 4.443912
29.542136 4.964758
29.198083 5.485073
28.859828 6.004856
28.527373 6.524107
28.200716 7.042827
27.879858 7.561015
27.564799 8.078671
27.255539 8.595796
26.952077 9.112389
26.654414 9.628450
26.362550 10.143980
26.076485 10.658978
25.796218 11.173444
25.521750 11.687379
25.253081 12.200781
24.990211 12.713653
24.733139 13.225992
24.481867 13.737800
24.236393 14.249076
23.996717 14.759820
23.762841 15.270033
23.534763 15.779714
23.312484 16.288864
23.096004 16.797481
22.885323 17.305568
22.680440 17.813122
22.481356 18.320145
22.288071 18.826636
22.100585 19.332595
21.918897 19.838023
21.743008 20.342918
21.572918 20.847283
