296.031290 48.636155
294.675232 49.557545
293.326771 50.455820
291.985907 51.330978
290.652640 52.183021
289.326970 53.011947
288.008897 53.817758
286.698422 54.600453
285.395543 55.360032
284.100262 56.096495
282.812578 56.809842
281.532490 57.500073
280.260000 58.167189
278.995107 58.811188
277.737811 59.432071
276.488112 60.029839
275.246011 60.604490
274.011506 61.156026
272.784598 61.684446
271.565288 62.189749
270.353575 62.671937
269.149458 63.131009
267.952939 63.566965
266.764017 63.979805
265.582692 64.369530
264.408964 64.736138
263.242833 65.079630
262.084299 65.400007
260.933363 65.697267
259.790023 65.971412
258.654281 66.222440
257.526135 66.450353
256.405587 66.655150
255.292636 66.836831
254.187281 66.995396
253.089524 67.130845
251.999364 67.243178
250.916802 67.332395
249.841836 67.398496
248.774467 67.441481
247.714695 67.461351
246.662521 67.458104
245.617943 67.431742
244.580963 67.382263
243.551580 67.309669
242.529794 67.213959
241.515605 67.095133
240.509013 66.953191
239.510018 66.788133
238.518620 66.599959
237.534819 66.388669
236.558616 66.154263
235.590009 65.896742
234.629000 65.616104
233.675587 65.312350
232.729772 64.985481
231.791554 64.635496
230.860933 64.262394
229.937909 63.866177
229.022482 63.446844
228.114652 63.004395
227.214420 62.538830
226.321784 62.050149
225.436745 61.538352
224.559304 61.003439
223.689460 60.445411
222.827212 59.864266
221.972562 59.260006
221.125509 58.632629
220.286053 57.982137
219.454194 57.308528
218.629932 56.611804
217.813268 55.891964
217.004200 55.149008
216.202729 54.382936
215.408856 53.593748
214.622580 52.781444
213.843900 51.946024
213.072818 51.087489
212.309333 50.205837
211.553445 49.301070
210.805154 48.373186
210.064460 47.422187
209.331364 46.448071
208.605864 45.450840
207.887961 44.430493
207.177656 43.387030
206.474947 42.320451
205.779836 41.230756
205.092322 40.117945
204.412405 38.982018
203.740085 37.822976
203.075362 36.640817
202.418236 35.435543
201.768707 34.207152
201.126776 32.955646
200.492441 31.681023
199.865704 30.383285
199.246563 29.062431
198.635020 27.718461
198.031074 26.351375
197.434725 24.961173
196.845973 23.547855
196.264818 22.111421
195.691260 20.651872
195.125299 19.169206
194.566935 17.663425
194.016169 16.134527
193.472999 14.582514
192.937427 13.007384
192.409452 11.409139
191.889073 9.787778
191.376292 8.143301
190.871108 6.475708
190.373521 4.784999
189.883531 3.071174
189.401139 1.334233
188.926343 -0.425823
188.459144 -2.208996
187.999543 -4.015284
187.547538 -5.844689
187.103131 -7.697209
186.666321 -9.572846
186.237108 -11.471598
185.815492 -13.393466
185.401162 -15.336743
184.987279 -17.263878
184.571045 -19.159510
184.152461 -21.023637
183.731525 -22.856261
183.308239 -24.657380
182.882601 -26.426996
182.454613 -28.165108
182.024274 -29.871716
181.591584 -31.546820
181.156544 -33.190420
180.719152 -34.802517
180.279409 -36.383109
179.837316 -37.932198
179.392871 -39.449783
178.946076 -40.935864
178.496930 -42.390441
178.045433 -43.813514
177.591585 -45.205083
177.135387 -46.565149
176.676837 -47.893710
176.215936 -49.190768
175.752685 -50.456322
175.287083 -51.690372
174.819130 -52.892918
174.348826 -54.063960
173.876171 -55.203498
173.401165 -56.311533
172.923808 -57.388063
172.444101 -58.433090
171.962042 -59.446613
171.477633 -60.428632
170.990872 -61.379147
170.501761 -62.298158
170.010299 -63.185665
169.516486 -64.041669
169.020323 -64.866168
168.521808 -65.659164
168.020943 -66.420656
167.517726 -67.150644
167.012159 -67.849128
166.504241 -68.516108
165.993972 -69.151585
165.481352 -69.755557
164.966381 -70.328026
164.449059 -70.868990
163.929386 -71.378451
163.407363 -71.856408
162.882989 -72.302861
162.356263 -72.717810
161.827187 -73.101256
161.295760 -73.453197
160.761982 -73.773635
160.225854 -74.062569
159.687374 -74.319998
159.146543 -74.545924
158.603362 -74.740347
158.057830 -74.903265
157.509946 -75.034679
156.959712 -75.134590
156.407127 -75.202996
155.852192 -75.239899
155.294905 -75.245298
154.735267 -75.219193
154.173279 -75.161584
153.608939 -75.072471
153.042249 -74.951855
152.473208 -74.799734
151.901816 -74.616110
151.328073 -74.400981
150.751979 -74.154349
150.173535 -73.876213
149.592739 -73.566573
149.009593 -73.225430
148.424095 -72.852782
147.836247 -72.448631
147.246048 -72.012975
146.653498 -71.545816
146.058597 -71.047153
145.461345 -70.516986
144.861743 -69.955315
144.259789 -69.362140
143.655485 -68.737462
143.048830 -68.081279
142.439823 -67.393593
141.828466 -66.674403
141.214758 -65.923709
140.598700 -65.141511
139.980290 -64.327809
139.359529 -63.482603
138.736418 -62.605893
138.110956 -61.697680
137.483142 -60.757963
136.852978 -59.786741
136.220463 -58.784016
135.585597 -57.749787
134.948381 -56.684054
134.308813 -55.586818
133.666895 -54.458077
133.022625 -53.297833
132.376005 -52.106084
131.727034 -50.882832
131.075712 -49.628076
130.422039 -48.341816
129.766015 -47.024052
129.107640 -45.674785
128.446915 -44.294013
127.783838 -42.881738
127.118411 -41.437958
126.450633 -39.962675
125.780503 -38.455888
125.108023 -36.917597
124.433193 -35.347802
123.756011 -33.746503
123.076478 -32.113701
122.394595 -30.449394
121.710360 -28.753584
121.023775 -27.026270
120.334839 -25.267452
119.643552 -23.477130
118.949914 -21.655304
118.253925 -19.801974
117.555585 -17.917141
116.854894 -16.000804
116.151853 -14.052962
115.447403 -12.079970
114.747198 -10.119944
114.052182 -8.179238
113.362353 -6.257851
112.677711 -4.355783
111.998258 -2.473035
111.323993 -0.609606
110.654915 1.234503
109.991025 3.059293
109.332323 4.864764
108.678808 6.650915
108.030482 8.417747
107.387343 10.165259
106.749392 11.893452
106.116629 13.602326
105.489053 15.291880
104.866666 16.962115
104.249466 18.613030
103.637454 20.244626
103.030630 21.856903
102.428993 23.449860
101.832545 25.023498
101.241284 26.577817
100.655211 28.112816
100.074326 29.628495
99.498628 31.124855
98.928119 32.601896
98.362797 34.059618
97.802663 35.498020
97.247717 36.917103
96.697958 38.316866
96.153388 39.697310
95.614005 41.058434
95.079810 42.400239
94.550803 43.722725
94.026983 45.025891
93.508352 46.309738
92.994908 47.574266
92.486652 48.819474
91.983584 50.045362
91.485703 51.251932
90.993011 52.439182
90.505506 53.607112
90.023189 54.755723
89.546060 55.885015
89.074118 56.994987
88.607365 58.085640
88.145799 59.156974
87.689421 60.208988
87.238230 61.241683
86.792228 62.255058
86.351413 63.249114
85.915787 64.223850
85.485347 65.179268
85.060096 66.115365
84.640033 67.032144
84.225157 67.929603
83.815469 68.807742
83.410969 69.666562
83.011657 70.506063
82.617533 71.326244
82.228596 72.127106
81.844847 72.908649
81.466286 73.670872
81.092913 74.413776
80.724727 75.137360
80.361730 75.841625
80.003920 76.526571
79.651298 77.192197
79.303864 77.838504
78.961617 78.465491
78.624558 79.073159
78.292688 79.661508
77.966004 80.230537
77.644509 80.780247
77.328202 81.310637
77.017082 81.821708
76.711150 82.313460
76.410406 82.785892
76.114850 83.239005
75.824481 83.672799
75.539301 84.087273
75.259308 84.482427
74.984503 84.858262
74.714885 85.214778
74.450456 85.551975
74.191214 85.869852
73.937160 86.168409
73.688294 86.447648
73.444616 86.707567
73.206126 86.948166
72.972823 87.169446
72.744708 87.371407
72.521781 87.554048
72.304042 87.717370
72.091490 87.861372
71.884126 87.986056
71.681951 88.091419
71.484962 88.177463
71.293162 88.244188
71.106550 88.291594
70.925125 88.319680
70.748888 88.328447
70.577839 88.317894
70.411978 88.288022
70.251304 88.238830
70.095818 88.170320
69.945521 88.082489
69.800410 87.975340
69.660488 87.848871
69.525754 87.703082
69.396207 87.537974
69.271848 87.353547
69.152677 87.149800
69.038694 86.926734
68.929898 86.684349
68.826290 86.422644
68.727870 86.141620
68.634638 85.841276
68.546594 85.521613
68.463737 85.182631
68.386069 84.824329
68.313588 84.446707
68.246295 84.049767
68.184189 83.633507
68.124476 83.202939
68.060319 82.770313
67.991408 82.336187
67.917743 81.900560
67.839324 81.463433
67.756150 81.024804
67.668223 80.584675
67.575542 80.143046
67.478107 79.699915
67.375918 79.255284
67.268975 78.809152
67.157278 78.361520
67.040827 77.912386
66.919621 77.461752
66.793662 77.009617
66.662949 76.555982
66.527482 76.100846
66.387260 75.644209
66.242285 75.186071
66.092556 74.726433
65.938072 74.265294
65.778835 73.802654
65.614844 73.338514
65.446098 72.872873
65.272599 72.405731
65.094346 71.937088
64.911338 71.466945
64.723577 70.995301
64.531061 70.522156
64.333792 70.047511
64.131768 69.571365
63.924991 69.093718
63.713459 68.614570
63.497174 68.133922
63.276134 67.651773
63.050341 67.168123
62.819793 66.682973
62.584492 66.196321
62.344436 65.708170
62.099626 65.218517
61.850063 64.727364
61.595745 64.234710
61.336673 63.740555
61.072848 63.244900
60.804268 62.747743
60.530934 62.249087
60.252847 61.748929
59.970005 61.247271
59.682409 60.744112
59.390059 60.239452
59.092955 59.733292
58.791098 59.225630
58.484486 58.716469
58.173120 58.205806
57.857000 57.693643
57.536126 57.179979
57.210498 56.664814
56.880116 56.148149
56.544980 55.629982
56.205090 55.110316
55.860446 54.589148
55.511049 54.066480
55.156897 53.542311
54.797990 53.016641
54.434330 52.489471
54.065916 51.960800
53.692748 51.430628
53.314826 50.898955
52.932150 50.365782
52.544720 49.831108
52.152536 49.294933
51.755598 48.757258
51.353906 48.218082
50.947459 47.677405
50.536259 47.135227
50.120305 46.591549
49.699597 46.046370
49.274135 45.499690
48.843918 44.951510
48.408948 44.401829
47.969224 43.850647
47.524745 43.297964
47.075513 42.743781
46.621527 42.188097
46.162786 41.630912
45.699292 41.072227
45.231044 40.512041
44.758041 39.950354
44.280285 39.387167
43.797774 38.822478
43.310510 38.256289
42.818491 37.688600
42.321719 37.119409
41.820192 36.548718
41.313912 35.976526
40.802877 35.402834
40.287089 34.827641
39.766546 34.250947
39.241250 33.672752
38.711199 33.093056
38.176394 32.511860
37.636836 31.929164
37.092523 31.344966
36.543456 30.759268
35.989636 30.172069
35.431061 29.583369
34.867732 28.993169
34.299650 28.401468
33.726813 27.808266
33.149222 27.213563
32.566877 26.617360
31.979778 26.019656
31.387926 25.420451
30.791319 24.819746
30.189958 24.217540
29.583843 23.613833
28.972974 23.008626
28.357351 22.401917
27.736974 21.793708
27.111843 21.183999
26.481958 20.572788
25.847319 19.960077
25.207926 19.345866
24.563779 18.730153
23.914878 18.112940
