160.703827 -253.326430
162.472800 -250.026532
164.221670 -246.741770
165.950439 -243.472144
167.659106 -240.217652
169.347671 -236.978296
171.016134 -233.754076
172.664495 -230.544991
174.292754 -227.351041
175.900912 -224.172227
177.488967 -221.008548
179.056921 -217.860004
180.604772 -214.726596
182.132522 -211.608323
183.640170 -208.505186
185.127716 -205.417184
186.595160 -202.344317
188.042503 -199.286586
189.469743 -196.243990
190.876882 -193.216530
192.263918 -190.204205
193.630853 -187.207015
194.977686 -184.224960
196.304417 -181.258042
197.611046 -178.306258
198.897573 -175.369610
200.163998 -172.448097
201.410322 -169.541720
202.636543 -166.650477
203.842663 -163.774371
205.028681 -160.913400
206.194596 -158.067564
207.340410 -155.236863
208.466122 -152.421298
209.571733 -149.620868
210.657241 -146.835574
211.722647 -144.065415
212.767952 -141.310391
213.793154 -138.570503
214.798255 -135.845750
215.783254 -133.136133
216.748151 -130.441651
217.692946 -127.762304
218.617639 -125.098093
219.522231 -122.449017
220.406720 -119.815076
221.271108 -117.196271
222.115393 -114.592602
222.939577 -112.004067
223.743659 -109.430668
224.527639 -106.872405
225.291517 -104.329276
226.035293 -101.801283
226.758967 -99.288426
227.462540 -96.790704
228.146010 -94.308117
228.809379 -91.840666
229.452646 -89.388350
230.075811 -86.951169
230.678874 -84.529124
231.261835 -82.122215
231.824694 -79.730440
232.367451 -77.353801
232.890107 -74.992298
233.392660 -72.645929
233.875112 -70.314696
234.337462 -67.998599
234.779709 -65.697637
235.201855 -63.411810
235.603900 -61.141119
235.985842 -58.885563
236.347682 -56.645142
236.689421 -54.419857
237.011057 -52.209707
237.312592 -50.014693
237.594024 -47.834814
237.855355 -45.670070
238.096584 -43.520462
238.317711 -41.385989
238.518737 -39.266652
238.699660 -37.162450
238.860481 -35.073383
239.001201 -32.999452
239.121819 -30.940656
239.222334 -28.896995
239.302748 -26.868470
239.363060 -24.855080
239.403270 -22.856826
239.423379 -20.873707
239.423385 -18.905723
239.403289 -16.952875
239.363092 -15.015162
239.302793 -13.092584
239.222391 -11.185142
239.121888 -9.292835
239.001283 -7.415664
238.860576 -5.553628
238.699768 -3.706728
238.518857 -1.874962
238.317844 -0.058333
238.096730 1.743162
237.855514 3.529521
237.594196 5.300745
237.312775 7.056833
237.011253 8.797786
236.689630 10.523603
236.347904 12.234285
235.986076 13.929832
235.604147 15.610244
235.202115 17.275520
234.779982 18.925660
234.337747 20.560665
233.875410 22.180535
233.392971 23.785270
232.890430 25.374869
232.367787 26.949332
231.825042 28.508661
231.262196 30.052854
230.679247 31.581911
230.076197 33.095833
229.453045 34.594620
228.809791 36.078271
228.146435 37.546787
227.462977 39.000168
226.759417 40.438413
226.036329 41.861169
225.306334 43.260642
224.574596 44.633645
223.841113 45.980177
223.105887 47.300239
222.368917 48.593830
221.630204 49.860951
220.889747 51.101602
220.147546 52.315782
219.403601 53.503492
218.657913 54.664731
217.910481 55.799500
217.161305 56.907798
216.410385 57.989626
215.657722 59.044983
214.903315 60.073870
214.147164 61.076287
213.389269 62.052233
212.629631 63.001709
211.868249 63.924714
211.105124 64.821249
210.340254 65.691313
209.573641 66.534907
208.805284 67.352031
208.035184 68.142684
207.263340 68.906867
206.489752 69.644579
205.714420 70.355820
204.937344 71.040592
204.158525 71.698893
203.377962 72.330723
202.595656 72.936083
201.811605 73.514973
201.025811 74.067392
200.238274 74.593340
199.448992 75.092819
198.657967 75.565827
197.865198 76.012364
197.070685 76.432431
196.274429 76.826027
195.476429 77.193153
194.676685 77.533809
193.875197 77.847994
193.071966 78.135709
192.266991 78.396953
191.460272 78.631727
190.651810 78.840030
189.841604 79.021863
189.029654 79.177226
188.215960 79.306118
187.400523 79.408540
186.583342 79.484491
185.764417 79.533972
184.943748 79.556982
184.121336 79.553522
183.297180 79.523591
182.471280 79.467190
181.643637 79.384319
180.814250 79.274977
179.983119 79.139165
179.150244 78.976882
178.315626 78.788129
177.479264 78.572905
176.641158 78.331211
175.801309 78.063047
174.959715 77.768412
174.116378 77.447307
173.271298 77.099731
172.424473 76.725684
171.575905 76.325168
170.725593 75.898181
169.873538 75.444723
169.019739 74.964795
168.164196 74.458397
167.306909 73.925528
166.447878 73.366188
165.587104 72.780379
164.724586 72.168099
163.860325 71.529348
162.994319 70.864127
162.126570 70.172435
161.257077 69.454273
160.385841 68.709641
159.512861 67.938538
158.638137 67.140965
157.761669 66.316921
156.883458 65.466407
156.003502 64.589422
155.121804 63.685967
154.238361 62.756042
153.353175 61.799646
152.466245 60.816780
151.577571 59.807443
150.687153 58.771636
149.794992 57.709358
148.901087 56.620610
148.005439 55.505391
147.108046 54.363702
146.208910 53.195543
145.308030 52.000913
144.405407 50.779813
143.501040 49.532242
142.594929 48.258201
141.687074 46.957689
140.777475 45.630707
139.866133 44.277255
138.953047 42.897332
138.038218 41.490938
137.121644 40.058075
136.203327 38.598740
135.283267 37.112936
134.361462 35.600661
133.437914 34.061915
132.512622 32.496699
131.585586 30.905013
130.656807 29.286856
129.726284 27.642228
128.794017 25.971131
127.860006 24.273562
126.924252 22.549524
125.986754 20.799015
125.047512 19.022035
124.106527 17.218585
123.163798 15.388665
122.219325 13.532274
121.274457 11.655325
120.337291 9.793294
119.409175 7.952091
118.490110 6.131719
117.580095 4.332176
116.679130 2.553462
115.787216 0.795578
114.904353 -0.941476
114.030540 -2.657701
113.165777 -4.353096
112.310065 -6.027662
111.463403 -7.681398
110.625791 -9.314304
109.797230 -10.926381
108.977719 -12.517629
108.167259 -14.088047
107.365850 -15.637635
106.573490 -17.166394
105.790181 -18.674323
105.015923 -20.161422
104.250715 -21.627692
103.494557 -23.073133
102.747450 -24.497744
102.009393 -25.901525
101.280387 -27.284477
100.560431 -28.646599
99.849526 -29.987892
99.147671 -31.308355
98.454866 -32.607989
97.771112 -33.886793
97.096408 -35.144767
96.430755 -36.381912
95.774152 -37.598227
95.126600 -38.793713
94.488098 -39.968369
93.858646 -41.122196
93.238245 -42.255193
92.626894 -43.367361
92.024594 -44.458699
91.431344 -45.529207
90.847145 -46.578886
90.271996 -47.607735
89.705897 -48.615755
89.148849 -49.602945
88.600851 -50.569306
88.061904 -51.514837
87.532007 -52.439538
87.011161 -53.343410
86.499365 -54.226452
85.996619 -55.088665
85.502924 -55.930048
85.018279 -56.750602
84.542685 -57.550326
84.076141 -58.329221
83.618648 -59.087286
83.170205 -59.824521
82.730812 -60.540927
82.300470 -61.236503
81.879179 -61.911250
81.466937 -62.565167
81.063746 -63.198255
80.669606 -63.810513
80.284516 -64.401941
79.908477 -64.972540
79.541488 -65.522310
79.183549 -66.051250
78.834661 -66.559360
78.494823 -67.046641
78.164035 -67.513092
77.842299 -67.958713
77.529612 -68.383505
77.225976 -68.787468
76.931390 -69.170601
76.645855 -69.532904
76.369370 -69.874378
76.101936 -70.195022
75.843552 -70.494837
75.594218 -70.773822
75.353935 -71.031977
75.122703 -71.269303
74.900521 -71.485800
74.687389 -71.681466
74.483307 -71.856304
74.288276 -72.010312
74.102296 -72.143490
73.925366 -72.255838
73.757486 -72.347357
73.598657 -72.418047
73.448878 -72.467907
73.308150 -72.496937
73.176472 -72.505138
73.053845 -72.492509
72.940268 -72.459051
72.835741 -72.404763
72.740265 -72.329646
72.653839 -72.233699
72.576464 -72.116922
72.508139 -71.979316
72.448864 -71.820880
72.398640 -71.641615
72.357467 -71.441520
72.325344 -71.220596
72.302271 -70.978842
72.288248 -70.716258
72.283277 -70.432845
72.287355 -70.128603
72.300484 -69.803531
72.322664 -69.457629
72.353893 -69.090898
72.394174 -68.703337
72.443504 -68.294946
72.501885 -67.865726
72.569317 -67.415677
72.645799 -66.944798
72.731331 -66.453089
72.825914 -65.940551
72.929548 -65.407183
73.042231 -64.852986
73.163965 -64.277959
73.294750 -63.682102
73.434585 -63.065416
73.583470 -62.427901
73.741406 -61.769556
73.908393 -61.090381
74.084429 -60.390377
74.264328 -59.675792
74.435405 -58.961902
74.597085 -58.249402
74.749366 -57.538292
74.892250 -56.828570
75.025736 -56.120239
75.149824 -55.413297
75.264515 -54.707744
75.369807 -54.003581
75.465702 -53.300807
75.552199 -52.599422
75.629298 -51.899428
75.696999 -51.200822
75.755303 -50.503606
75.804208 -49.807780
75.843716 -49.113343
75.873826 -48.420296
75.894538 -47.728638
75.905853 -47.038369
75.907769 -46.349490
75.900288 -45.662001
75.883409 -44.975900
75.857132 -44.291190
75.821458 -43.607869
75.776385 -42.925937
75.721915 -42.245395
75.658047 -41.566242
75.584781 -40.888479
75.502117 -40.212105
75.410055 -39.537121
75.308596 -38.863526
75.197739 -38.191321
75.077484 -37.520505
74.947831 -36.851079
74.808780 -36.183042
74.660332 -35.516394
74.502485 -34.851136
74.335241 -34.187268
74.158599 -33.524789
73.972559 -32.863699
73.777122 -32.203999
73.572286 -31.545689
73.358053 -30.888768
73.134422 -30.233236
72.901393 -29.579094
72.658967 -28.926341
72.407142 -28.274978
72.145920 -27.625004
71.875300 -26.976420
71.595282 -26.329225
71.305866 -25.683420
71.007053 -25.039004
70.698841 -24.395978
70.381232 -23.754341
70.054225 -23.114093
69.717820 -22.475235
69.372018 -21.837767
69.016817 -21.201688
68.652219 -20.566999
68.278223 -19.933699
67.894829 -19.301788
67.502037 -18.671267
67.099847 -18.042135
66.688260 -17.414393
66.267275 -16.788041
65.836892 -16.163077
65.397111 -15.539504
64.947932 -14.917319
64.489356 -14.296525
64.021382 -13.677119
63.544010 -13.059104
63.057240 -12.442477
62.561072 -11.827240
62.055507 -11.213393
61.540543 -10.600935
61.016182 -9.989867
60.482423 -9.380188
59.939266 -8.771898
59.386712 -8.164998
58.824759 -7.559488
58.253409 -6.955367
57.672661 -6.352635
57.082515 -5.751293
56.482971 -5.151341
55.874030 -4.552777
55.255690 -3.955604
54.627953 -3.359820
53.990818 -2.765425
53.344286 -2.172420
52.688355 -1.580804
52.023027 -0.990578
51.348300 -0.401741
50.664176 0.185707
49.970654 0.771764
49.267735 1.356433
48.555417 1.939712
47.833702 2.521601
47.102589 3.102101
46.362078 3.681212
45.612169 4.258933
44.852862 4.835264
44.084158 5.410206
43.306056 5.983759
42.518556 6.555922
41.721658 7.126696
40.915362 7.696080
40.099669 8.264074
39.274577 8.830680
38.440088 9.395895
37.596201 9.959722
36.742917 10.522158
35.880234 11.083206
35.008154 11.642863
34.126675 12.201132
33.235799 12.758011
32.335526 13.313500
31.425854 13.867600
30.506785 14.420311
29.578317 14.971632
28.640452 15.521563
27.693189 16.070105
26.736528 16.617258
25.770470 17.163021
24.795014 17.707394
23.810159 18.250378
