297.007097 -42.270370
295.540641 -38.355188
294.080173 -34.494447
292.625695 -30.688146
291.177207 -26.936285
289.734707 -23.238864
288.298197 -19.595883
286.867676 -16.007342
285.443145 -12.473241
284.024602 -8.993580
282.612050 -5.568359
281.205486 -2.197578
279.804912 1.118764
278.410327 4.380665
277.021731 7.588126
275.639125 10.741147
274.262507 13.839728
272.891880 16.883869
271.527241 19.873570
270.168592 22.808831
268.815932 25.689652
267.469262 28.516033
266.128580 31.287973
264.793888 34.005474
263.465186 36.668535
262.142472 39.277156
260.825748 41.831337
259.515014 44.331078
258.210268 46.776379
256.911512 49.167240
255.618745 51.503661
254.331968 53.785642
253.051179 56.013183
251.776381 58.186283
250.507571 60.304944
249.244751 62.369165
247.987920 64.378946
246.737078 66.334287
245.492226 68.235188
244.253362 70.081648
243.020489 71.873669
241.793604 73.611250
240.572709 75.294391
239.357803 76.923091
238.148887 78.497352
236.945959 80.017173
235.749021 81.482554
234.558073 82.893494
233.373113 84.249995
232.194143 85.552056
231.021163 86.799677
229.854171 87.992857
228.693169 89.131598
227.538156 90.215899
226.389133 91.245759
225.246098 92.221180
224.109054 93.142161
222.977998 94.008701
221.852932 94.820802
220.733855 95.578463
219.620767 96.281683
218.513669 96.930464
217.412559 97.524804
216.317440 98.064705
215.228309 98.550166
214.145168 98.981186
213.068016 99.357767
211.996854 99.679907
210.931680 99.947608
209.872496 100.160868
208.819302 100.319689
207.772096 100.424069
206.730880 100.474010
205.695654 100.469511
204.666416 100.410571
203.643168 100.297191
202.625909 100.129372
201.614640 99.907112
200.609359 99.630413
199.610069 99.299273
198.616767 98.913694
197.629455 98.473674
196.648132 97.979215
195.672798 97.430315
194.703454 96.826976
193.740098 96.169196
192.782733 95.456976
191.831356 94.690317
190.885969 93.869217
189.946571 92.993677
189.013163 92.063698
188.085743 91.079278
187.164313 90.040418
186.248873 88.947119
185.339421 87.799379
184.435959 86.597199
183.538487 85.340580
182.647003 84.029520
181.761509 82.664020
180.882004 81.244081
180.008489 79.769701
179.140962 78.240881
178.279425 76.657621
177.423878 75.019922
176.574320 73.327782
175.730751 71.581202
174.893171 69.780182
174.061580 67.924723
173.235979 66.014823
172.416368 64.050483
171.602745 62.031703
170.795112 59.958483
169.993468 57.830823
169.197813 55.648724
168.408148 53.412184
167.624472 51.121204
166.846786 48.775784
166.075088 46.375924
165.309380 43.921624
164.549661 41.412884
163.795932 38.849704
163.048192 36.232085
162.306441 33.560025
161.570679 30.833525
160.840907 28.052585
160.117073 25.220008
159.398053 22.397460
158.683388 19.610170
157.973076 16.858136
157.267119 14.141359
156.565516 11.459838
155.868267 8.813574
155.175372 6.202567
154.486832 3.626817
153.802646 1.086323
153.122814 -1.418913
152.447336 -3.888893
151.776213 -6.323617
151.109443 -8.723083
150.447028 -11.087293
149.788967 -13.416247
149.135261 -15.709943
148.485908 -17.968383
147.840910 -20.191566
147.200266 -22.379492
146.563976 -24.532161
145.932041 -26.649574
145.304459 -28.731730
144.681232 -30.778630
144.062359 -32.790272
143.447841 -34.766658
142.837676 -36.707787
142.231866 -38.613660
141.630410 -40.484275
141.033308 -42.319634
140.440561 -44.119736
139.852167 -45.884582
139.268128 -47.614171
138.688443 -49.308503
138.113112 -50.967578
137.542136 -52.591396
136.975514 -54.179958
136.413246 -55.733263
135.855332 -57.251312
135.301772 -58.734103
134.752567 -60.181638
134.207716 -61.593916
133.667219 -62.970938
133.131076 -64.312703
132.599287 -65.619211
132.071853 -66.890462
131.548773 -68.126456
131.030047 -69.327194
130.515675 -70.492675
130.005658 -71.622900
129.499995 -72.717867
128.998686 -73.777578
128.501731 -74.802032
128.009131 -75.791229
127.520884 -76.745170
127.036992 -77.663854
126.557454 -78.547281
126.082271 -79.395452
125.611441 -80.208366
125.144966 -80.986023
124.682845 -81.728423
124.225078 -82.435566
123.771665 -83.107453
123.322607 -83.744083
122.877903 -84.345457
122.437553 -84.911573
122.001557 -85.442433
121.569916 -85.938036
121.142629 -86.398383
120.719695 -86.823472
120.301117 -87.213305
119.886892 -87.567882
119.477022 -87.887201
119.071505 -88.171264
118.670343 -88.420070
118.273536 -88.633619
117.881082 -88.811912
117.492983 -88.954948
117.109238 -89.062727
116.729847 -89.135249
116.354810 -89.172515
115.984128 -89.174524
115.617800 -89.141276
115.255826 -89.072772
114.898206 -88.969010
114.544940 -88.829992
114.196029 -88.655718
113.851472 -88.446186
113.511269 -88.201398
113.175420 -87.921353
112.843926 -87.606051
112.516786 -87.255493
112.194000 -86.869678
111.875568 -86.448606
111.561490 -85.992278
111.251767 -85.500692
110.946398 -84.973850
110.645383 -84.411751
110.348722 -83.814396
110.056416 -83.181784
109.768463 -82.513915
109.484865 -81.810789
109.205622 -81.072407
108.930732 -80.298768
108.660197 -79.489872
108.394015 -78.645719
108.132188 -77.766310
107.874716 -76.851644
107.621597 -75.901721
107.372833 -74.916541
107.128423 -73.896105
106.888367 -72.840412
106.652665 -71.749462
106.421318 -70.623256
106.194325 -69.461793
105.971686 -68.265073
105.753401 -67.033096
105.539470 -65.765863
105.329894 -64.463373
105.124672 -63.125626
104.923804 -61.752622
104.727290 -60.344362
104.535131 -58.900845
104.347326 -57.422071
104.163875 -55.908041
103.984214 -54.365201
103.804961 -52.832241
103.625551 -51.315608
103.445984 -49.815301
103.266262 -48.331322
103.086382 -46.863669
102.906346 -45.412343
102.726154 -43.977344
102.545805 -42.558672
102.365300 -41.156327
102.184638 -39.770309
102.003819 -38.400617
101.822844 -37.047253
101.641713 -35.710215
101.460425 -34.389505
101.278980 -33.085121
101.097379 -31.797064
100.915622 -30.525334
100.733708 -29.269931
100.551637 -28.030855
100.369410 -26.808106
100.187027 -25.601684
100.004487 -24.411588
99.821790 -23.237820
99.638937 -22.080378
99.455927 -20.939263
99.272761 -19.814476
99.089439 -18.706015
98.905959 -17.613881
98.722324 -16.538074
98.538531 -15.478593
98.354583 -14.435440
98.170478 -13.408614
97.986216 -12.398114
97.801798 -11.403941
97.617223 -10.426096
97.432492 -9.464577
97.247604 -8.519385
97.062560 -7.590520
96.877359 -6.677982
96.692001 -5.781771
96.506488 -4.901886
96.320817 -4.038329
96.134990 -3.191098
95.949007 -2.360195
95.762867 -1.545618
95.576571 -0.747368
95.390118 0.034555
95.203508 0.800151
95.016743 1.549420
94.829820 2.282362
94.642741 2.998977
94.455506 3.699266
94.268114 4.383227
94.080565 5.050862
93.892860 5.702170
93.704999 6.337150
93.516981 6.955804
93.328806 7.558131
93.140475 8.144131
92.951987 8.713805
92.763343 9.267151
92.574543 9.804170
92.385586 10.324863
92.196472 10.829228
92.007202 11.317267
91.817775 11.788979
91.628192 12.244364
91.438452 12.683422
91.248556 13.106153
91.058503 13.512557
90.868294 13.902635
90.677929 14.276385
90.487406 14.633808
90.296728 14.974905
90.105892 15.299675
89.914901 15.608118
89.723752 15.900234
89.532447 16.176023
89.340986 16.435485
89.149368 16.678620
88.957594 16.905428
88.765663 17.115910
88.573576 17.310064
88.381332 17.487892
88.188931 17.649392
87.996375 17.794566
87.803661 17.923413
87.610791 18.035933
87.417765 18.132126
87.224582 18.211992
87.031242 18.275532
86.837746 18.322744
86.644094 18.353630
86.450285 18.368188
86.256319 18.366420
86.062197 18.348325
85.867919 18.313903
85.673484 18.263154
85.478892 18.196078
85.284144 18.112675
85.089239 18.012945
84.894178 17.896889
84.698961 17.764505
84.503586 17.615795
84.308056 17.450758
84.112369 17.269393
83.916525 17.071702
83.720525 16.857684
83.524368 16.627339
83.328055 16.380668
83.131585 16.117669
82.934959 15.838343
82.738176 15.542691
82.541237 15.230711
82.344141 14.902405
82.146889 14.557772
81.949480 14.196812
81.751915 13.819525
81.554193 13.425911
81.356314 13.015970
81.158280 12.589702
80.960088 12.147108
80.761740 11.688186
80.563236 11.212938
80.363685 10.727841
80.160913 10.248731
79.954820 9.776327
79.745407 9.310630
79.532674 8.851640
79.316620 8.399357
79.097246 7.953780
78.874551 7.514910
78.648536 7.082746
78.419201 6.657290
78.186545 6.238540
77.950569 5.826496
77.711273 5.421160
77.468656 5.022530
77.222719 4.630606
76.973461 4.245390
76.720883 3.866880
76.464985 3.495077
76.205766 3.129980
75.943227 2.771590
75.677367 2.419907
75.408188 2.074931
75.135687 1.736661
74.859867 1.405098
74.580726 1.080241
74.298264 0.762092
74.012482 0.450649
73.723380 0.145912
73.430958 -0.152117
73.135215 -0.443440
72.836151 -0.728057
72.533768 -1.005966
72.228063 -1.277169
71.919039 -1.541665
71.606694 -1.799455
71.291029 -2.050538
70.972043 -2.294914
70.649737 -2.532583
70.324111 -2.763546
69.995164 -2.987802
69.662897 -3.205351
69.327309 -3.416194
68.988401 -3.620330
68.646173 -3.817760
68.300624 -4.008482
67.951755 -4.192498
67.599566 -4.369807
67.244056 -4.540410
66.885226 -4.704306
66.523075 -4.861495
66.157604 -5.011978
65.788813 -5.155753
65.416701 -5.292823
65.041269 -5.423185
64.662517 -5.546841
64.280444 -5.663790
63.895050 -5.774032
63.506337 -5.877568
63.114303 -5.974397
62.718948 -6.064519
62.320274 -6.147935
61.918278 -6.224644
61.512963 -6.294646
61.104327 -6.357942
60.692371 -6.414531
60.277094 -6.464413
59.858497 -6.507588
59.436579 -6.544057
59.011341 -6.573819
58.582783 -6.596875
58.150905 -6.613224
57.715706 -6.622866
57.277186 -6.625801
56.835346 -6.622030
56.390186 -6.611552
55.941706 -6.594367
55.489905 -6.570476
55.034784 -6.539878
54.576342 -6.502573
54.114580 -6.458562
53.649497 -6.407844
53.181095 -6.350419
52.709371 -6.286287
52.234328 -6.215449
51.755964 -6.137904
51.274279 -6.053653
50.789275 -5.962695
50.300950 -5.865030
49.809304 -5.760658
49.314338 -5.649580
48.816052 -5.531795
48.314445 -5.407303
47.809518 -5.276105
47.301271 -5.138200
46.789703 -4.993588
46.274815 -4.842270
45.756606 -4.684244
45.235078 -4.519513
44.710228 -4.348074
44.182059 -4.169929
43.650568 -3.985077
43.115758 -3.793519
42.577627 -3.595253
42.036176 -3.390281
41.491404 -3.178603
40.943312 -2.960218
40.391900 -2.735126
39.837167 -2.503327
39.279114 -2.264822
38.717741 -2.019610
38.153047 -1.767691
37.585032 -1.509065
37.013698 -1.243733
36.439043 -0.971694
35.861067 -0.692949
35.279772 -0.407497
34.695155 -0.115338
34.107219 0.183528
33.515962 0.489100
32.921385 0.801379
32.323487 1.120364
31.722269 1.446057
31.117730 1.778456
30.509871 2.117561
29.898692 2.463374
