168.365086 248.300620
169.422161 242.010370
170.467832 235.777177
171.502099 229.601040
172.524963 223.481960
173.536423 217.419936
174.536480 211.414969
175.525132 205.467058
176.502382 199.576204
177.468228 193.742407
178.422670 187.965666
179.365708 182.245981
180.297343 176.583353
181.217574 170.977781
182.126402 165.429266
183.023826 159.937808
183.909847 154.503406
184.784464 149.126060
185.647677 143.805771
186.499487 138.542539
187.339893 133.336363
188.168895 128.187243
188.986494 123.095180
189.792689 118.060174
190.587481 113.082224
191.370869 108.161331
192.142853 103.297494
192.903434 98.490714
193.652611 93.740990
194.390385 89.048322
195.116754 84.412712
195.831721 79.834157
196.535284 75.312659
197.227443 70.848218
197.908198 66.440833
198.577550 62.090505
199.235498 57.797233
199.882043 53.561018
200.517184 49.381860
201.140921 45.259757
201.753255 41.194712
202.354186 37.186723
202.943712 33.235790
203.521835 29.341914
204.088555 25.505094
204.643870 21.725331
205.187783 18.002625
205.720291 14.336975
206.241396 10.728381
206.751098 7.176844
207.249395 3.682363
207.736289 0.244939
208.211780 -3.135428
208.675867 -6.458739
209.128550 -9.724993
209.569830 -12.934191
209.999706 -16.086333
210.418178 -19.181418
210.825247 -22.219446
211.220913 -25.200418
211.605174 -28.124333
211.978032 -30.991192
212.339487 -33.800995
212.689537 -36.553740
213.028185 -39.249430
213.355428 -41.888062
213.671268 -44.469639
213.975705 -46.994159
214.268737 -49.461622
214.550367 -51.872028
214.820592 -54.225379
215.079414 -56.521672
215.326832 -58.760910
215.562847 -60.943090
215.787458 -63.068214
216.000666 -65.136282
216.202470 -67.147293
216.392870 -69.101248
216.571867 -70.998146
216.739460 -72.837987
216.895649 -74.620773
217.040435 -76.346501
217.173817 -78.015173
217.295796 -79.626789
217.406371 -81.181348
217.505542 -82.678850
217.593310 -84.119296
217.669674 -85.502686
217.734635 -86.829019
217.788192 -88.098295
217.830345 -89.310515
217.861095 -90.465678
217.880441 -91.563785
217.888384 -92.604836
217.884922 -93.588829
217.870058 -94.515767
217.843789 -95.385648
217.806118 -96.198472
217.757042 -96.954240
217.696563 -97.652951
217.624680 -98.294606
217.541394 -98.879204
217.446704 -99.406746
217.340610 -99.877231
217.223113 -100.290660
217.094212 -100.647032
216.953908 -100.946347
216.802200 -101.188607
216.639088 -101.373809
216.464573 -101.501955
216.278654 -101.573045
216.081332 -101.587078
215.872606 -101.544055
215.652476 -101.443975
215.420943 -101.286838
215.178006 -101.072645
214.923665 -100.801396
214.657921 -100.473090
214.380774 -100.087727
214.092222 -99.645308
213.792267 -99.145833
213.480909 -98.589301
213.158147 -97.975712
212.823981 -97.305067
212.478412 -96.577366
212.121731 -95.794568
211.760369 -94.999805
211.396957 -94.210722
211.031495 -93.427318
210.663983 -92.649594
210.294421 -91.877548
209.922808 -91.111183
209.549145 -90.350496
209.173432 -89.595489
208.795669 -88.846162
208.415855 -88.102514
208.033992 -87.364545
207.650078 -86.632255
207.264113 -85.905645
206.876099 -85.184715
206.486034 -84.469464
206.093920 -83.759892
205.699754 -83.055999
205.303539 -82.357786
204.905274 -81.665253
204.504958 -80.978398
204.102592 -80.297224
203.698176 -79.621728
203.291709 -78.951912
202.883193 -78.287775
202.472626 -77.629318
202.060009 -76.976540
201.645342 -76.329442
201.228624 -75.688022
200.809856 -75.052283
200.389039 -74.422222
199.966170 -73.797841
199.541252 -73.179140
199.114283 -72.566118
198.685265 -71.958775
198.254196 -71.357111
197.821076 -70.761127
197.385907 -70.170823
196.948687 -69.586198
196.509417 -69.007252
196.068097 -68.433985
195.624727 -67.866398
195.179306 -67.304491
194.731835 -66.748262
194.282314 -66.197713
193.830743 -65.652844
193.377122 -65.113654
192.921450 -64.580143
192.463728 -64.052312
192.003956 -63.530160
191.542134 -63.013687
191.078261 -62.502894
190.612338 -61.997781
190.144365 -61.498346
189.674342 -61.004591
189.202269 -60.516516
188.728145 -60.034119
188.251971 -59.557403
187.773747 -59.086365
187.293473 -58.621007
186.811148 -58.161329
186.326773 -57.707329
185.840348 -57.259010
185.351873 -56.816369
184.861348 -56.379408
184.368772 -55.948126
183.874146 -55.522524
183.377470 -55.102601
182.878744 -54.688358
182.377967 -54.279794
181.875141 -53.876909
181.370264 -53.479704
180.863336 -53.088178
180.354359 -52.702331
179.843331 -52.322164
179.330254 -51.947676
178.815126 -51.578868
178.297947 -51.215739
177.778719 -50.858289
177.257440 -50.506519
176.734111 -50.160428
176.208732 -49.820017
175.681303 -49.485285
175.151823 -49.156232
174.620293 -48.832859
174.086713 -48.515165
173.551083 -48.203151
173.013402 -47.896816
172.473672 -47.596160
171.931891 -47.301184
171.388060 -47.011887
170.842178 -46.728269
170.294247 -46.450331
169.744265 -46.178073
169.192233 -45.911493
168.638151 -45.650593
168.082018 -45.395373
167.523835 -45.145832
166.963603 -44.901970
166.401319 -44.663787
165.836986 -44.431284
165.270603 -44.204461
164.702169 -43.983317
164.131685 -43.767852
163.559151 -43.558066
162.984566 -43.353960
162.407931 -43.155534
161.829247 -42.962787
161.248511 -42.775719
160.665726 -42.594330
160.080891 -42.418621
159.494005 -42.248592
158.905069 -42.084241
158.314083 -41.925570
157.721046 -41.772579
157.125960 -41.625267
156.528823 -41.483634
155.929636 -41.347681
155.328398 -41.217407
154.725111 -41.092812
154.119773 -40.973897
153.512385 -40.860661
152.902947 -40.753105
152.291458 -40.651228
151.677920 -40.555030
151.062832 -40.463121
150.449201 -40.367156
149.837527 -40.265744
149.227812 -40.158885
148.620053 -40.046579
148.014253 -39.928826
147.410410 -39.805627
146.808525 -39.676980
146.208598 -39.542887
145.610628 -39.403346
145.014616 -39.258359
144.420561 -39.107924
143.828465 -38.952043
143.238326 -38.790715
142.650144 -38.623940
142.063921 -38.451718
141.479655 -38.274049
140.897346 -38.090933
140.316996 -37.902370
139.738603 -37.708360
139.162167 -37.508904
138.587690 -37.304000
138.015170 -37.093650
137.444608 -36.877852
136.876003 -36.656608
136.309356 -36.429917
135.744667 -36.197778
135.181935 -35.960193
134.621162 -35.717161
134.062345 -35.468682
133.505487 -35.214756
132.950586 -34.955384
132.397643 -34.690564
131.846657 -34.420297
131.297630 -34.144584
130.750559 -33.863423
130.205447 -33.576816
129.662292 -33.284761
129.121095 -32.987260
128.581856 -32.684312
128.044574 -32.375917
127.509250 -32.062075
126.975884 -31.742786
126.444475 -31.418050
125.915024 -31.087867
125.387531 -30.752238
124.861995 -30.411161
124.338417 -30.064638
123.816797 -29.712667
123.297134 -29.355250
122.779429 -28.992385
122.263682 -28.624074
121.749892 -28.250316
121.238060 -27.871111
120.728186 -27.486459
120.220270 -27.096360
119.714311 -26.700814
119.210309 -26.299821
118.708266 -25.893382
118.208180 -25.481495
117.710052 -25.064161
117.213881 -24.641381
116.719669 -24.213154
116.227413 -23.779479
115.737116 -23.340358
115.248776 -22.895790
114.762394 -22.445775
114.277970 -21.990313
113.795503 -21.529404
113.314994 -21.063048
112.836443 -20.591245
112.359849 -20.113996
111.885213 -19.631299
111.412534 -19.143156
110.941814 -18.649565
110.473051 -18.150528
110.006245 -17.646043
109.541398 -17.136112
109.078508 -16.620734
108.617576 -16.099909
108.158601 -15.573637
107.701584 -15.041918
107.246525 -14.504752
106.793423 -13.962139
106.342279 -13.414080
105.893093 -12.860573
105.445864 -12.301620
105.000594 -11.737219
104.557280 -11.167372
104.115925 -10.592078
103.676527 -10.011336
103.239087 -9.425148
102.803604 -8.833513
102.370080 -8.236431
101.938513 -7.633902
101.508903 -7.025927
101.081251 -6.412504
100.655557 -5.793634
100.231821 -5.169318
99.810042 -4.539554
99.390221 -3.904344
98.972358 -3.263686
98.556452 -2.617582
98.142504 -1.966031
97.730514 -1.309033
97.320481 -0.646588
96.912406 0.021304
96.506289 0.694643
96.102129 1.373429
95.699927 2.057662
95.299683 2.747341
94.901396 3.442468
94.505067 4.143042
94.110696 4.849062
93.718283 5.560529
93.327827 6.277444
92.939328 6.999805
92.552788 7.727613
92.168205 8.460868
91.785580 9.199570
91.404912 9.943719
91.026203 10.693315
90.649450 11.448357
90.274656 12.208847
89.901819 12.974783
89.529897 13.740797
89.156338 14.493761
88.781027 15.233079
88.403963 15.958750
88.025147 16.670775
87.644579 17.369154
87.262258 18.053887
86.878185 18.724974
86.492360 19.382414
86.104783 20.026208
85.715453 20.656356
85.324371 21.272857
84.931536 21.875713
84.536949 22.464922
84.140610 23.040485
83.742519 23.602401
83.342675 24.150672
82.941079 24.685296
82.537730 25.206274
82.132630 25.713605
81.725776 26.207291
81.317171 26.687330
80.906813 27.153723
80.494703 27.606469
80.080841 28.045570
79.665226 28.471024
79.247859 28.882832
78.828740 29.280994
78.407868 29.665509
77.985244 30.036379
77.560868 30.393602
77.134739 30.737178
76.706858 31.067109
76.277225 31.383393
75.845839 31.686031
75.412701 31.975023
74.977811 32.250369
74.541168 32.512068
74.102773 32.760121
73.662626 32.994528
73.220726 33.215289
72.777074 33.422403
72.331670 33.615871
71.884514 33.795693
71.435605 33.961869
70.984943 34.114398
70.532530 34.253281
70.078364 34.378518
69.622446 34.490109
69.164775 34.588054
68.705353 34.672352
68.244177 34.743004
67.781250 34.800010
67.316570 34.843369
66.850138 34.873082
66.381953 34.889149
65.912017 34.891570
65.440328 34.880345
64.966886 34.855473
64.491692 34.816955
64.014746 34.764791
63.536048 34.698981
63.055597 34.619524
62.573394 34.526421
62.089439 34.419672
61.603731 34.299277
61.116271 34.165235
60.627059 34.017547
60.136094 33.856213
59.643377 33.681233
59.148908 33.492606
58.652686 33.290333
58.154712 33.074414
57.654986 32.844849
57.153507 32.601638
56.650276 32.344780
56.145293 32.074276
55.638557 31.790126
55.130069 31.492329
54.619829 31.180886
54.107836 30.855798
53.594091 30.517062
53.078594 30.164681
52.561345 29.798653
52.042343 29.418979
51.521589 29.025659
50.999082 28.618693
50.474823 28.198080
49.948812 27.763821
49.421048 27.315916
48.891533 26.854365
48.360264 26.379167
47.827244 25.890324
47.292471 25.387833
46.755946 24.871697
46.217669 24.341915
45.677639 23.798486
45.135857 23.241411
44.592322 22.670690
44.047036 22.086322
43.499996 21.488308
42.951205 20.876648
42.400661 20.251342
41.848365 19.612390
41.294317 18.959791
40.738516 18.293546
40.180963 17.613655
39.621658 16.920118
39.060600 16.212934
38.497790 15.492104
37.933228 14.757628
37.366913 14.009506
36.798846 13.247737
36.229027 12.472322
35.657455 11.683261
35.084131 10.880554
34.509055 10.064200
33.932226 9.234200
33.353646 8.390554
32.773312 7.533262
32.191227 6.662324
31.607389 5.777739
31.021799 4.879508
30.434456 3.967631
29.845361 3.042107
